autotest/output/original/cli_domainAverage_diurnal/mackay_270_10_09-23-2011_1330_250m_ang.asc
ncols	81
nrows	99
xllcorner	280635.000000
yllcorner	4852245.000000
cellsize	250.000000
NODATA_value	-9999.000000
[rows 0 to 48 of 99, columns 0 to 80 of 81]
270 266 265 265 265 255 253 253 263 263 250 258 259 258 256 268 250 251 255 254 257 258 266 254 245 253 258 253 248 249 263 266 260 254 254 261 275 289 269 262 272 282 283 299 281 264 265 264 261 277 290 293 270 282 291 301 309 295 256 253 249 268 277 287 308 302 282 249 237 232 254 274 277 271 267 269 276 289 286 282 264
266 265 265 265 265 256 255 253 263 262 255 266 259 257 268 252 268 269 253 271 250 256 264 252 257 252 252 250 249 253 262 268 266 258 267 274 288 304 303 267 254 263 269 297 303 275 269 267 270 285 275 268 253 245 246 278 293 291 276 262 258 251 264 272 275 290 278 254 229 230 261 271 277 276 283 293 299 293 285 279 276
265 264 265 265 264 264 254 264 263 262 258 261 257 268 254 251 267 268 269 269 270 251 258 263 247 240 247 251 252 262 267 272 269 274 277 280 282 296 311 294 273 262 275 278 318 301 268 261 267 273 265 248 289 263 251 236 260 275 277 266 263 263 250 250 271 269 260 243 233 241 263 276 286 293 302 294 284 293 279 275 270
264 265 265 264 264 264 263 263 263 263 260 259 256 254 272 252 266 267 267 267 248 268 268 258 246 241 256 260 260 265 265 268 274 279 282 280 288 297 303 307 296 275 266 286 294 310 286 272 275 276 275 276 295 287 277 244 228 256 263 249 259 251 254 254 261 262 245 241 255 260 274 286 303 307 290 280 274 294 275 271 269
264 265 265 265 265 264 263 263 261 264 266 259 255 272 272 252 265 265 266 266 266 248 271 268 263 260 256 251 250 252 256 264 266 272 274 278 287 288 300 299 305 290 275 265 274 311 298 282 273 271 267 274 293 265 253 241 245 229 233 207 245 255 252 261 268 261 264 263 276 279 286 283 284 278 272 269 267 310 270 276 275
264 265 265 265 264 264 263 263 262 265 266 257 254 272 252 252 251 265 265 246 254 247 271 275 278 266 261 251 244 244 244 245 249 246 260 269 274 287 287 294 296 292 288 276 287 301 303 295 276 250 259 265 277 294 302 230 243 234 216 205 238 253 250 255 262 285 314 312 289 278 259 257 258 265 267 267 270 306 279 287 286
270 266 265 264 264 263 262 269 262 265 264 264 271 265 266 264 252 264 269 264 256 271 242 278 266 267 278 256 255 253 253 250 244 237 243 250 264 266 286 307 302 291 288 295 292 298 310 300 277 257 239 248 263 272 282 299 204 220 218 226 249 254 255 265 279 283 291 302 299 287 258 252 262 269 268 265 265 304 301 265 265
270 265 264 264 263 263 262 269 262 264 264 266 269 273 273 263 262 262 264 264 257 272 266 277 281 266 279 276 263 262 259 253 250 248 247 247 243 262 262 287 304 286 283 293 299 302 300 300 293 283 258 248 238 233 226 237 170 192 219 246 251 250 251 255 262 263 247 284 291 293 279 250 268 263 253 239 224 243 255 262 256
265 264 264 263 263 262 262 269 269 269 266 268 271 273 273 262 263 263 263 264 265 265 268 276 278 281 279 280 280 268 263 255 251 248 248 251 246 244 262 265 290 288 278 285 299 295 292 292 272 291 258 246 235 232 220 210 162 164 225 250 256 260 267 269 269 263 264 274 283 300 301 264 253 248 241 261 256 260 247 268 278
271 264 263 263 263 262 261 268 262 268 271 273 268 272 269 262 264 263 264 264 271 267 265 276 277 279 269 280 281 270 265 259 254 252 254 255 254 254 251 258 283 285 266 278 289 299 283 275 290 264 259 243 231 229 217 197 165 168 232 252 260 267 277 277 274 242 261 278 285 302 307 289 269 247 251 278 284 264 257 262 273
271 270 270 264 263 262 269 262 268 271 273 272 270 269 267 263 264 264 264 265 272 272 274 276 276 277 279 279 280 280 268 266 263 265 265 259 259 261 259 253 237 237 262 263 258 263 251 242 243 258 252 245 226 220 213 208 170 181 240 255 260 274 278 278 268 253 262 281 286 288 298 289 270 257 260 279 298 298 265 248 272
270 270 271 265 262 261 262 268 271 272 271 268 271 266 260 262 263 263 263 271 273 273 274 265 277 277 278 278 280 280 271 271 270 268 262 261 262 262 264 258 242 238 262 260 249 242 239 245 240 233 240 252 255 221 207 194 180 202 251 268 277 277 260 257 248 248 265 274 276 274 277 279 261 250 261 279 301 317 298 260 251
270 271 273 271 268 268 269 271 272 272 268 273 268 257 262 262 262 261 266 272 275 275 275 276 277 278 279 277 278 279 268 269 270 265 263 265 263 263 267 257 240 246 265 259 244 233 237 246 239 266 234 229 231 212 204 177 188 241 264 283 284 265 253 241 238 259 277 283 269 266 274 272 247 255 280 291 301 319 307 283 270
271 273 273 271 269 270 272 273 271 268 266 269 257 261 263 262 262 267 270 273 274 274 275 277 278 279 279 275 275 265 266 280 269 269 271 269 267 268 264 255 246 254 263 255 241 231 234 246 243 239 260 232 219 208 183 171 201 254 277 282 270 263 251 243 252 259 264 272 267 264 261 251 260 285 293 279 278 299 281 272 272
272 272 272 271 273 267 273 267 267 265 269 256 259 263 263 262 266 270 276 275 271 271 274 278 278 279 272 272 274 275 278 280 270 270 272 272 271 266 258 254 253 255 261 252 237 236 235 242 249 241 237 237 225 208 184 178 227 266 269 265 259 252 241 255 265 265 266 263 257 269 274 271 301 278 267 260 243 241 250 266 272
273 272 271 273 275 275 274 265 272 261 266 266 263 264 262 266 270 275 268 274 262 271 272 275 277 278 271 279 273 266 277 279 270 270 274 273 268 266 256 255 256 252 257 251 236 238 243 235 239 248 224 232 227 223 191 203 255 261 263 266 257 250 256 259 265 268 265 261 270 272 284 307 282 274 264 254 243 243 277 289 291
275 272 272 274 274 274 273 272 271 268 267 269 265 263 266 271 274 267 266 272 262 272 272 272 274 277 279 280 279 274 277 278 269 270 271 270 268 264 256 257 257 250 254 254 241 240 244 235 233 238 214 237 222 211 207 233 269 273 275 259 256 267 275 270 268 267 265 279 272 254 259 261 258 251 252 252 254 282 305 282 269
274 274 274 274 274 273 272 272 270 270 270 271 271 270 272 275 268 264 263 269 268 272 273 270 271 277 270 281 279 275 276 277 266 266 265 265 265 259 257 263 257 252 253 256 246 245 242 240 234 233 210 206 195 207 226 251 286 292 289 275 271 272 276 288 279 272 270 286 291 276 257 245 238 243 250 266 292 308 288 282 275
274 274 274 273 273 274 273 272 271 272 273 272 272 274 272 270 265 264 263 267 262 264 271 260 272 277 280 280 280 280 273 274 263 263 262 262 262 262 264 264 258 252 252 254 251 246 243 246 241 232 209 195 189 214 240 259 280 296 299 286 280 282 292 294 284 274 269 274 298 279 259 236 234 253 269 294 296 291 277 269 262
273 273 273 273 274 275 275 274 273 274 273 272 273 276 278 276 273 272 262 258 271 263 268 269 273 271 278 280 280 272 273 271 272 262 262 263 265 266 265 260 256 250 251 251 248 246 247 249 245 237 221 189 200 242 249 254 272 277 306 292 293 294 274 269 272 250 256 250 262 273 251 237 246 276 300 281 272 281 286 274 257
273 273 273 273 274 275 276 276 275 274 273 273 275 275 275 274 274 272 270 271 268 263 268 272 269 268 276 280 272 279 271 270 270 270 261 263 264 264 262 258 253 250 249 267 247 244 247 249 247 235 214 191 220 255 262 260 264 277 299 299 298 275 264 240 246 241 242 250 250 254 262 265 269 286 289 287 285 291 288 282 260
272 274 274 274 274 275 276 278 277 275 275 275 275 274 273 273 273 272 272 273 274 272 271 272 269 267 269 267 279 278 269 269 269 269 270 271 261 261 260 257 252 252 252 266 265 244 245 246 250 226 216 215 241 261 272 274 272 281 295 297 281 266 245 227 247 251 253 245 250 260 276 298 296 284 274 281 288 274 266 261 267
269 272 275 274 273 275 278 278 278 278 278 277 275 274 273 273 273 273 273 273 273 273 272 273 269 274 275 266 278 278 269 269 269 269 269 268 268 269 269 257 256 255 252 265 246 244 245 246 247 229 230 253 252 268 275 279 273 255 254 260 273 247 220 248 248 249 248 251 256 271 283 301 270 247 244 262 266 264 262 287 287
266 267 272 275 274 274 278 280 280 280 279 277 275 274 273 273 273 274 274 274 274 273 274 275 267 273 274 277 278 269 269 268 268 268 267 267 269 266 266 267 259 255 265 269 245 244 248 250 235 261 254 254 257 264 271 268 255 248 255 247 255 256 209 244 236 247 253 263 261 255 250 266 279 257 248 248 245 251 268 297 282
267 265 268 274 275 272 274 280 284 282 279 277 276 275 273 273 274 275 275 275 274 274 275 276 266 272 273 276 278 277 277 268 267 267 266 269 267 266 264 266 265 264 270 268 267 249 256 255 271 278 283 275 261 268 266 254 245 257 265 256 242 239 224 227 244 255 264 270 257 256 249 245 258 288 260 240 234 240 253 278 271
266 267 274 276 273 271 271 278 286 285 281 278 277 275 274 273 274 275 276 276 275 275 275 275 275 274 273 275 277 277 276 276 275 267 266 269 266 263 265 264 263 262 261 260 261 263 265 257 275 284 289 269 273 269 259 253 259 268 264 258 237 231 207 222 249 266 274 274 268 262 274 242 233 252 266 257 239 247 242 261 263
271 274 276 275 279 272 277 280 282 284 283 280 278 276 274 273 273 274 276 277 278 277 276 275 276 276 275 275 276 276 275 275 275 274 266 268 267 266 266 264 263 262 262 264 266 266 266 257 276 285 291 291 286 268 261 265 266 267 256 247 240 213 199 228 261 279 282 269 256 263 258 253 241 238 235 239 247 246 243 265 272
268 272 275 276 279 282 276 277 283 279 281 282 281 277 275 273 271 270 274 280 282 279 279 278 276 276 275 274 274 275 274 274 274 274 273 274 270 268 266 264 263 264 267 270 270 268 267 266 276 284 282 293 286 269 268 270 265 265 258 246 231 214 215 258 278 278 264 258 247 252 270 259 244 244 242 236 246 259 259 253 274
266 278 284 277 288 280 276 276 278 275 277 280 280 278 276 272 269 267 273 281 285 281 281 280 277 276 276 274 274 274 274 274 274 274 274 274 270 269 266 265 267 270 272 273 272 269 266 266 251 282 292 293 273 285 271 270 264 264 256 253 241 204 241 275 275 264 253 251 252 245 257 274 257 247 239 235 250 270 247 243 256
267 279 285 286 285 275 283 281 275 281 282 275 275 277 276 271 267 269 274 279 283 283 282 282 280 278 276 275 275 275 275 275 274 274 274 274 268 267 265 266 268 267 268 268 266 265 265 265 266 280 275 283 285 269 271 269 265 267 254 257 237 232 267 270 264 257 249 249 258 250 249 232 214 230 232 244 264 276 281 233 265
268 276 269 267 278 286 284 274 271 276 275 269 271 274 275 269 264 270 275 275 277 283 284 284 283 281 278 278 277 276 275 275 275 275 275 274 274 266 265 267 267 267 267 265 264 264 264 264 265 268 273 290 280 268 268 267 266 268 257 233 239 258 275 265 259 255 248 253 263 254 247 229 211 210 232 263 277 269 268 274 274
271 267 267 264 265 267 266 263 267 268 271 276 279 280 272 264 260 271 278 275 274 279 284 285 285 285 283 281 280 279 277 276 275 275 274 273 273 272 270 270 270 269 267 265 263 264 264 264 265 266 270 275 278 277 277 266 266 267 261 243 229 263 267 259 258 253 251 261 264 254 241 213 208 209 251 273 268 250 243 271 286
272 265 264 265 266 267 266 265 266 265 271 276 279 278 266 253 256 269 277 284 281 282 279 280 286 291 290 286 283 282 279 277 275 274 273 273 273 273 272 270 267 268 266 265 264 263 264 264 264 265 267 270 273 272 273 275 275 276 263 251 252 265 264 259 257 254 256 262 259 252 235 215 217 233 267 266 264 233 232 263 242
273 268 264 267 268 267 268 267 277 267 284 275 277 270 256 242 261 276 287 285 283 282 285 283 289 291 294 290 286 284 282 279 276 275 274 274 274 274 269 265 265 268 265 265 264 264 263 263 263 264 266 267 268 269 271 275 277 278 267 265 271 270 262 262 258 256 257 259 256 248 240 189 228 263 275 257 264 219 238 255 248
268 267 266 268 270 268 268 270 269 283 285 273 270 260 243 243 262 278 286 283 284 295 291 284 281 281 288 292 291 287 284 282 279 276 275 274 275 275 265 263 267 267 264 264 266 264 263 263 263 264 265 265 266 268 274 281 278 277 276 279 275 267 259 262 260 258 258 257 259 248 237 187 247 264 267 258 262 255 249 265 275
271 270 269 269 265 266 269 291 294 274 271 267 262 250 247 267 269 276 280 288 295 286 285 279 279 280 288 286 291 291 286 284 281 278 276 275 275 273 272 272 268 265 263 265 266 263 263 263 263 264 264 264 265 267 273 276 276 275 278 271 270 263 255 254 259 262 259 258 262 246 236 199 263 269 260 247 255 218 259 257 266
266 267 264 261 264 266 273 274 277 277 268 262 251 251 267 280 276 266 281 287 297 299 300 289 283 271 277 278 287 293 290 285 282 280 278 276 274 272 272 273 273 263 262 273 265 263 263 263 263 264 264 264 264 267 272 274 273 273 277 277 266 259 253 250 257 264 262 262 263 247 238 243 276 269 257 243 246 221 248 236 256
270 268 267 264 261 266 281 272 274 276 270 255 247 264 278 284 285 276 271 281 284 283 287 281 271 269 275 284 292 292 292 285 281 280 278 275 273 273 274 274 273 272 262 273 272 264 264 263 263 264 264 264 264 266 271 272 271 271 274 274 271 267 255 253 254 264 266 266 262 246 223 268 267 258 250 248 251 215 263 250 241
272 265 264 264 265 267 283 266 268 275 275 259 259 265 282 293 304 291 280 279 282 290 294 278 267 264 285 281 288 289 289 283 280 279 278 276 275 275 274 274 273 272 272 272 272 273 264 263 264 264 264 264 264 266 269 269 269 269 270 271 270 268 267 265 257 258 262 275 263 249 262 281 262 252 251 255 244 255 275 255 244
269 265 262 263 267 269 267 264 268 279 295 290 271 276 280 286 288 294 286 274 264 266 275 276 270 270 283 280 280 283 285 281 279 277 277 277 276 275 274 273 273 273 272 271 272 273 272 272 263 264 263 264 264 265 267 268 267 267 267 268 270 269 266 266 267 257 267 270 271 268 260 265 260 254 258 259 247 241 243 253 243
266 263 270 259 263 278 279 276 279 289 292 311 300 276 270 286 278 287 302 284 272 276 253 275 283 274 268 260 269 274 281 280 278 277 277 277 278 276 274 273 274 273 272 272 273 273 272 272 272 272 263 264 264 265 266 267 266 266 266 267 268 269 269 269 266 265 264 266 269 270 271 271 270 270 263 262 258 246 256 249 246
262 259 271 269 267 274 282 279 278 285 295 306 320 295 277 271 279 291 287 278 274 273 256 271 286 285 271 264 263 267 274 278 277 276 276 276 277 277 275 274 274 272 272 273 273 272 272 272 272 272 273 273 274 274 275 276 266 265 265 266 266 270 270 268 265 263 263 266 267 268 268 269 270 273 275 275 263 251 240 254 251
263 258 271 272 269 273 282 280 281 288 294 296 311 302 286 276 273 278 280 272 266 267 264 267 278 287 285 277 260 265 269 275 275 275 275 275 276 276 276 275 274 273 273 273 272 272 272 272 272 272 272 273 273 274 275 275 275 275 275 275 277 277 270 267 265 263 263 264 264 266 267 267 268 271 274 275 271 264 256 252 263
272 268 268 275 270 263 275 278 285 288 287 283 293 298 296 286 285 273 268 269 271 266 265 269 277 279 285 283 275 268 268 272 274 274 274 274 275 275 275 275 274 274 274 273 272 272 272 272 272 272 272 273 273 274 274 275 275 275 274 275 277 279 272 266 263 264 262 260 260 262 265 265 266 277 280 282 280 265 258 269 263
279 279 278 264 269 264 255 263 280 276 275 277 304 295 299 288 279 266 261 267 275 277 276 280 287 284 281 286 278 271 269 272 274 274 274 274 274 274 274 274 274 275 275 274 273 272 272 272 272 272 272 273 273 273 273 274 275 274 274 275 276 280 271 265 261 262 271 261 261 261 262 263 264 266 275 277 277 274 271 272 272
283 282 288 275 271 271 267 268 280 278 284 292 284 296 298 278 264 246 263 279 281 285 278 277 274 271 268 266 270 270 272 273 274 274 274 274 274 274 274 274 274 274 275 274 274 273 272 273 273 272 272 273 273 273 273 273 274 274 274 274 276 278 278 273 270 270 270 271 263 262 262 262 263 273 273 273 273 272 272 272 271
298 270 283 270 275 279 279 268 281 283 284 274 292 309 298 288 279 279 274 253 257 275 270 266 272 273 270 265 268 270 272 272 273 274 274 274 274 274 274 274 274 274 274 274 274 274 273 273 273 273 272 272 272 273 273 273 273 273 274 274 275 276 275 273 272 271 271 272 272 271 271 271 271 272 272 272 271 271 271 271 270
314 286 268 277 276 282 290 272 283 281 292 290 293 284 290 287 278 279 285 275 265 270 274 267 260 271 272 275 271 272 270 268 271 275 276 275 275 274 274 274 274 274 274 274 274 274 273 273 273 273 273 272 272 272 272 272 272 272 273 273 273 274 274 274 273 273 273 272 272 271 271 271 271 271 271 270 270 270 270 270 269
316 313 272 265 275 275 292 277 283 278 279 300 288 285 286 279 276 278 285 286 273 268 270 277 271 261 262 270 274 271 266 266 270 274 277 277 276 275 274 274 274 274 274 274 274 274 273 273 273 273 272 272 272 272 272 272 272 272 272 272 273 273 273 274 274 273 273 272 272 271 270 270 271 270 270 269 269 269 270 269 269
