autotest/output/original/cli_domainAverage_diurnal/mackay_270_10_09-23-2011_1330_250m_ang.asc
ncols	81
nrows	99
xllcorner	280635.000000
yllcorner	4852245.000000
cellsize	250.000000
NODATA_value	-9999.000000
[rows 49 to 97 of 99, columns 0 to 80 of 81]
305 316 301 271 259 274 274 288 287 279 290 296 275 264 269 268 276 278 279 280 278 275 273 275 280 266 264 260 266 265 266 269 271 273 275 277 277 276 275 275 274 274 273 273 273 273 273 273 273 273 272 272 272 272 271 271 271 271 271 272 272 273 274 274 274 273 273 272 271 271 270 270 270 270 269 269 269 269 269 269 270
279 301 312 297 270 258 269 281 288 277 269 265 263 257 271 286 289 274 271 271 273 274 274 275 277 276 273 268 263 264 270 273 273 272 273 274 276 277 276 275 275 274 273 273 273 273 273 273 273 272 272 272 272 271 271 271 271 271 271 271 272 272 273 274 274 274 273 272 271 271 271 270 269 269 269 269 269 269 270 270 270
286 302 310 309 289 266 260 269 279 278 273 278 280 285 289 291 272 262 272 280 269 271 274 276 276 279 283 280 267 269 283 274 273 271 270 272 274 276 277 277 276 274 274 273 273 273 273 273 273 272 272 272 272 271 271 271 271 271 271 271 272 272 273 273 273 273 273 272 271 271 270 270 269 269 269 269 270 270 270 270 270
290 296 301 311 297 272 267 267 278 276 278 284 293 297 292 271 262 272 271 269 272 268 272 284 282 276 276 281 283 283 279 277 271 269 267 270 274 275 278 279 277 275 274 273 273 273 273 273 272 272 272 272 272 271 271 271 271 271 271 271 271 272 272 272 273 273 272 272 272 271 270 270 270 269 269 270 270 270 270 270 270
284 292 306 309 300 279 271 275 274 275 282 294 293 268 265 268 285 271 271 290 284 274 270 268 271 274 275 280 282 281 277 274 270 266 265 268 272 277 279 279 278 275 274 274 273 273 273 273 272 272 272 272 271 271 271 271 271 271 271 271 271 271 271 272 272 272 272 272 272 271 271 270 270 269 270 270 270 271 271 271 271
287 299 303 298 291 288 282 273 280 278 280 278 259 251 278 280 284 285 288 287 273 272 270 275 278 295 296 282 279 277 279 279 271 267 265 275 279 284 279 278 277 276 274 274 274 273 273 272 272 272 272 272 271 271 271 271 271 271 271 271 271 271 271 271 271 271 271 271 271 271 271 270 270 270 270 270 270 271 271 271 271
293 283 285 322 286 294 292 289 266 250 256 245 242 266 279 279 286 276 267 271 272 272 275 293 295 292 278 276 276 279 279 278 280 271 268 268 278 278 276 277 277 275 274 274 274 273 273 273 272 272 272 272 271 271 271 271 271 271 271 271 271 271 271 271 271 271 271 271 271 271 271 270 270 270 270 270 270 271 271 271 271
280 274 273 281 284 295 296 285 288 259 239 234 252 255 274 276 276 280 284 281 289 296 295 281 277 275 279 283 282 282 271 270 271 286 272 270 270 272 273 276 276 275 274 274 274 274 273 273 272 272 272 272 272 271 271 271 271 271 271 271 271 271 271 271 271 271 271 271 271 271 270 270 270 270 270 270 270 271 271 271 271
268 266 277 287 290 298 287 278 289 284 262 237 227 277 259 264 277 289 288 286 286 288 286 287 289 292 296 299 279 272 270 270 271 275 276 271 274 274 276 273 274 274 274 273 273 273 273 273 273 272 272 272 272 272 272 272 271 271 271 271 271 271 271 271 271 271 271 271 271 271 270 270 270 270 270 270 270 270 271 271 271
269 269 284 297 306 288 275 276 282 290 285 269 264 260 241 232 244 260 265 250 254 275 279 284 292 294 284 274 272 270 281 271 272 275 277 273 270 270 268 267 271 273 273 273 273 273 273 273 273 273 272 272 272 272 272 272 271 271 271 271 271 271 271 271 271 271 271 271 271 270 270 270 270 270 270 270 270 270 271 271 271
258 273 279 294 297 292 279 281 277 282 287 282 278 277 275 260 251 241 266 240 251 265 267 272 273 265 257 255 268 274 277 273 273 274 273 277 274 269 266 261 268 271 272 272 272 273 273 273 273 273 273 272 272 272 272 272 271 271 271 271 271 271 271 271 271 271 271 271 271 270 270 270 270 270 270 270 270 270 270 270 271
266 269 272 285 285 289 274 272 268 269 276 275 275 280 284 280 270 254 251 269 264 273 260 259 265 244 242 262 271 278 274 274 273 271 273 277 274 269 267 267 267 269 271 272 272 272 272 272 273 273 273 273 272 272 272 272 272 271 271 271 271 271 271 271 271 271 271 271 271 270 270 270 270 270 270 270 270 270 270 270 270
278 283 279 257 258 269 271 259 262 268 264 262 272 281 285 289 288 271 270 278 274 253 272 271 259 252 257 283 290 277 283 273 272 269 271 277 273 271 269 268 269 270 270 271 272 272 272 272 273 273 273 273 272 272 272 272 271 271 271 271 271 271 271 271 271 271 271 271 271 271 270 270 270 270 270 270 270 270 270 270 270
283 285 289 276 252 248 252 255 267 268 253 258 273 281 295 294 305 287 264 277 285 260 251 262 254 262 256 285 271 273 270 268 269 269 273 272 278 280 271 270 271 271 270 271 272 271 271 272 274 274 273 273 273 272 272 272 271 271 271 271 271 271 271 271 271 271 271 271 271 271 271 270 270 270 270 270 270 270 270 270 270
284 289 284 279 272 258 246 252 274 261 250 266 285 293 293 294 317 298 279 270 282 279 268 256 256 257 263 261 265 273 268 271 273 265 262 265 271 281 281 272 271 270 271 272 271 271 271 273 274 273 273 273 273 272 272 272 271 271 271 271 271 271 271 271 272 272 272 271 271 271 271 271 270 270 270 270 270 270 270 270 270
284 277 270 273 277 276 262 254 264 262 254 278 288 283 279 277 286 291 276 259 274 281 271 263 269 274 272 264 261 258 262 262 261 258 262 275 279 278 280 281 271 281 272 271 269 269 273 274 273 272 272 272 273 273 272 272 271 271 271 271 271 271 271 271 272 272 272 271 271 271 271 271 271 270 270 270 270 270 270 270 270
270 263 257 265 276 290 292 270 246 262 264 278 275 274 279 281 285 276 273 273 276 276 264 265 273 279 279 274 267 264 264 259 252 258 274 286 271 276 282 282 281 280 274 269 267 269 273 274 274 273 272 273 274 273 273 272 272 271 271 271 271 272 272 272 271 271 271 271 271 271 271 271 271 271 271 270 270 270 270 270 270
265 261 257 263 279 287 301 298 274 250 253 245 262 269 276 278 271 278 293 300 276 250 258 268 274 278 278 276 270 268 266 259 254 266 273 272 272 278 283 278 271 270 269 269 269 269 270 273 274 272 273 275 274 273 273 272 272 271 271 271 271 272 272 272 271 271 271 271 271 271 271 271 271 271 271 270 270 270 270 270 270
266 273 272 277 280 281 288 303 300 280 270 254 244 258 259 263 273 285 294 280 262 255 268 289 275 267 268 269 267 268 275 268 267 265 268 269 275 289 272 265 274 269 280 282 274 272 278 277 272 271 274 275 274 274 273 272 272 272 271 271 271 271 272 271 271 271 271 271 271 271 272 272 271 271 271 270 270 270 270 269 269
277 280 279 259 253 259 272 286 301 300 280 265 255 243 241 240 237 262 265 258 259 269 268 273 266 262 261 280 265 268 270 273 275 272 269 272 279 267 258 254 270 278 282 283 285 276 273 267 269 272 278 273 274 274 273 273 272 272 272 271 272 272 272 272 271 271 271 272 272 272 271 272 272 271 270 270 270 270 269 269 269
253 249 260 264 264 263 255 271 286 266 293 278 258 251 244 249 248 248 236 248 281 273 270 264 261 260 265 269 273 275 277 273 284 279 276 269 263 257 249 256 273 277 270 280 283 276 274 269 275 272 272 272 274 275 274 273 272 272 271 271 271 272 272 272 272 272 272 272 272 272 272 271 271 271 270 270 270 269 269 268 268
270 254 246 245 250 253 245 236 274 295 296 274 263 262 247 253 267 257 237 240 265 275 278 262 264 267 286 271 272 273 271 273 275 279 279 267 260 252 254 263 286 271 267 274 270 272 280 279 278 279 272 274 276 276 275 274 272 271 271 271 271 272 272 272 272 272 272 272 272 272 272 271 271 271 270 270 269 269 268 266 265
280 278 261 258 254 261 258 263 265 274 291 273 273 264 260 262 270 267 260 253 257 256 263 284 287 272 268 268 267 267 268 270 273 273 273 268 259 257 262 268 268 267 265 265 275 278 280 268 275 276 279 283 278 278 276 273 271 271 270 270 271 271 272 273 273 273 273 273 272 272 272 271 271 270 269 269 268 268 267 264 262
283 283 278 272 266 262 265 270 273 278 285 285 280 275 267 253 260 260 260 256 256 252 259 257 268 266 266 267 268 267 268 269 272 269 266 265 264 264 265 269 272 271 282 273 284 273 269 270 275 277 277 279 283 277 275 271 269 268 269 270 271 272 273 274 274 274 274 273 273 272 272 271 271 270 269 267 266 265 266 266 263
286 292 274 268 263 262 264 270 275 278 284 290 292 288 273 253 255 256 255 256 262 265 266 266 267 266 265 266 266 267 267 267 282 266 264 264 267 268 267 272 287 275 265 273 285 275 278 296 298 260 266 270 269 269 266 265 264 264 268 271 273 274 273 274 274 275 275 274 274 273 272 272 271 270 269 265 262 263 267 271 270
286 279 271 270 271 273 269 267 274 282 283 289 297 299 284 260 251 254 254 255 261 264 261 265 264 266 270 269 269 269 267 265 263 267 263 270 272 277 275 271 287 295 275 275 289 297 269 262 273 269 263 258 252 255 255 259 261 264 276 271 274 274 274 273 274 275 275 275 275 274 273 272 272 271 270 267 266 268 279 280 280
290 281 294 296 299 282 271 259 273 271 281 283 293 301 292 261 244 255 255 251 257 262 262 260 260 265 284 269 274 273 271 266 270 268 265 268 272 278 282 275 291 282 281 276 261 270 275 265 261 269 269 264 257 252 253 257 261 265 275 269 272 275 275 273 272 275 277 277 277 275 274 273 273 273 273 273 274 274 270 267 269
293 306 300 272 265 263 275 270 260 274 280 281 290 292 294 282 267 244 254 247 257 263 271 257 257 262 265 268 270 271 272 269 272 269 261 266 271 293 283 284 279 279 277 272 267 267 268 271 265 260 258 258 256 256 257 258 260 263 273 276 282 287 287 272 271 273 278 279 278 276 275 274 274 274 275 278 277 273 269 270 271
282 289 289 271 277 275 278 291 275 255 252 269 274 284 283 284 278 267 255 254 265 256 264 234 258 274 276 276 276 266 270 274 268 267 262 267 283 275 295 300 285 266 274 270 266 260 258 265 262 254 253 256 258 259 260 259 259 266 270 277 285 290 281 284 279 279 283 277 278 278 276 275 274 275 276 277 276 273 272 272 272
260 267 251 252 275 259 279 297 294 279 266 246 248 258 266 274 279 272 265 272 263 253 264 265 263 246 245 260 266 278 282 268 269 267 271 286 293 276 276 282 276 273 269 268 265 258 252 255 250 250 255 259 259 260 263 261 264 264 275 285 294 290 293 291 275 281 276 281 284 277 277 275 275 275 275 276 276 275 274 273 272
256 260 241 264 269 274 284 293 294 288 282 274 256 259 258 243 270 276 280 281 277 269 265 265 269 252 246 239 239 261 285 289 270 276 280 261 259 254 252 248 255 267 271 267 269 264 258 251 246 253 265 256 259 272 273 274 269 266 274 284 282 281 281 293 286 276 266 272 272 276 277 275 275 275 275 275 276 276 275 274 272
257 253 253 260 269 277 284 284 285 284 285 281 271 261 257 259 265 275 285 283 282 277 253 266 272 270 248 243 262 247 247 246 252 259 263 258 268 267 263 259 256 257 260 259 262 259 255 253 254 260 257 253 267 274 276 279 274 269 268 280 273 282 280 279 289 282 275 277 277 273 276 275 275 274 274 275 276 277 276 275 273
255 261 271 289 295 296 292 287 277 283 283 290 270 259 255 259 267 275 279 279 281 282 278 275 273 271 269 263 265 270 251 268 254 257 270 266 264 264 262 260 258 255 253 258 256 255 255 258 263 264 260 258 264 270 279 287 278 277 272 267 269 278 282 284 272 274 274 272 270 269 272 274 274 274 274 275 275 277 277 276 276
267 274 286 262 256 253 251 245 264 282 278 271 259 254 254 263 271 273 273 273 274 278 281 281 280 280 272 270 267 268 268 268 266 265 264 265 266 263 267 266 264 260 256 254 255 257 258 261 266 268 267 265 263 267 286 276 283 277 279 275 267 264 267 273 273 268 270 275 272 269 270 272 273 274 275 275 276 276 277 278 278
250 253 253 262 247 258 268 258 274 248 232 251 251 252 257 275 280 269 265 264 267 272 277 278 281 282 282 280 270 267 272 276 268 263 263 265 268 266 265 262 260 258 257 257 260 262 260 261 274 272 271 268 268 266 267 268 270 273 283 279 272 267 267 269 270 271 272 279 271 271 272 273 273 274 275 276 276 276 277 278 277
252 257 239 253 261 269 280 305 274 277 260 235 255 255 262 284 269 266 275 262 278 279 268 272 276 280 282 287 279 267 265 272 272 269 263 267 265 264 263 259 255 257 260 261 265 267 263 263 274 271 271 274 275 268 263 261 273 270 274 276 279 272 268 280 282 271 270 268 270 283 275 275 275 275 276 276 276 276 276 276 276
248 244 253 255 271 279 284 283 278 251 273 269 244 266 259 254 257 247 245 267 255 252 249 257 267 269 272 275 277 271 265 266 270 271 268 266 266 267 263 258 256 265 268 263 274 268 264 266 285 267 280 276 275 270 263 258 260 266 279 274 288 290 279 282 274 279 267 266 271 283 276 275 275 276 277 277 276 275 275 275 275
251 254 260 260 258 258 254 245 250 263 274 278 275 274 273 254 251 265 269 270 272 270 268 266 262 259 259 258 264 267 266 267 268 270 271 269 270 269 266 262 262 264 269 270 272 268 267 267 271 272 273 282 276 270 266 260 256 274 272 285 287 279 280 281 281 272 271 271 281 277 275 270 273 278 280 278 276 276 275 275 275
260 262 253 252 259 252 243 232 220 253 263 273 278 278 275 271 264 260 262 271 271 267 266 266 262 257 253 254 258 266 267 271 268 275 273 272 272 270 267 266 267 271 263 271 268 268 268 267 271 274 270 269 268 275 268 264 267 264 271 283 283 292 282 281 279 282 287 277 267 267 264 267 283 285 281 278 277 276 276 275 275
267 267 259 250 256 250 241 241 235 237 247 262 270 276 274 270 265 260 259 267 271 269 264 261 262 260 258 258 259 264 267 271 275 277 276 277 278 269 273 265 267 272 265 273 273 269 276 266 273 269 267 274 269 274 268 270 267 267 277 279 282 291 294 297 279 294 283 275 269 260 261 271 283 278 278 278 279 278 277 276 276
265 269 266 250 245 240 236 242 236 237 261 259 257 263 268 264 260 261 263 266 269 269 261 262 265 266 268 261 262 262 265 271 277 279 279 291 272 266 264 263 270 269 269 274 271 268 275 265 272 273 268 276 276 273 271 275 275 271 267 281 288 282 277 273 282 272 271 267 262 257 263 281 281 278 275 279 280 279 278 277 276
270 273 271 257 242 234 239 240 235 257 261 258 250 252 258 256 259 265 269 270 270 267 261 266 270 269 265 262 262 265 278 288 292 285 276 269 263 262 267 268 263 268 270 271 268 267 262 263 270 268 273 275 287 271 268 283 283 282 280 272 269 271 266 268 268 267 265 259 257 259 267 278 278 277 273 280 282 281 280 278 276
272 281 270 261 247 234 227 250 251 253 258 256 248 249 249 253 264 269 272 273 267 262 265 268 268 267 261 262 267 273 278 279 273 269 269 264 259 264 269 270 268 269 267 265 263 264 262 262 280 274 271 265 287 288 267 276 281 289 294 282 262 265 265 263 263 264 264 260 259 263 272 279 272 276 281 287 283 283 282 279 276
276 275 272 261 250 237 235 237 250 254 257 252 247 247 246 256 269 286 272 267 262 261 270 271 271 263 261 263 270 282 286 279 273 266 260 259 265 277 266 270 272 275 270 263 259 262 278 270 280 268 283 281 273 274 268 273 282 283 286 277 268 264 261 257 258 262 267 268 269 269 270 275 271 267 280 285 281 285 283 278 276
274 280 278 276 256 247 236 235 254 259 257 247 241 246 249 259 277 272 267 262 260 265 272 292 270 258 256 261 269 287 282 276 271 265 260 262 277 273 263 261 274 274 271 262 259 281 298 279 267 258 260 279 272 285 280 279 286 292 287 286 282 274 258 253 264 269 272 269 265 262 265 276 281 276 287 282 288 292 281 278 277
287 278 276 275 274 268 257 254 258 259 254 246 245 254 260 264 264 266 277 260 262 271 293 274 263 254 258 261 267 287 286 275 267 266 260 270 276 271 265 266 269 272 272 269 263 281 274 278 269 261 262 281 283 280 284 287 295 283 273 268 261 256 255 262 270 266 263 262 261 261 264 279 285 292 291 289 287 281 276 278 277
286 278 274 277 281 275 266 262 249 255 244 248 255 265 270 255 254 260 270 260 268 288 276 265 257 260 261 262 272 282 282 271 263 264 268 273 271 266 265 269 271 272 272 272 267 270 267 271 271 266 266 281 285 282 288 295 281 267 267 258 255 272 261 274 276 265 259 261 274 270 276 284 290 283 269 261 265 272 282 275 274
272 273 269 275 282 283 286 277 248 250 240 256 264 269 259 252 254 262 264 263 284 275 264 254 259 265 263 264 277 279 274 262 261 264 272 293 270 265 260 269 275 274 272 275 272 266 264 266 268 283 278 279 292 282 290 290 279 267 257 254 254 257 267 273 270 253 253 269 286 283 279 272 269 268 265 263 260 264 267 269 269
263 259 263 278 280 287 297 291 268 251 248 264 268 253 264 260 266 259 260 273 267 263 252 255 283 259 259 267 284 281 267 261 263 264 285 292 275 262 255 277 273 275 269 270 274 269 275 283 271 271 283 287 302 288 271 268 265 259 251 258 264 270 289 269 254 242 254 280 305 293 283 276 268 255 260 272 276 266 265 269 265
