autotest/output/original/cli_domainAverage/mackay_270_10_200m_vel.asc
ncols	112
nrows	139
xllcorner	279635.000000
yllcorner	4850745.000000
cellsize	200.000000
NODATA_value	-9999.000000
[rows 74 to 110 of 139, columns 0 to 81 of 112]
6.39 6.39 9.93 9.93 13.10 13.10 8.69 8.69 5.06 5.06 5.21 5.21 11.86 11.86 19.11 19.11 16.77 16.77 13.08 13.08 10.62 10.62 8.93 8.93 8.68 8.68 8.59 8.59 9.20 9.20 9.38 9.36 9.36 9.21 9.21 8.90 8.90 7.90 7.90 7.37 7.37 7.77 7.77 7.87 7.87 7.53 7.53 8.44 8.44 9.97 9.97 9.69 9.69 8.38 8.38 8.07 8.07 8.54 8.54 8.93 8.93 9.15 9.15 9.35 9.35 9.51 9.51 9.59 9.59 9.58 9.58 9.59 9.59 9.63 9.63 9.71 9.71 9.77 9.77 9.77 9.77 9.73
6.39 6.39 9.93 9.93 13.10 13.10 8.69 8.69 5.06 5.06 5.21 5.21 11.86 11.86 19.11 19.11 16.77 16.77 13.08 13.08 10.62 10.62 8.93 8.93 8.68 8.68 8.59 8.59 9.20 9.20 9.38 9.36 9.36 9.21 9.21 8.90 8.90 7.90 7.90 7.37 7.37 7.77 7.77 7.87 7.87 7.53 7.53 8.44 8.44 9.97 9.97 9.69 9.69 8.38 8.38 8.07 8.07 8.54 8.54 8.93 8.93 9.15 9.15 9.35 9.35 9.51 9.51 9.59 9.59 9.58 9.58 9.59 9.59 9.63 9.63 9.71 9.71 9.77 9.77 9.77 9.77 9.73
5.15 5.15 10.20 10.20 14.64 14.64 9.17 9.17 4.00 4.00 7.25 7.25 14.36 14.36 16.41 16.41 15.93 15.93 13.72 13.72 10.50 10.50 9.85 9.85 9.35 9.35 9.21 9.21 9.62 9.62 9.51 9.70 9.70 9.47 9.47 8.79 8.79 7.88 7.88 7.37 7.37 7.62 7.62 7.56 7.56 7.05 7.05 8.56 8.56 10.62 10.62 10.02 10.02 8.35 8.35 7.74 7.74 8.30 8.30 8.89 8.89 9.07 9.07 9.27 9.27 9.42 9.42 9.51 9.51 9.51 9.51 9.55 9.55 9.63 9.63 9.72 9.72 9.77 9.77 9.78 9.78 9.75
5.15 5.15 10.20 10.20 14.64 14.64 9.17 9.17 4.00 4.00 7.25 7.25 14.36 14.36 16.41 16.41 15.93 15.93 13.72 13.72 10.50 10.50 9.85 9.85 9.35 9.35 9.21 9.21 9.62 9.62 9.51 9.70 9.70 9.47 9.47 8.79 8.79 7.88 7.88 7.37 7.37 7.62 7.62 7.56 7.56 7.05 7.05 8.56 8.56 10.62 10.62 10.02 10.02 8.35 8.35 7.74 7.74 8.30 8.30 8.89 8.89 9.07 9.07 9.27 9.27 9.42 9.42 9.51 9.51 9.51 9.51 9.55 9.55 9.63 9.63 9.72 9.72 9.77 9.77 9.78 9.78 9.75
5.86 5.86 10.84 10.84 14.77 14.77 9.04 9.04 5.14 5.14 11.79 11.79 16.02 16.02 12.42 12.42 11.88 11.88 12.63 12.63 10.99 10.99 11.26 11.26 10.89 10.89 10.04 10.04 9.98 9.98 9.91 10.12 10.12 9.60 9.60 8.76 8.76 7.78 7.78 7.18 7.18 7.40 7.40 7.47 7.47 7.12 7.12 8.58 8.58 10.63 10.63 10.28 10.28 8.55 8.55 7.66 7.66 8.19 8.19 8.87 8.87 9.00 9.00 9.16 9.16 9.32 9.32 9.45 9.45 9.47 9.47 9.52 9.52 9.60 9.60 9.69 9.69 9.76 9.76 9.78 9.78 9.75
5.86 5.86 10.84 10.84 14.77 14.77 9.04 9.04 5.14 5.14 11.79 11.79 16.02 16.02 12.42 12.42 11.88 11.88 12.63 12.63 10.99 10.99 11.26 11.26 10.89 10.89 10.04 10.04 9.98 9.98 9.91 10.12 10.12 9.60 9.60 8.76 8.76 7.78 7.78 7.18 7.18 7.40 7.40 7.47 7.47 7.12 7.12 8.58 8.58 10.63 10.63 10.28 10.28 8.55 8.55 7.66 7.66 8.19 8.19 8.87 8.87 9.00 9.00 9.16 9.16 9.32 9.32 9.45 9.45 9.47 9.47 9.52 9.52 9.60 9.60 9.69 9.69 9.76 9.76 9.78 9.78 9.75
5.67 5.67 9.82 9.82 14.17 14.17 11.83 11.83 9.74 9.74 14.29 14.29 13.51 13.51 9.56 9.56 9.33 9.33 10.17 10.17 10.32 10.32 11.07 11.07 11.80 11.80 10.87 10.87 10.16 10.16 10.32 10.30 10.30 10.54 10.54 9.23 9.23 7.42 7.42 7.06 7.06 7.31 7.31 7.56 7.56 7.53 7.53 8.46 8.46 10.07 10.07 10.30 10.30 8.84 8.84 7.84 7.84 8.27 8.27 8.84 8.84 8.96 8.96 9.10 9.10 9.25 9.25 9.38 9.38 9.43 9.43 9.48 9.48 9.56 9.56 9.64 9.64 9.73 9.73 9.76 9.76 9.73
5.67 5.67 9.82 9.82 14.17 14.17 11.83 11.83 9.74 9.74 14.29 14.29 13.51 13.51 9.56 9.56 9.33 9.33 10.17 10.17 10.32 10.32 11.07 11.07 11.80 11.80 10.87 10.87 10.16 10.16 10.32 10.30 10.30 10.54 10.54 9.23 9.23 7.42 7.42 7.06 7.06 7.31 7.31 7.56 7.56 7.53 7.53 8.46 8.46 10.07 10.07 10.30 10.30 8.84 8.84 7.84 7.84 8.27 8.27 8.84 8.84 8.96 8.96 9.10 9.10 9.25 9.25 9.38 9.38 9.43 9.43 9.48 9.48 9.56 9.56 9.64 9.64 9.73 9.73 9.76 9.76 9.73
5.34 5.34 8.21 8.21 12.94 12.94 13.94 13.94 13.68 13.68 13.60 13.60 10.81 10.81 9.04 9.04 8.92 8.92 9.20 9.20 10.49 10.49 11.05 11.05 11.18 11.18 11.02 11.02 10.47 10.47 10.14 10.65 10.65 11.20 11.20 8.96 8.96 7.23 7.23 7.54 7.54 7.78 7.78 7.55 7.55 7.69 7.69 8.58 8.58 9.57 9.57 9.92 9.92 9.07 9.07 8.31 8.31 8.52 8.52 8.82 8.82 8.98 8.98 9.12 9.12 9.24 9.24 9.32 9.32 9.36 9.36 9.43 9.43 9.51 9.51 9.60 9.60 9.69 9.69 9.73 9.73 9.73
5.34 5.34 8.21 8.21 12.94 12.94 13.94 13.94 13.68 13.68 13.60 13.60 10.81 10.81 9.04 9.04 8.92 8.92 9.20 9.20 10.49 10.49 11.05 11.05 11.18 11.18 11.02 11.02 10.47 10.47 10.14 10.65 10.65 11.20 11.20 8.96 8.96 7.23 7.23 7.54 7.54 7.78 7.78 7.55 7.55 7.69 7.69 8.58 8.58 9.57 9.57 9.92 9.92 9.07 9.07 8.31 8.31 8.52 8.52 8.82 8.82 8.98 8.98 9.12 9.12 9.24 9.24 9.32 9.32 9.36 9.36 9.43 9.43 9.51 9.51 9.60 9.60 9.69 9.69 9.73 9.73 9.73
6.13 6.13 8.37 8.37 13.68 13.68 15.17 15.17 13.32 13.32 12.22 12.22 10.22 10.22 9.58 9.58 9.14 9.14 9.32 9.32 11.88 11.88 12.24 12.24 9.54 9.54 10.03 10.03 10.78 10.78 9.12 10.92 10.92 10.44 10.44 8.15 8.15 8.14 8.14 8.38 8.38 8.31 8.31 7.51 7.51 7.65 7.65 8.74 8.74 9.50 9.50 9.43 9.43 9.02 9.02 8.81 8.81 8.72 8.72 8.87 8.87 9.06 9.06 9.12 9.12 9.27 9.27 9.29 9.29 9.29 9.29 9.35 9.35 9.45 9.45 9.56 9.56 9.63 9.63 9.70 9.70 9.74
6.13 6.13 8.37 8.37 13.68 13.68 15.17 15.17 13.32 13.32 12.22 12.22 10.22 10.22 9.58 9.58 9.14 9.14 9.32 9.32 11.88 11.88 12.24 12.24 9.54 9.54 10.03 10.03 10.78 10.78 9.12 10.92 10.92 10.44 10.44 8.15 8.15 8.14 8.14 8.38 8.38 8.31 8.31 7.51 7.51 7.65 7.65 8.74 8.74 9.50 9.50 9.43 9.43 9.02 9.02 8.81 8.81 8.72 8.72 8.87 8.87 9.06 9.06 9.12 9.12 9.27 9.27 9.29 9.29 9.29 9.29 9.35 9.35 9.45 9.45 9.56 9.56 9.63 9.63 9.70 9.70 9.74
7.13 7.13 10.15 10.15 15.55 15.55 14.31 14.31 10.38 10.38 10.09 10.09 10.10 10.10 10.44 10.44 9.47 9.47 10.49 10.49 13.83 13.83 12.70 12.70 8.83 8.83 9.18 9.18 10.41 10.41 8.59 10.01 10.01 9.28 9.28 7.67 7.67 9.12 9.12 9.01 9.01 8.32 8.32 7.79 7.79 7.63 7.63 8.94 8.94 9.88 9.88 9.31 9.31 8.88 8.88 8.94 8.94 8.87 8.87 8.95 8.95 9.13 9.13 9.18 9.18 9.28 9.28 9.27 9.27 9.26 9.26 9.26 9.26 9.37 9.37 9.52 9.52 9.60 9.60 9.68 9.68 9.74
7.13 7.13 10.15 10.15 15.55 15.55 14.31 14.31 10.38 10.38 10.09 10.09 10.10 10.10 10.44 10.44 9.47 9.47 10.49 10.49 13.83 13.83 12.70 12.70 8.83 8.83 9.18 9.18 10.41 10.41 8.59 10.01 10.01 9.28 9.28 7.67 7.67 9.12 9.12 9.01 9.01 8.32 8.32 7.79 7.79 7.63 7.63 8.94 8.94 9.88 9.88 9.31 9.31 8.88 8.88 8.94 8.94 8.87 8.87 8.95 8.95 9.13 9.13 9.18 9.18 9.28 9.28 9.27 9.27 9.26 9.26 9.26 9.26 9.37 9.37 9.52 9.52 9.60 9.60 9.68 9.68 9.74
7.47 7.47 11.81 11.81 15.74 15.74 12.06 12.06 9.30 9.30 9.14 9.14 7.93 7.93 9.11 9.11 10.23 10.23 12.82 12.82 14.92 14.92 12.48 12.48 9.25 9.25 8.33 8.33 9.21 9.21 8.78 8.24 8.24 8.57 8.57 8.12 8.12 8.90 8.90 8.83 8.83 8.06 8.06 7.97 7.97 8.04 8.04 9.61 9.61 10.27 10.27 9.50 9.50 8.74 8.74 8.66 8.66 8.92 8.92 8.99 8.99 9.36 9.36 9.31 9.31 9.17 9.17 9.31 9.31 9.30 9.30 9.15 9.15 9.23 9.23 9.46 9.46 9.56 9.56 9.67 9.67 9.73
7.47 7.47 11.81 11.81 15.74 15.74 12.06 12.06 9.30 9.30 9.14 9.14 7.93 7.93 9.11 9.11 10.23 10.23 12.82 12.82 14.92 14.92 12.48 12.48 9.25 9.25 8.33 8.33 9.21 9.21 8.78 8.24 8.24 8.57 8.57 8.12 8.12 8.90 8.90 8.83 8.83 8.06 8.06 7.97 7.97 8.04 8.04 9.61 9.61 10.27 10.27 9.50 9.50 8.74 8.74 8.66 8.66 8.92 8.92 8.99 8.99 9.36 9.36 9.31 9.31 9.17 9.17 9.31 9.31 9.30 9.30 9.15 9.15 9.23 9.23 9.46 9.46 9.56 9.56 9.67 9.67 9.73
7.20 7.20 12.39 12.39 16.09 16.09 11.43 11.43 10.15 10.15 10.44 10.44 7.31 7.31 5.90 5.90 8.81 8.81 13.60 13.60 15.66 15.66 13.52 13.52 10.40 10.40 8.83 8.83 8.86 8.86 8.01 7.49 7.49 9.11 9.11 8.94 8.94 8.21 8.21 7.80 7.80 7.58 7.58 7.62 7.62 8.62 8.62 10.55 10.55 10.56 10.56 9.63 9.63 8.39 8.39 8.46 8.46 9.08 9.08 9.00 9.00 9.61 9.61 9.38 9.38 9.01 9.01 9.56 9.56 9.33 9.33 8.97 8.97 9.08 9.08 9.36 9.36 9.54 9.54 9.66 9.66 9.74
7.20 7.20 12.39 12.39 16.09 16.09 11.43 11.43 10.15 10.15 10.44 10.44 7.31 7.31 5.90 5.90 8.81 8.81 13.60 13.60 15.66 15.66 13.52 13.52 10.40 10.40 8.83 8.83 8.86 8.86 8.01 7.49 7.49 9.11 9.11 8.94 8.94 8.21 8.21 7.80 7.80 7.58 7.58 7.62 7.62 8.62 8.62 10.55 10.55 10.56 10.56 9.63 9.63 8.39 8.39 8.46 8.46 9.08 9.08 9.00 9.00 9.61 9.61 9.38 9.38 9.01 9.01 9.56 9.56 9.33 9.33 8.97 8.97 9.08 9.08 9.36 9.36 9.54 9.54 9.66 9.66 9.74
7.30 7.30 11.95 11.95 15.18 15.18 12.54 12.54 11.39 11.39 11.05 11.05 7.96 7.96 5.47 5.47 6.60 6.60 11.01 11.01 15.28 15.28 14.95 14.95 11.91 11.91 10.42 10.42 8.57 8.57 6.66 8.23 8.23 9.54 9.54 8.81 8.81 8.09 8.09 7.45 7.45 7.42 7.42 7.43 7.43 8.67 8.67 10.86 10.86 10.84 10.84 9.15 9.15 8.14 8.14 9.11 9.11 9.42 9.42 8.99 8.99 9.62 9.62 9.38 9.38 9.09 9.09 9.73 9.73 9.39 9.39 8.81 8.81 8.93 8.93 9.20 9.20 9.51 9.51 9.65 9.65 9.77
7.30 7.30 11.95 11.95 15.18 15.18 12.54 12.54 11.39 11.39 11.05 11.05 7.96 7.96 5.47 5.47 6.60 6.60 11.01 11.01 15.28 15.28 14.95 14.95 11.91 11.91 10.42 10.42 8.57 8.57 6.66 8.23 8.23 9.54 9.54 8.81 8.81 8.09 8.09 7.45 7.45 7.42 7.42 7.43 7.43 8.67 8.67 10.86 10.86 10.84 10.84 9.15 9.15 8.14 8.14 9.11 9.11 9.42 9.42 8.99 8.99 9.62 9.62 9.38 9.38 9.09 9.09 9.73 9.73 9.39 9.39 8.81 8.81 8.93 8.93 9.20 9.20 9.51 9.51 9.65 9.65 9.77
9.67 9.67 11.81 11.81 14.08 14.08 13.19 13.19 11.84 11.84 10.47 10.47 8.89 8.89 6.43 6.43 6.70 6.70 8.98 8.98 12.56 12.56 14.99 14.99 13.85 13.85 11.21 11.21 8.42 8.42 7.69 9.07 9.07 9.14 9.14 8.62 8.62 8.42 8.42 8.01 8.01 7.95 7.95 7.80 7.80 8.67 8.67 10.35 10.35 10.20 10.20 8.49 8.49 8.63 8.63 10.32 10.32 9.76 9.76 9.08 9.08 9.31 9.31 9.24 9.24 9.50 9.50 9.99 9.99 9.56 9.56 8.76 8.76 8.69 8.69 9.02 9.02 9.42 9.42 9.65 9.65 9.83
9.67 9.67 11.81 11.81 14.08 14.08 13.19 13.19 11.84 11.84 10.47 10.47 8.89 8.89 6.43 6.43 6.70 6.70 8.98 8.98 12.56 12.56 14.99 14.99 13.85 13.85 11.21 11.21 8.42 8.42 7.69 9.07 9.07 9.14 9.14 8.62 8.62 8.42 8.42 8.01 8.01 7.95 7.95 7.80 7.80 8.67 8.67 10.35 10.35 10.20 10.20 8.49 8.49 8.63 8.63 10.32 10.32 9.76 9.76 9.08 9.08 9.31 9.31 9.24 9.24 9.50 9.50 9.99 9.99 9.56 9.56 8.76 8.76 8.69 8.69 9.02 9.02 9.42 9.42 9.65 9.65 9.83
12.72 12.72 12.84 12.84 13.69 13.69 13.01 13.01 10.99 10.99 10.23 10.23 9.38 9.38 8.09 8.09 7.47 7.47 8.26 8.26 9.91 9.91 13.81 13.81 15.02 15.02 10.20 10.20 7.63 7.63 9.26 10.00 10.00 9.19 9.19 8.86 8.86 8.82 8.82 8.43 8.43 8.33 8.33 8.19 8.19 8.83 8.83 9.40 9.40 8.67 8.67 8.11 8.11 9.62 9.62 10.87 10.87 9.96 9.96 9.57 9.57 9.16 9.16 9.03 9.03 9.78 9.78 10.30 10.30 9.77 9.77 8.61 8.61 8.23 8.23 8.77 8.77 9.40 9.40 9.70 9.70 9.95
12.72 12.72 12.84 12.84 13.69 13.69 13.01 13.01 10.99 10.99 10.23 10.23 9.38 9.38 8.09 8.09 7.47 7.47 8.26 8.26 9.91 9.91 13.81 13.81 15.02 15.02 10.20 10.20 7.63 7.63 9.26 10.00 10.00 9.19 9.19 8.86 8.86 8.82 8.82 8.43 8.43 8.33 8.33 8.19 8.19 8.83 8.83 9.40 9.40 8.67 8.67 8.11 8.11 9.62 9.62 10.87 10.87 9.96 9.96 9.57 9.57 9.16 9.16 9.03 9.03 9.78 9.78 10.30 10.30 9.77 9.77 8.61 8.61 8.23 8.23 8.77 8.77 9.40 9.40 9.70 9.70 9.95
14.29 14.29 14.39 14.39 14.00 14.00 11.31 11.31 9.54 9.54 9.67 9.67 9.72 9.72 9.80 9.80 9.06 9.06 8.52 8.52 8.65 8.65 11.92 11.92 14.44 14.44 10.13 10.13 7.05 7.05 9.38 11.01 11.01 9.80 9.80 8.92 8.92 9.02 9.02 8.55 8.55 8.32 8.32 8.44 8.44 8.96 8.96 8.83 8.83 7.87 7.87 8.10 8.10 10.34 10.34 10.62 10.62 9.87 9.87 10.21 10.21 9.69 9.69 9.39 9.39 9.63 9.63 10.05 10.05 9.74 9.74 8.35 8.35 7.64 7.64 8.55 8.55 9.76 9.76 9.98 9.98 10.12
14.29 14.29 14.39 14.39 14.00 14.00 11.31 11.31 9.54 9.54 9.67 9.67 9.72 9.72 9.80 9.80 9.06 9.06 8.52 8.52 8.65 8.65 11.92 11.92 14.44 14.44 10.13 10.13 7.05 7.05 9.38 11.01 11.01 9.80 9.80 8.92 8.92 9.02 9.02 8.55 8.55 8.32 8.32 8.44 8.44 8.96 8.96 8.83 8.83 7.87 7.87 8.10 8.10 10.34 10.34 10.62 10.62 9.87 9.87 10.21 10.21 9.69 9.69 9.39 9.39 9.63 9.63 10.05 10.05 9.74 9.74 8.35 8.35 7.64 7.64 8.55 8.55 9.76 9.76 9.98 9.98 10.12
14.82 14.82 16.09 16.09 14.31 14.31 9.97 9.97 8.70 8.70 8.39 8.39 8.95 8.95 10.56 10.56 10.49 10.49 9.72 9.72 9.05 9.05 10.20 10.20 12.44 12.44 10.17 10.17 7.39 7.39 9.25 11.73 11.73 10.37 10.37 9.03 9.03 9.05 9.05 8.69 8.69 8.36 8.36 8.20 8.20 8.73 8.73 8.81 8.81 8.32 8.32 8.70 8.70 10.56 10.56 10.45 10.45 9.50 9.50 10.64 10.64 10.78 10.78 9.72 9.72 8.98 8.98 8.93 8.93 9.33 9.33 8.58 8.58 7.68 7.68 8.76 8.76 10.39 10.39 10.58 10.58 10.36
14.82 14.82 16.09 16.09 14.31 14.31 9.97 9.97 8.70 8.70 8.39 8.39 8.95 8.95 10.56 10.56 10.49 10.49 9.72 9.72 9.05 9.05 10.20 10.20 12.44 12.44 10.17 10.17 7.39 7.39 9.25 11.73 11.73 10.37 10.37 9.03 9.03 9.05 9.05 8.69 8.69 8.36 8.36 8.20 8.20 8.73 8.73 8.81 8.81 8.32 8.32 8.70 8.70 10.56 10.56 10.45 10.45 9.50 9.50 10.64 10.64 10.78 10.78 9.72 9.72 8.98 8.98 8.93 8.93 9.33 9.33 8.58 8.58 7.68 7.68 8.76 8.76 10.39 10.39 10.58 10.58 10.36
13.66 13.66 16.14 16.14 14.53 14.53 9.90 9.90 8.57 8.57 7.65 7.65 7.68 7.68 9.74 9.74 11.94 11.94 11.24 11.24 9.59 9.59 8.38 8.38 9.31 9.31 9.19 9.19 7.35 7.35 9.59 11.99 11.99 10.50 10.50 9.80 9.80 9.78 9.78 9.00 9.00 8.36 8.36 7.93 7.93 8.05 8.05 8.83 8.83 9.58 9.58 9.90 9.90 10.81 10.81 10.43 10.43 9.18 9.18 10.88 10.88 11.14 11.14 8.74 8.74 8.17 8.17 8.14 8.14 8.68 8.68 8.87 8.87 8.23 8.23 9.34 9.34 11.18 11.18 11.70 11.70 10.83
13.66 13.66 16.14 16.14 14.53 14.53 9.90 9.90 8.57 8.57 7.65 7.65 7.68 7.68 9.74 9.74 11.94 11.94 11.24 11.24 9.59 9.59 8.38 8.38 9.31 9.31 9.19 9.19 7.35 7.35 9.59 11.99 11.99 10.50 10.50 9.80 9.80 9.78 9.78 9.00 9.00 8.36 8.36 7.93 7.93 8.05 8.05 8.83 8.83 9.58 9.58 9.90 9.90 10.81 10.81 10.43 10.43 9.18 9.18 10.88 10.88 11.14 11.14 8.74 8.74 8.17 8.17 8.14 8.14 8.68 8.68 8.87 8.87 8.23 8.23 9.34 9.34 11.18 11.18 11.70 11.70 10.83
11.77 11.77 16.16 16.16 15.21 15.21 10.02 10.02 8.08 8.08 7.39 7.39 7.13 7.13 8.16 8.16 12.22 12.22 12.43 12.43 9.91 9.91 7.45 7.45 7.05 7.05 7.49 7.49 6.59 6.59 9.78 11.80 11.80 9.72 9.72 10.43 10.43 11.07 11.07 9.58 9.58 8.39 8.39 7.98 7.98 7.58 7.58 8.87 8.87 10.79 10.79 11.19 11.19 11.22 11.22 9.92 9.92 8.84 8.84 10.20 10.20 10.36 10.36 8.14 8.14 7.89 7.89 8.29 8.29 8.28 8.28 8.61 8.61 8.56 8.56 9.64 9.64 12.12 12.12 13.41 13.41 11.20
11.77 11.77 16.16 16.16 15.21 15.21 10.02 10.02 8.08 8.08 7.39 7.39 7.13 7.13 8.16 8.16 12.22 12.22 12.43 12.43 9.91 9.91 7.45 7.45 7.05 7.05 7.49 7.49 6.59 6.59 9.78 11.80 11.80 9.72 9.72 10.43 10.43 11.07 11.07 9.58 9.58 8.39 8.39 7.98 7.98 7.58 7.58 8.87 8.87 10.79 10.79 11.19 11.19 11.22 11.22 9.92 9.92 8.84 8.84 10.20 10.20 10.36 10.36 8.14 8.14 7.89 7.89 8.29 8.29 8.28 8.28 8.61 8.61 8.56 8.56 9.64 9.64 12.12 12.12 13.41 13.41 11.20
9.67 9.67 15.82 15.82 17.01 17.01 10.85 10.85 8.40 8.40 8.06 8.06 7.88 7.88 9.16 9.16 11.47 11.47 11.49 11.49 10.23 10.23 8.03 8.03 6.72 6.72 6.63 6.63 6.43 6.43 9.47 11.12 11.12 8.50 8.50 10.23 10.23 11.52 11.52 9.83 9.83 9.13 9.13 8.46 8.46 8.19 8.19 9.67 9.67 11.14 11.14 11.47 11.47 11.07 11.07 9.41 9.41 8.58 8.58 8.98 8.98 9.09 9.09 8.02 8.02 7.90 7.90 8.73 8.73 8.45 8.45 8.49 8.49 8.66 8.66 9.23 9.23 13.13 13.13 15.21 15.21 10.92
9.67 9.67 15.82 15.82 17.01 17.01 10.85 10.85 8.40 8.40 8.06 8.06 7.88 7.88 9.16 9.16 11.47 11.47 11.49 11.49 10.23 10.23 8.03 8.03 6.72 6.72 6.63 6.63 6.43 6.43 9.47 11.12 11.12 8.50 8.50 10.23 10.23 11.52 11.52 9.83 9.83 9.13 9.13 8.46 8.46 8.19 8.19 9.67 9.67 11.14 11.14 11.47 11.47 11.07 11.07 9.41 9.41 8.58 8.58 8.98 8.98 9.09 9.09 8.02 8.02 7.90 7.90 8.73 8.73 8.45 8.45 8.49 8.49 8.66 8.66 9.23 9.23 13.13 13.13 15.21 15.21 10.92
7.18 7.18 14.58 14.58 18.45 18.45 12.69 12.69 10.10 10.10 9.38 9.38 8.77 8.77 9.70 9.70 10.15 10.15 9.63 9.63 8.98 8.98 8.20 8.20 7.95 7.95 7.51 7.51 7.13 7.13 9.07 10.10 10.10 8.15 8.15 9.93 9.93 10.60 10.60 9.47 9.47 9.88 9.88 9.32 9.32 9.66 9.66 10.12 10.12 10.28 10.28 10.58 10.58 10.25 10.25 9.75 9.75 8.90 8.90 8.20 8.20 8.31 8.31 7.87 7.87 7.73 7.73 8.68 8.68 8.82 8.82 9.21 9.21 9.14 9.14 8.88 8.88 13.52 13.52 16.03 16.03 10.80
5.00 5.00 11.25 11.25 17.65 17.65 15.21 15.21 11.91 11.91 10.41 10.41 9.07 9.07 8.95 8.95 9.00 9.00 8.59 8.59 7.19 7.19 7.87 7.87 9.55 9.55 8.87 8.87 7.66 7.66 8.83 9.40 9.40 8.77 8.77 9.85 9.85 8.96 8.96 9.23 9.23 10.30 10.30 9.52 9.52 10.45 10.45 9.95 9.95 9.39 9.39 9.69 9.69 9.32 9.32 9.54 9.54 9.12 9.12 8.18 8.18 8.22 8.22 8.32 8.32 8.04 8.04 7.81 7.81 8.56 8.56 10.56 10.56 10.17 10.17 9.28 9.28 13.33 13.33 15.85 15.85 11.57
5.00 5.00 11.25 11.25 17.65 17.65 15.21 15.21 11.91 11.91 10.41 10.41 9.07 9.07 8.95 8.95 9.00 9.00 8.59 8.59 7.19 7.19 7.87 7.87 9.55 9.55 8.87 8.87 7.66 7.66 8.83 9.40 9.40 8.77 8.77 9.85 9.85 8.96 8.96 9.23 9.23 10.30 10.30 9.52 9.52 10.45 10.45 9.95 9.95 9.39 9.39 9.69 9.69 9.32 9.32 9.54 9.54 9.12 9.12 8.18 8.18 8.22 8.22 8.32 8.32 8.04 8.04 7.81 7.81 8.56 8.56 10.56 10.56 10.17 10.17 9.28 9.28 13.33 13.33 15.85 15.85 11.57
