autotest/output/original/cli_domainAverage/mackay_270_10_200m_vel.asc
ncols	112
nrows	139
xllcorner	279635.000000
yllcorner	4850745.000000
cellsize	200.000000
NODATA_value	-9999.000000
[rows 37 to 73 of 139, columns 0 to 81 of 112]
9.95 9.95 9.47 9.47 9.42 9.42 10.31 10.31 10.36 10.36 10.10 10.10 10.37 10.37 9.88 9.88 9.24 9.24 9.27 9.27 9.42 9.42 9.39 9.39 9.11 9.11 8.93 8.93 9.28 9.28 9.54 9.02 9.02 9.06 9.06 10.09 10.09 9.49 9.49 8.24 8.24 8.39 8.39 8.79 8.79 8.92 8.92 9.21 9.21 9.69 9.69 9.83 9.83 9.85 9.85 10.06 10.06 9.87 9.87 9.14 9.14 8.36 8.36 7.53 7.53 5.00 5.00 3.53 3.53 5.29 5.29 7.59 7.59 10.35 10.35 13.53 13.53 17.08 17.08 15.43 15.43 5.79
9.95 9.95 9.47 9.47 9.42 9.42 10.31 10.31 10.36 10.36 10.10 10.10 10.37 10.37 9.88 9.88 9.24 9.24 9.27 9.27 9.42 9.42 9.39 9.39 9.11 9.11 8.93 8.93 9.28 9.28 9.54 9.02 9.02 9.06 9.06 10.09 10.09 9.49 9.49 8.24 8.24 8.39 8.39 8.79 8.79 8.92 8.92 9.21 9.21 9.69 9.69 9.83 9.83 9.85 9.85 10.06 10.06 9.87 9.87 9.14 9.14 8.36 8.36 7.53 7.53 5.00 5.00 3.53 3.53 5.29 5.29 7.59 7.59 10.35 10.35 13.53 13.53 17.08 17.08 15.43 15.43 5.79
9.25 9.25 9.11 9.11 9.33 9.33 10.64 10.64 11.09 11.09 10.45 10.45 10.90 10.90 10.61 10.61 9.05 9.05 8.64 8.64 9.03 9.03 9.12 9.12 9.07 9.07 9.22 9.22 9.50 9.50 9.53 9.05 9.05 9.10 9.10 10.22 10.22 9.78 9.78 8.33 8.33 8.30 8.30 8.70 8.70 8.87 8.87 9.09 9.09 9.37 9.37 9.63 9.63 9.79 9.79 9.77 9.77 9.41 9.41 8.97 8.97 8.58 8.58 7.67 7.67 5.45 5.45 4.46 4.46 5.57 5.57 8.05 8.05 10.01 10.01 12.65 12.65 17.68 17.68 14.73 14.73 5.76
9.25 9.25 9.11 9.11 9.33 9.33 10.64 10.64 11.09 11.09 10.45 10.45 10.90 10.90 10.61 10.61 9.05 9.05 8.64 8.64 9.03 9.03 9.12 9.12 9.07 9.07 9.22 9.22 9.50 9.50 9.53 9.05 9.05 9.10 9.10 10.22 10.22 9.78 9.78 8.33 8.33 8.30 8.30 8.70 8.70 8.87 8.87 9.09 9.09 9.37 9.37 9.63 9.63 9.79 9.79 9.77 9.77 9.41 9.41 8.97 8.97 8.58 8.58 7.67 7.67 5.45 5.45 4.46 4.46 5.57 5.57 8.05 8.05 10.01 10.01 12.65 12.65 17.68 17.68 14.73 14.73 5.76
8.11 8.11 8.41 8.41 9.53 9.53 11.19 11.19 11.71 11.71 10.82 10.82 11.42 11.42 11.25 11.25 8.85 8.85 8.12 8.12 8.63 8.63 8.79 8.79 8.80 8.80 9.50 9.50 10.22 10.22 9.60 8.93 8.93 9.22 9.22 10.18 10.18 9.80 9.80 8.35 8.35 8.21 8.21 8.61 8.61 8.85 8.85 8.99 8.99 9.19 9.19 9.53 9.53 9.60 9.60 9.47 9.47 9.29 9.29 9.12 9.12 8.78 8.78 8.14 8.14 6.49 6.49 5.30 5.30 6.21 6.21 8.15 8.15 9.31 9.31 12.20 12.20 17.15 17.15 13.79 13.79 5.32
8.11 8.11 8.41 8.41 9.53 9.53 11.19 11.19 11.71 11.71 10.82 10.82 11.42 11.42 11.25 11.25 8.85 8.85 8.12 8.12 8.63 8.63 8.79 8.79 8.80 8.80 9.50 9.50 10.22 10.22 9.60 8.93 8.93 9.22 9.22 10.18 10.18 9.80 9.80 8.35 8.35 8.21 8.21 8.61 8.61 8.85 8.85 8.99 8.99 9.19 9.19 9.53 9.53 9.60 9.60 9.47 9.47 9.29 9.29 9.12 9.12 8.78 8.78 8.14 8.14 6.49 6.49 5.30 5.30 6.21 6.21 8.15 8.15 9.31 9.31 12.20 12.20 17.15 17.15 13.79 13.79 5.32
6.90 6.90 7.42 7.42 9.65 9.65 12.21 12.21 12.05 12.05 10.88 10.88 11.70 11.70 11.56 11.56 9.04 9.04 7.96 7.96 8.24 8.24 8.36 8.36 8.27 8.27 9.94 9.94 11.24 11.24 9.56 8.80 8.80 9.53 9.53 9.97 9.97 9.47 9.47 8.30 8.30 8.18 8.18 8.57 8.57 8.82 8.82 8.90 8.90 9.19 9.19 9.40 9.40 9.28 9.28 9.30 9.30 9.41 9.41 9.43 9.43 9.03 9.03 8.51 8.51 7.31 7.31 6.13 6.13 6.95 6.95 8.45 8.45 8.87 8.87 11.09 11.09 16.10 16.10 12.55 12.55 4.98
6.90 6.90 7.42 7.42 9.65 9.65 12.21 12.21 12.05 12.05 10.88 10.88 11.70 11.70 11.56 11.56 9.04 9.04 7.96 7.96 8.24 8.24 8.36 8.36 8.27 8.27 9.94 9.94 11.24 11.24 9.56 8.80 8.80 9.53 9.53 9.97 9.97 9.47 9.47 8.30 8.30 8.18 8.18 8.57 8.57 8.82 8.82 8.90 8.90 9.19 9.19 9.40 9.40 9.28 9.28 9.30 9.30 9.41 9.41 9.43 9.43 9.03 9.03 8.51 8.51 7.31 7.31 6.13 6.13 6.95 6.95 8.45 8.45 8.87 8.87 11.09 11.09 16.10 16.10 12.55 12.55 4.98
6.12 6.12 6.71 6.71 9.56 9.56 12.84 12.84 12.08 12.08 10.61 10.61 11.75 11.75 11.74 11.74 9.76 9.76 8.27 8.27 8.13 8.13 7.68 7.68 7.56 7.56 10.78 10.78 12.09 12.09 9.42 9.17 9.17 10.06 10.06 9.73 9.73 8.96 8.96 8.19 8.19 8.14 8.14 8.57 8.57 8.77 8.77 8.79 8.79 9.18 9.18 9.28 9.28 9.13 9.13 9.31 9.31 9.49 9.49 9.59 9.59 9.28 9.28 8.68 8.68 7.99 7.99 7.17 7.17 7.45 7.45 8.37 8.37 8.30 8.30 9.60 9.60 13.58 13.58 11.03 11.03 5.86
6.12 6.12 6.71 6.71 9.56 9.56 12.84 12.84 12.08 12.08 10.61 10.61 11.75 11.75 11.74 11.74 9.76 9.76 8.27 8.27 8.13 8.13 7.68 7.68 7.56 7.56 10.78 10.78 12.09 12.09 9.42 9.17 9.17 10.06 10.06 9.73 9.73 8.96 8.96 8.19 8.19 8.14 8.14 8.57 8.57 8.77 8.77 8.79 8.79 9.18 9.18 9.28 9.28 9.13 9.13 9.31 9.31 9.49 9.49 9.59 9.59 9.28 9.28 8.68 8.68 7.99 7.99 7.17 7.17 7.45 7.45 8.37 8.37 8.30 8.30 9.60 9.60 13.58 13.58 11.03 11.03 5.86
6.24 6.24 6.81 6.81 9.50 9.50 12.49 12.49 11.69 11.69 10.60 10.60 11.62 11.62 11.80 11.80 10.54 10.54 9.10 9.10 8.42 8.42 6.63 6.63 6.86 6.86 12.01 12.01 12.90 12.90 9.49 9.63 9.63 10.72 10.72 9.85 9.85 8.49 8.49 7.93 7.93 7.97 7.97 8.40 8.40 8.65 8.65 8.70 8.70 9.06 9.06 9.25 9.25 9.19 9.19 9.35 9.35 9.50 9.50 9.58 9.58 9.38 9.38 8.87 8.87 8.56 8.56 7.99 7.99 7.67 7.67 8.07 8.07 7.93 7.93 8.68 8.68 10.50 10.50 9.91 9.91 8.45
6.24 6.24 6.81 6.81 9.50 9.50 12.49 12.49 11.69 11.69 10.60 10.60 11.62 11.62 11.80 11.80 10.54 10.54 9.10 9.10 8.42 8.42 6.63 6.63 6.86 6.86 12.01 12.01 12.90 12.90 9.49 9.63 9.63 10.72 10.72 9.85 9.85 8.49 8.49 7.93 7.93 7.97 7.97 8.40 8.40 8.65 8.65 8.70 8.70 9.06 9.06 9.25 9.25 9.19 9.19 9.35 9.35 9.50 9.50 9.58 9.58 9.38 9.38 8.87 8.87 8.56 8.56 7.99 7.99 7.67 7.67 8.07 8.07 7.93 7.93 8.68 8.68 10.50 10.50 9.91 9.91 8.45
6.66 6.66 7.20 7.20 9.30 9.30 11.45 11.45 11.42 11.42 10.94 10.94 11.38 11.38 11.49 11.49 10.98 10.98 10.10 10.10 8.44 8.44 5.34 5.34 6.61 6.61 13.43 13.43 13.90 13.90 9.84 9.88 9.88 11.19 11.19 10.15 10.15 8.12 8.12 7.53 7.53 7.69 7.69 8.02 8.02 8.44 8.44 8.63 8.63 8.89 8.89 9.17 9.17 9.28 9.28 9.40 9.40 9.45 9.45 9.50 9.50 9.39 9.39 9.08 9.08 8.90 8.90 8.49 8.49 7.95 7.95 7.93 7.93 7.85 7.85 8.36 8.36 8.90 8.90 9.45 9.45 10.73
6.68 6.68 7.37 7.37 9.08 9.08 10.63 10.63 11.39 11.39 11.43 11.43 11.63 11.63 11.17 11.17 10.94 10.94 10.46 10.46 7.62 7.62 4.73 4.73 7.14 7.14 14.62 14.62 14.46 14.46 10.92 10.11 10.11 10.66 10.66 10.27 10.27 8.04 8.04 7.36 7.36 7.38 7.38 7.58 7.58 8.10 8.10 8.52 8.52 8.75 8.75 8.95 8.95 9.33 9.33 9.51 9.51 9.38 9.38 9.43 9.43 9.41 9.41 9.20 9.20 9.08 9.08 8.81 8.81 8.32 8.32 8.02 8.02 8.11 8.11 8.55 8.55 8.56 8.56 9.78 9.78 11.69
6.68 6.68 7.37 7.37 9.08 9.08 10.63 10.63 11.39 11.39 11.43 11.43 11.63 11.63 11.17 11.17 10.94 10.94 10.46 10.46 7.62 7.62 4.73 4.73 7.14 7.14 14.62 14.62 14.46 14.46 10.92 10.11 10.11 10.66 10.66 10.27 10.27 8.04 8.04 7.36 7.36 7.38 7.38 7.58 7.58 8.10 8.10 8.52 8.52 8.75 8.75 8.95 8.95 9.33 9.33 9.51 9.51 9.38 9.38 9.43 9.43 9.41 9.41 9.20 9.20 9.08 9.08 8.81 8.81 8.32 8.32 8.02 8.02 8.11 8.11 8.55 8.55 8.56 8.56 9.78 9.78 11.69
6.59 6.59 7.41 7.41 8.62 8.62 10.13 10.13 11.26 11.26 11.72 11.72 12.65 12.65 11.58 11.58 10.42 10.42 9.30 9.30 7.03 7.03 5.99 5.99 9.06 9.06 14.17 14.17 15.32 15.32 12.38 9.81 9.81 9.17 9.17 9.84 9.84 9.15 9.15 7.95 7.95 7.06 7.06 7.00 7.00 7.70 7.70 8.20 8.20 8.51 8.51 8.81 8.81 9.35 9.35 9.57 9.57 9.38 9.38 9.34 9.34 9.43 9.43 9.33 9.33 9.21 9.21 9.07 9.07 8.67 8.67 8.31 8.31 8.53 8.53 8.94 8.94 8.73 8.73 9.64 9.64 11.35
6.59 6.59 7.41 7.41 8.62 8.62 10.13 10.13 11.26 11.26 11.72 11.72 12.65 12.65 11.58 11.58 10.42 10.42 9.30 9.30 7.03 7.03 5.99 5.99 9.06 9.06 14.17 14.17 15.32 15.32 12.38 9.81 9.81 9.17 9.17 9.84 9.84 9.15 9.15 7.95 7.95 7.06 7.06 7.00 7.00 7.70 7.70 8.20 8.20 8.51 8.51 8.81 8.81 9.35 9.35 9.57 9.57 9.38 9.38 9.34 9.34 9.43 9.43 9.33 9.33 9.21 9.21 9.07 9.07 8.67 8.67 8.31 8.31 8.53 8.53 8.94 8.94 8.73 8.73 9.64 9.64 11.35
6.94 6.94 7.31 7.31 8.00 8.00 9.63 9.63 10.90 10.90 12.02 12.02 13.48 13.48 12.69 12.69 10.17 10.17 6.96 6.96 6.68 6.68 9.55 9.55 10.90 10.90 12.96 12.96 15.59 15.59 13.01 9.24 9.24 7.66 7.66 8.88 8.88 10.83 10.83 9.11 9.11 6.43 6.43 6.18 6.18 7.32 7.32 7.82 7.82 8.22 8.22 8.83 8.83 9.33 9.33 9.46 9.46 9.35 9.35 9.29 9.29 9.46 9.46 9.45 9.45 9.35 9.35 9.29 9.29 8.98 8.98 8.68 8.68 8.88 8.88 9.28 9.28 8.89 8.89 8.97 8.97 10.35
6.94 6.94 7.31 7.31 8.00 8.00 9.63 9.63 10.90 10.90 12.02 12.02 13.48 13.48 12.69 12.69 10.17 10.17 6.96 6.96 6.68 6.68 9.55 9.55 10.90 10.90 12.96 12.96 15.59 15.59 13.01 9.24 9.24 7.66 7.66 8.88 8.88 10.83 10.83 9.11 9.11 6.43 6.43 6.18 6.18 7.32 7.32 7.82 7.82 8.22 8.22 8.83 8.83 9.33 9.33 9.46 9.46 9.35 9.35 9.29 9.29 9.46 9.46 9.45 9.45 9.35 9.35 9.29 9.29 8.98 8.98 8.68 8.68 8.88 8.88 9.28 9.28 8.89 8.89 8.97 8.97 10.35
7.37 7.37 6.88 6.88 7.33 7.33 9.06 9.06 10.83 10.83 12.81 12.81 13.72 13.72 13.74 13.74 11.43 11.43 6.37 6.37 6.25 6.25 11.16 11.16 13.03 13.03 13.33 13.33 14.80 14.80 12.53 8.91 8.91 6.87 6.87 8.24 8.24 11.58 11.58 9.95 9.95 5.90 5.90 5.51 5.51 7.05 7.05 7.65 7.65 8.09 8.09 8.76 8.76 9.15 9.15 9.28 9.28 9.26 9.26 9.38 9.38 9.53 9.53 9.47 9.47 9.48 9.48 9.46 9.46 9.25 9.25 9.00 9.00 9.12 9.12 9.44 9.44 9.06 9.06 8.56 8.56 9.43
7.37 7.37 6.88 6.88 7.33 7.33 9.06 9.06 10.83 10.83 12.81 12.81 13.72 13.72 13.74 13.74 11.43 11.43 6.37 6.37 6.25 6.25 11.16 11.16 13.03 13.03 13.33 13.33 14.80 14.80 12.53 8.91 8.91 6.87 6.87 8.24 8.24 11.58 11.58 9.95 9.95 5.90 5.90 5.51 5.51 7.05 7.05 7.65 7.65 8.09 8.09 8.76 8.76 9.15 9.15 9.28 9.28 9.26 9.26 9.38 9.38 9.53 9.53 9.47 9.47 9.48 9.48 9.46 9.46 9.25 9.25 9.00 9.00 9.12 9.12 9.44 9.44 9.06 9.06 8.56 8.56 9.43
7.55 7.55 6.48 6.48 6.45 6.45 8.19 8.19 10.87 10.87 13.67 13.67 14.21 14.21 14.58 14.58 13.42 13.42 8.17 8.17 5.91 5.91 10.02 10.02 14.94 14.94 14.49 14.49 12.92 12.92 10.98 8.12 8.12 7.36 7.36 8.80 8.80 10.95 10.95 9.94 9.94 6.31 6.31 5.44 5.44 6.89 6.89 7.74 7.74 8.12 8.12 8.57 8.57 8.93 8.93 9.13 9.13 9.22 9.22 9.49 9.49 9.57 9.57 9.45 9.45 9.57 9.57 9.62 9.62 9.48 9.48 9.27 9.27 9.29 9.29 9.47 9.47 9.23 9.23 8.47 8.47 8.94
7.55 7.55 6.48 6.48 6.45 6.45 8.19 8.19 10.87 10.87 13.67 13.67 14.21 14.21 14.58 14.58 13.42 13.42 8.17 8.17 5.91 5.91 10.02 10.02 14.94 14.94 14.49 14.49 12.92 12.92 10.98 8.12 8.12 7.36 7.36 8.80 8.80 10.95 10.95 9.94 9.94 6.31 6.31 5.44 5.44 6.89 6.89 7.74 7.74 8.12 8.12 8.57 8.57 8.93 8.93 9.13 9.13 9.22 9.22 9.49 9.49 9.57 9.57 9.45 9.45 9.57 9.57 9.62 9.62 9.48 9.48 9.27 9.27 9.29 9.29 9.47 9.47 9.23 9.23 8.47 8.47 8.94
7.72 7.72 6.42 6.42 5.37 5.37 7.20 7.20 10.53 10.53 13.52 13.52 14.87 14.87 15.90 15.90 14.90 14.90 9.70 9.70 5.94 5.94 8.69 8.69 15.44 15.44 14.65 14.65 10.73 10.73 9.69 7.96 7.96 8.61 8.61 9.85 9.85 9.92 9.92 8.90 8.90 6.88 6.88 5.94 5.94 6.91 6.91 7.83 7.83 8.14 8.14 8.48 8.48 8.77 8.77 9.00 9.00 9.16 9.16 9.49 9.49 9.57 9.57 9.45 9.45 9.63 9.63 9.77 9.77 9.67 9.67 9.49 9.49 9.45 9.45 9.45 9.45 9.36 9.36 8.57 8.57 8.81
7.72 7.72 6.42 6.42 5.37 5.37 7.20 7.20 10.53 10.53 13.52 13.52 14.87 14.87 15.90 15.90 14.90 14.90 9.70 9.70 5.94 5.94 8.69 8.69 15.44 15.44 14.65 14.65 10.73 10.73 9.69 7.96 7.96 8.61 8.61 9.85 9.85 9.92 9.92 8.90 8.90 6.88 6.88 5.94 5.94 6.91 6.91 7.83 7.83 8.14 8.14 8.48 8.48 8.77 8.77 9.00 9.00 9.16 9.16 9.49 9.49 9.57 9.57 9.45 9.45 9.63 9.63 9.77 9.77 9.67 9.67 9.49 9.49 9.45 9.45 9.45 9.45 9.36 9.36 8.57 8.57 8.81
7.96 7.96 6.74 6.74 4.94 4.94 6.61 6.61 10.24 10.24 12.29 12.29 14.52 14.52 17.53 17.53 15.82 15.82 9.96 9.96 7.64 7.64 10.04 10.04 14.30 14.30 12.42 12.42 10.20 10.20 9.66 8.21 8.21 9.70 9.70 10.46 10.46 9.15 9.15 7.69 7.69 6.88 6.88 6.63 6.63 7.06 7.06 7.80 7.80 8.19 8.19 8.54 8.54 8.78 8.78 8.95 8.95 9.07 9.07 9.37 9.37 9.54 9.54 9.48 9.48 9.68 9.68 9.88 9.88 9.80 9.80 9.64 9.64 9.58 9.58 9.48 9.48 9.43 9.43 8.86 8.86 8.99
7.96 7.96 6.74 6.74 4.94 4.94 6.61 6.61 10.24 10.24 12.29 12.29 14.52 14.52 17.53 17.53 15.82 15.82 9.96 9.96 7.64 7.64 10.04 10.04 14.30 14.30 12.42 12.42 10.20 10.20 9.66 8.21 8.21 9.70 9.70 10.46 10.46 9.15 9.15 7.69 7.69 6.88 6.88 6.63 6.63 7.06 7.06 7.80 7.80 8.19 8.19 8.54 8.54 8.78 8.78 8.95 8.95 9.07 9.07 9.37 9.37 9.54 9.54 9.48 9.48 9.68 9.68 9.88 9.88 9.80 9.80 9.64 9.64 9.58 9.58 9.48 9.48 9.43 9.43 8.86 8.86 8.99
7.97 7.97 7.69 7.69 5.73 5.73 6.11 6.11 10.13 10.13 11.83 11.83 12.97 12.97 18.34 18.34 16.75 16.75 10.50 10.50 10.03 10.03 11.74 11.74 11.75 11.75 9.53 9.53 10.34 10.34 10.13 8.20 8.20 10.02 10.02 10.63 10.63 8.69 8.69 7.08 7.08 6.79 6.79 7.03 7.03 7.25 7.25 7.79 7.79 8.25 8.25 8.61 8.61 8.85 8.85 8.94 8.94 9.00 9.00 9.21 9.21 9.46 9.46 9.51 9.51 9.71 9.71 9.92 9.92 9.86 9.86 9.73 9.73 9.68 9.68 9.56 9.56 9.46 9.46 9.21 9.21 9.16
7.97 7.97 7.69 7.69 5.73 5.73 6.11 6.11 10.13 10.13 11.83 11.83 12.97 12.97 18.34 18.34 16.75 16.75 10.50 10.50 10.03 10.03 11.74 11.74 11.75 11.75 9.53 9.53 10.34 10.34 10.13 8.20 8.20 10.02 10.02 10.63 10.63 8.69 8.69 7.08 7.08 6.79 6.79 7.03 7.03 7.25 7.25 7.79 7.79 8.25 8.25 8.61 8.61 8.85 8.85 8.94 8.94 9.00 9.00 9.21 9.21 9.46 9.46 9.51 9.51 9.71 9.71 9.92 9.92 9.86 9.86 9.73 9.73 9.68 9.68 9.56 9.56 9.46 9.46 9.21 9.21 9.16
8.19 8.19 9.46 9.46 6.90 6.90 4.28 4.28 9.73 9.73 12.45 12.45 12.36 12.36 17.94 17.94 17.29 17.29 11.42 11.42 11.88 11.88 11.30 11.30 9.00 9.00 8.57 8.57 9.88 9.88 10.03 8.12 8.12 9.56 9.56 10.93 10.93 8.60 8.60 7.00 7.00 6.88 6.88 7.23 7.23 7.67 7.67 8.00 8.00 8.24 8.24 8.58 8.58 8.88 8.88 8.96 8.96 8.99 8.99 9.11 9.11 9.36 9.36 9.52 9.52 9.71 9.71 9.90 9.90 9.88 9.88 9.78 9.78 9.73 9.73 9.63 9.63 9.51 9.51 9.43 9.43 9.25
8.19 8.19 9.46 9.46 6.90 6.90 4.28 4.28 9.73 9.73 12.45 12.45 12.36 12.36 17.94 17.94 17.29 17.29 11.42 11.42 11.88 11.88 11.30 11.30 9.00 9.00 8.57 8.57 9.88 9.88 10.03 8.12 8.12 9.56 9.56 10.93 10.93 8.60 8.60 7.00 7.00 6.88 6.88 7.23 7.23 7.67 7.67 8.00 8.00 8.24 8.24 8.58 8.58 8.88 8.88 8.96 8.96 8.99 8.99 9.11 9.11 9.36 9.36 9.52 9.52 9.71 9.71 9.90 9.90 9.88 9.88 9.78 9.78 9.73 9.73 9.63 9.63 9.51 9.51 9.43 9.43 9.25
9.59 9.59 10.83 10.83 7.43 7.43 3.45 3.45 7.66 7.66 12.40 12.40 13.99 13.99 17.82 17.82 17.03 17.03 12.46 12.46 11.92 11.92 10.35 10.35 8.43 8.43 9.03 9.03 9.05 9.05 9.12 8.58 8.58 9.34 9.34 10.49 10.49 8.50 8.50 7.02 7.02 7.04 7.04 7.56 7.56 8.20 8.20 8.24 8.24 8.23 8.23 8.49 8.49 8.81 8.81 8.93 8.93 8.97 8.97 9.09 9.09 9.30 9.30 9.48 9.48 9.67 9.67 9.83 9.83 9.85 9.85 9.77 9.77 9.73 9.73 9.66 9.66 9.60 9.60 9.54 9.54 9.37
9.59 9.59 10.83 10.83 7.43 7.43 3.45 3.45 7.66 7.66 12.40 12.40 13.99 13.99 17.82 17.82 17.03 17.03 12.46 12.46 11.92 11.92 10.35 10.35 8.43 8.43 9.03 9.03 9.05 9.05 9.12 8.58 8.58 9.34 9.34 10.49 10.49 8.50 8.50 7.02 7.02 7.04 7.04 7.56 7.56 8.20 8.20 8.24 8.24 8.23 8.23 8.49 8.49 8.81 8.81 8.93 8.93 8.97 8.97 9.09 9.09 9.30 9.30 9.48 9.48 9.67 9.67 9.83 9.83 9.85 9.85 9.77 9.77 9.73 9.73 9.66 9.66 9.60 9.60 9.54 9.54 9.37
10.45 10.45 11.00 11.00 7.48 7.48 4.42 4.42 6.42 6.42 9.48 9.48 15.85 15.85 19.26 19.26 16.35 16.35 12.65 12.65 11.38 11.38 9.83 9.83 8.94 8.94 8.91 8.91 8.38 8.38 8.91 9.35 9.35 9.42 9.42 9.53 9.53 8.05 8.05 7.15 7.15 7.40 7.40 8.00 8.00 8.41 8.41 8.36 8.36 8.45 8.45 8.57 8.57 8.66 8.66 8.80 8.80 8.92 8.92 9.07 9.07 9.25 9.25 9.44 9.44 9.62 9.62 9.75 9.75 9.78 9.78 9.72 9.72 9.68 9.68 9.67 9.67 9.67 9.67 9.65 9.65 9.54
10.45 10.45 11.00 11.00 7.48 7.48 4.42 4.42 6.42 6.42 9.48 9.48 15.85 15.85 19.26 19.26 16.35 16.35 12.65 12.65 11.38 11.38 9.83 9.83 8.94 8.94 8.91 8.91 8.38 8.38 8.91 9.35 9.35 9.42 9.42 9.53 9.53 8.05 8.05 7.15 7.15 7.40 7.40 8.00 8.00 8.41 8.41 8.36 8.36 8.45 8.45 8.57 8.57 8.66 8.66 8.80 8.80 8.92 8.92 9.07 9.07 9.25 9.25 9.44 9.44 9.62 9.62 9.75 9.75 9.78 9.78 9.72 9.72 9.68 9.68 9.67 9.67 9.67 9.67 9.65 9.65 9.54
9.07 9.07 10.86 10.86 10.05 10.05 6.78 6.78 6.25 6.25 6.17 6.17 13.24 13.24 20.43 20.43 15.89 15.89 12.59 12.59 11.33 11.33 9.38 9.38 8.87 8.87 8.46 8.46 8.57 8.57 9.29 9.63 9.63 9.21 9.21 9.00 9.00 7.81 7.81 7.20 7.20 7.75 7.75 8.10 8.10 8.10 8.10 8.36 8.36 9.09 9.09 9.06 9.06 8.51 8.51 8.50 8.50 8.77 8.77 9.00 9.00 9.21 9.21 9.40 9.40 9.57 9.57 9.67 9.67 9.67 9.67 9.65 9.65 9.64 9.64 9.69 9.69 9.73 9.73 9.74 9.74 9.67
9.07 9.07 10.86 10.86 10.05 10.05 6.78 6.78 6.25 6.25 6.17 6.17 13.24 13.24 20.43 20.43 15.89 15.89 12.59 12.59 11.33 11.33 9.38 9.38 8.87 8.87 8.46 8.46 8.57 8.57 9.29 9.63 9.63 9.21 9.21 9.00 9.00 7.81 7.81 7.20 7.20 7.75 7.75 8.10 8.10 8.10 8.10 8.36 8.36 9.09 9.09 9.06 9.06 8.51 8.51 8.50 8.50 8.77 8.77 9.00 9.00 9.21 9.21 9.40 9.40 9.57 9.57 9.67 9.67 9.67 9.67 9.65 9.65 9.64 9.64 9.69 9.69 9.73 9.73 9.74 9.74 9.67
