autotest/output/original/cli_domainAverage/mackay_270_10_200m_vel.asc
ncols	112
nrows	139
xllcorner	279635.000000
yllcorner	4850745.000000
cellsize	200.000000
NODATA_value	-9999.000000
[rows 0 to 36 of 139, columns 0 to 81 of 112]
8.88 8.88 9.32 9.32 9.72 9.72 9.47 9.47 9.73 9.73 10.24 10.24 10.14 10.14 9.99 9.99 9.92 9.92 9.59 9.59 9.56 9.56 10.02 10.02 10.46 10.46 10.46 10.46 11.74 11.74 12.86 12.67 12.67 12.56 12.56 13.05 13.05 12.40 12.40 7.59 7.59 6.12 6.12 10.86 10.86 11.92 11.92 11.62 11.62 9.83 9.83 6.60 6.60 7.87 7.87 12.59 12.59 15.44 15.44 16.19 16.19 15.72 15.72 12.46 12.46 10.11 10.11 11.72 11.72 9.81 9.81 5.41 5.41 9.13 9.13 12.03 12.03 13.21 13.21 13.22 13.22 11.04
8.44 8.44 8.93 8.93 9.47 9.47 9.32 9.32 9.49 9.49 10.06 10.06 10.11 10.11 10.00 10.00 9.84 9.84 9.31 9.31 9.08 9.08 9.37 9.37 9.57 9.57 8.83 8.83 9.23 9.23 10.48 10.89 10.89 10.98 10.98 13.14 13.14 13.84 13.84 7.00 7.00 4.67 4.67 10.35 10.35 12.46 12.46 11.90 11.90 8.87 8.87 5.57 5.57 6.35 6.35 8.79 8.79 11.27 11.27 13.20 13.20 16.13 16.13 13.75 13.75 9.66 9.66 12.42 12.42 9.68 9.68 4.51 4.51 5.56 5.56 10.29 10.29 15.09 15.09 13.97 13.97 9.09
8.44 8.44 8.93 8.93 9.47 9.47 9.32 9.32 9.49 9.49 10.06 10.06 10.11 10.11 10.00 10.00 9.84 9.84 9.31 9.31 9.08 9.08 9.37 9.37 9.57 9.57 8.83 8.83 9.23 9.23 10.48 10.89 10.89 10.98 10.98 13.14 13.14 13.84 13.84 7.00 7.00 4.67 4.67 10.35 10.35 12.46 12.46 11.90 11.90 8.87 8.87 5.57 5.57 6.35 6.35 8.79 8.79 11.27 11.27 13.20 13.20 16.13 16.13 13.75 13.75 9.66 9.66 12.42 12.42 9.68 9.68 4.51 4.51 5.56 5.56 10.29 10.29 15.09 15.09 13.97 13.97 9.09
7.86 7.86 8.35 8.35 9.00 9.00 9.23 9.23 9.47 9.47 9.87 9.87 10.06 10.06 10.02 10.02 9.66 9.66 8.93 8.93 8.68 8.68 8.93 8.93 8.75 8.75 7.78 7.78 7.48 7.48 7.78 9.65 9.65 11.27 11.27 13.28 13.28 15.19 15.19 8.40 8.40 4.64 4.64 10.40 10.40 12.29 12.29 12.13 12.13 9.94 9.94 6.94 6.94 5.82 5.82 5.23 5.23 5.59 5.59 8.66 8.66 15.77 15.77 16.05 16.05 9.61 9.61 12.83 12.83 13.13 13.13 5.57 5.57 4.27 4.27 9.63 9.63 16.85 16.85 13.89 13.89 8.90
7.86 7.86 8.35 8.35 9.00 9.00 9.23 9.23 9.47 9.47 9.87 9.87 10.06 10.06 10.02 10.02 9.66 9.66 8.93 8.93 8.68 8.68 8.93 8.93 8.75 8.75 7.78 7.78 7.48 7.48 7.78 9.65 9.65 11.27 11.27 13.28 13.28 15.19 15.19 8.40 8.40 4.64 4.64 10.40 10.40 12.29 12.29 12.13 12.13 9.94 9.94 6.94 6.94 5.82 5.82 5.23 5.23 5.59 5.59 8.66 8.66 15.77 15.77 16.05 16.05 9.61 9.61 12.83 12.83 13.13 13.13 5.57 5.57 4.27 4.27 9.63 9.63 16.85 16.85 13.89 13.89 8.90
7.55 7.55 8.08 8.08 8.81 8.81 9.25 9.25 9.57 9.57 9.78 9.78 9.93 9.93 9.95 9.95 9.47 9.47 8.76 8.76 8.82 8.82 9.16 9.16 8.84 8.84 8.14 8.14 7.68 7.68 7.17 9.17 9.17 12.27 12.27 12.76 12.76 14.01 14.01 10.68 10.68 7.17 7.17 10.31 10.31 11.06 11.06 11.33 11.33 8.76 8.76 6.73 6.73 8.04 8.04 6.25 6.25 4.28 4.28 5.94 5.94 12.34 12.34 17.56 17.56 13.07 13.07 12.13 12.13 14.94 14.94 8.23 8.23 4.79 4.79 9.54 9.54 15.33 15.33 12.76 12.76 11.08
7.55 7.55 8.08 8.08 8.81 8.81 9.25 9.25 9.57 9.57 9.78 9.78 9.93 9.93 9.95 9.95 9.47 9.47 8.76 8.76 8.82 8.82 9.16 9.16 8.84 8.84 8.14 8.14 7.68 7.68 7.17 9.17 9.17 12.27 12.27 12.76 12.76 14.01 14.01 10.68 10.68 7.17 7.17 10.31 10.31 11.06 11.06 11.33 11.33 8.76 8.76 6.73 6.73 8.04 8.04 6.25 6.25 4.28 4.28 5.94 5.94 12.34 12.34 17.56 17.56 13.07 13.07 12.13 12.13 14.94 14.94 8.23 8.23 4.79 4.79 9.54 9.54 15.33 15.33 12.76 12.76 11.08
7.34 7.34 7.98 7.98 8.86 8.86 9.20 9.20 9.51 9.51 9.76 9.76 9.84 9.84 9.82 9.82 9.28 9.28 8.74 8.74 9.07 9.07 9.44 9.44 9.15 9.15 8.46 8.46 8.12 8.12 7.23 8.35 8.35 11.81 11.81 11.48 11.48 11.59 11.59 11.70 11.70 10.14 10.14 9.89 9.89 9.41 9.41 10.79 10.79 8.84 8.84 5.80 5.80 8.08 8.08 7.79 7.79 5.22 5.22 5.14 5.14 8.44 8.44 16.01 16.01 16.81 16.81 14.40 14.40 13.65 13.65 10.12 10.12 6.62 6.62 9.68 9.68 11.01 11.01 12.01 12.01 14.06
7.34 7.34 7.98 7.98 8.86 8.86 9.20 9.20 9.51 9.51 9.76 9.76 9.84 9.84 9.82 9.82 9.28 9.28 8.74 8.74 9.07 9.07 9.44 9.44 9.15 9.15 8.46 8.46 8.12 8.12 7.23 8.35 8.35 11.81 11.81 11.48 11.48 11.59 11.59 11.70 11.70 10.14 10.14 9.89 9.89 9.41 9.41 10.79 10.79 8.84 8.84 5.80 5.80 8.08 8.08 7.79 7.79 5.22 5.22 5.14 5.14 8.44 8.44 16.01 16.01 16.81 16.81 14.40 14.40 13.65 13.65 10.12 10.12 6.62 6.62 9.68 9.68 11.01 11.01 12.01 12.01 14.06
7.27 7.27 7.97 7.97 8.90 8.90 9.17 9.17 9.44 9.44 9.70 9.70 9.80 9.80 9.66 9.66 9.10 9.10 8.94 8.94 9.42 9.42 9.58 9.58 9.35 9.35 8.79 8.79 8.39 8.39 7.53 7.66 7.66 9.69 9.69 10.14 10.14 10.16 10.16 11.60 11.60 12.69 12.69 11.05 11.05 8.89 8.89 11.11 11.11 11.00 11.00 6.91 6.91 5.88 5.88 7.77 7.77 7.51 7.51 5.72 5.72 6.36 6.36 13.61 13.61 19.73 19.73 16.62 16.62 10.42 10.42 9.42 9.42 9.02 9.02 8.79 8.79 6.17 6.17 9.79 9.79 15.62
7.27 7.27 7.97 7.97 8.90 8.90 9.17 9.17 9.44 9.44 9.70 9.70 9.80 9.80 9.66 9.66 9.10 9.10 8.94 8.94 9.42 9.42 9.58 9.58 9.35 9.35 8.79 8.79 8.39 8.39 7.53 7.66 7.66 9.69 9.69 10.14 10.14 10.16 10.16 11.60 11.60 12.69 12.69 11.05 11.05 8.89 8.89 11.11 11.11 11.00 11.00 6.91 6.91 5.88 5.88 7.77 7.77 7.51 7.51 5.72 5.72 6.36 6.36 13.61 13.61 19.73 19.73 16.62 16.62 10.42 10.42 9.42 9.42 9.02 9.02 8.79 8.79 6.17 6.17 9.79 9.79 15.62
7.26 7.26 8.01 8.01 8.90 8.90 9.14 9.14 9.39 9.39 9.66 9.66 9.76 9.76 9.48 9.48 9.04 9.04 9.30 9.30 9.70 9.70 9.56 9.56 9.36 9.36 9.03 9.03 8.45 8.45 7.89 7.15 7.15 6.40 6.40 8.15 8.15 9.90 9.90 11.06 11.06 12.84 12.84 13.04 13.04 10.39 10.39 11.59 11.59 12.90 12.90 7.50 7.50 4.63 4.63 6.08 6.08 8.42 8.42 7.79 7.79 6.10 6.10 11.81 11.81 21.28 21.28 15.79 15.79 8.62 8.62 8.10 8.10 7.87 7.87 8.18 8.18 5.28 5.28 7.35 7.35 16.29
7.26 7.26 8.01 8.01 8.90 8.90 9.14 9.14 9.39 9.39 9.66 9.66 9.76 9.76 9.48 9.48 9.04 9.04 9.30 9.30 9.70 9.70 9.56 9.56 9.36 9.36 9.03 9.03 8.45 8.45 7.89 7.15 7.15 6.40 6.40 8.15 8.15 9.90 9.90 11.06 11.06 12.84 12.84 13.04 13.04 10.39 10.39 11.59 11.59 12.90 12.90 7.50 7.50 4.63 4.63 6.08 6.08 8.42 8.42 7.79 7.79 6.10 6.10 11.81 11.81 21.28 21.28 15.79 15.79 8.62 8.62 8.10 8.10 7.87 7.87 8.18 8.18 5.28 5.28 7.35 7.35 16.29
7.33 7.33 8.05 8.05 8.87 8.87 9.11 9.11 9.39 9.39 9.65 9.65 9.67 9.67 9.31 9.31 9.12 9.12 9.61 9.61 9.87 9.87 9.51 9.51 9.25 9.25 9.07 9.07 8.54 8.54 8.01 6.92 6.92 4.97 4.97 5.54 5.54 8.10 8.10 9.11 9.11 10.76 10.76 13.30 13.30 12.53 12.53 13.05 13.05 14.83 14.83 8.92 8.92 4.28 4.28 5.00 5.00 7.79 7.79 9.77 9.77 7.85 7.85 13.25 13.25 20.29 20.29 16.62 16.62 10.23 10.23 7.57 7.57 5.03 5.03 5.09 5.09 5.98 5.98 7.42 7.42 16.10
7.33 7.33 8.05 8.05 8.87 8.87 9.11 9.11 9.39 9.39 9.65 9.65 9.67 9.67 9.31 9.31 9.12 9.12 9.61 9.61 9.87 9.87 9.51 9.51 9.25 9.25 9.07 9.07 8.54 8.54 8.01 6.92 6.92 4.97 4.97 5.54 5.54 8.10 8.10 9.11 9.11 10.76 10.76 13.30 13.30 12.53 12.53 13.05 13.05 14.83 14.83 8.92 8.92 4.28 4.28 5.00 5.00 7.79 7.79 9.77 9.77 7.85 7.85 13.25 13.25 20.29 20.29 16.62 16.62 10.23 10.23 7.57 7.57 5.03 5.03 5.09 5.09 5.98 5.98 7.42 7.42 16.10
7.48 7.48 8.06 8.06 8.84 8.84 9.13 9.13 9.41 9.41 9.64 9.64 9.55 9.55 9.23 9.23 9.16 9.16 9.78 9.78 10.17 10.17 9.47 9.47 8.99 8.99 8.93 8.93 8.68 8.68 8.17 7.01 7.01 5.67 5.67 5.64 5.64 6.54 6.54 6.92 6.92 8.32 8.32 11.26 11.26 11.58 11.58 12.78 12.78 16.13 16.13 13.26 13.26 6.31 6.31 5.04 5.04 8.94 8.94 11.56 11.56 13.10 13.10 15.77 15.77 16.43 16.43 16.03 16.03 12.30 12.30 7.65 7.65 2.84 2.84 1.38 1.38 4.49 4.49 7.39 7.39 13.48
7.48 7.48 8.06 8.06 8.84 8.84 9.13 9.13 9.41 9.41 9.64 9.64 9.55 9.55 9.23 9.23 9.16 9.16 9.78 9.78 10.17 10.17 9.47 9.47 8.99 8.99 8.93 8.93 8.68 8.68 8.17 7.01 7.01 5.67 5.67 5.64 5.64 6.54 6.54 6.92 6.92 8.32 8.32 11.26 11.26 11.58 11.58 12.78 12.78 16.13 16.13 13.26 13.26 6.31 6.31 5.04 5.04 8.94 8.94 11.56 11.56 13.10 13.10 15.77 15.77 16.43 16.43 16.03 16.03 12.30 12.30 7.65 7.65 2.84 2.84 1.38 1.38 4.49 4.49 7.39 7.39 13.48
7.65 7.65 8.11 8.11 8.80 8.80 9.15 9.15 9.43 9.43 9.59 9.59 9.42 9.42 9.18 9.18 9.09 9.09 10.00 10.00 10.61 10.61 9.26 9.26 8.64 8.64 8.86 8.86 8.80 8.80 8.45 7.35 7.35 6.38 6.38 5.88 5.88 6.01 6.01 6.43 6.43 7.67 7.67 9.38 9.38 9.62 9.62 10.54 10.54 14.07 14.07 15.61 15.61 11.43 11.43 6.92 6.92 10.26 10.26 14.87 14.87 16.72 16.72 14.06 14.06 12.42 12.42 14.31 14.31 11.11 11.11 7.59 7.59 4.29 4.29 3.40 3.40 3.90 3.90 7.16 7.16 12.29
7.65 7.65 8.11 8.11 8.80 8.80 9.15 9.15 9.43 9.43 9.59 9.59 9.42 9.42 9.18 9.18 9.09 9.09 10.00 10.00 10.61 10.61 9.26 9.26 8.64 8.64 8.86 8.86 8.80 8.80 8.45 7.35 7.35 6.38 6.38 5.88 5.88 6.01 6.01 6.43 6.43 7.67 7.67 9.38 9.38 9.62 9.62 10.54 10.54 14.07 14.07 15.61 15.61 11.43 11.43 6.92 6.92 10.26 10.26 14.87 14.87 16.72 16.72 14.06 14.06 12.42 12.42 14.31 14.31 11.11 11.11 7.59 7.59 4.29 4.29 3.40 3.40 3.90 3.90 7.16 7.16 12.29
7.78 7.78 8.19 8.19 8.81 8.81 9.17 9.17 9.41 9.41 9.48 9.48 9.26 9.26 9.12 9.12 9.29 9.29 10.43 10.43 10.72 10.72 8.85 8.85 8.45 8.45 8.95 8.95 8.87 8.87 8.71 7.85 7.85 6.66 6.66 6.10 6.10 6.25 6.25 6.65 6.65 7.51 7.51 7.53 7.53 8.23 8.23 10.36 10.36 11.10 11.10 13.18 13.18 13.81 13.81 8.68 8.68 10.80 10.80 17.03 17.03 14.66 14.66 9.76 9.76 10.86 10.86 12.80 12.80 8.55 8.55 5.56 5.56 4.54 4.54 4.54 4.54 3.97 3.97 7.46 7.46 14.25
7.78 7.78 8.19 8.19 8.81 8.81 9.17 9.17 9.41 9.41 9.48 9.48 9.26 9.26 9.12 9.12 9.29 9.29 10.43 10.43 10.72 10.72 8.85 8.85 8.45 8.45 8.95 8.95 8.87 8.87 8.71 7.85 7.85 6.66 6.66 6.10 6.10 6.25 6.25 6.65 6.65 7.51 7.51 7.53 7.53 8.23 8.23 10.36 10.36 11.10 11.10 13.18 13.18 13.81 13.81 8.68 8.68 10.80 10.80 17.03 17.03 14.66 14.66 9.76 9.76 10.86 10.86 12.80 12.80 8.55 8.55 5.56 5.56 4.54 4.54 4.54 4.54 3.97 3.97 7.46 7.46 14.25
7.84 7.84 8.24 8.24 8.91 8.91 9.30 9.30 9.35 9.35 9.24 9.24 9.08 9.08 9.25 9.25 9.97 9.97 10.70 10.70 10.07 10.07 8.59 8.59 8.62 8.62 9.08 9.08 8.97 8.97 8.95 8.28 8.28 6.85 6.85 6.30 6.30 6.74 6.74 7.04 7.04 7.35 7.35 7.09 7.09 7.84 7.84 10.06 10.06 10.38 10.38 11.84 11.84 14.57 14.57 10.46 10.46 12.07 12.07 18.17 18.17 13.46 13.46 8.39 8.39 9.66 9.66 11.33 11.33 8.31 8.31 4.39 4.39 3.87 3.87 4.59 4.59 3.63 3.63 7.57 7.57 15.53
7.84 7.84 8.24 8.24 8.91 8.91 9.30 9.30 9.35 9.35 9.24 9.24 9.08 9.08 9.25 9.25 9.97 9.97 10.70 10.70 10.07 10.07 8.59 8.59 8.62 8.62 9.08 9.08 8.97 8.97 8.95 8.28 8.28 6.85 6.85 6.30 6.30 6.74 6.74 7.04 7.04 7.35 7.35 7.09 7.09 7.84 7.84 10.06 10.06 10.38 10.38 11.84 11.84 14.57 14.57 10.46 10.46 12.07 12.07 18.17 18.17 13.46 13.46 8.39 8.39 9.66 9.66 11.33 11.33 8.31 8.31 4.39 4.39 3.87 3.87 4.59 4.59 3.63 3.63 7.57 7.57 15.53
7.96 7.96 8.24 8.24 9.04 9.04 9.47 9.47 9.22 9.22 9.04 9.04 9.09 9.09 9.71 9.71 10.55 10.55 10.25 10.25 9.15 9.15 8.64 8.64 8.88 8.88 9.27 9.27 9.37 9.37 9.14 8.43 8.43 7.09 7.09 6.65 6.65 7.20 7.20 7.33 7.33 7.36 7.36 7.47 7.47 7.95 7.95 9.05 9.05 10.48 10.48 12.76 12.76 13.95 13.95 11.46 11.46 14.33 14.33 18.54 18.54 15.89 15.89 11.39 11.39 8.12 8.12 8.89 8.89 9.41 9.41 5.72 5.72 4.74 4.74 4.32 4.32 4.91 4.91 10.98 10.98 14.74
7.96 7.96 8.24 8.24 9.04 9.04 9.47 9.47 9.22 9.22 9.04 9.04 9.09 9.09 9.71 9.71 10.55 10.55 10.25 10.25 9.15 9.15 8.64 8.64 8.88 8.88 9.27 9.27 9.37 9.37 9.14 8.43 8.43 7.09 7.09 6.65 6.65 7.20 7.20 7.33 7.33 7.36 7.36 7.47 7.47 7.95 7.95 9.05 9.05 10.48 10.48 12.76 12.76 13.95 13.95 11.46 11.46 14.33 14.33 18.54 18.54 15.89 15.89 11.39 11.39 8.12 8.12 8.89 8.89 9.41 9.41 5.72 5.72 4.74 4.74 4.32 4.32 4.91 4.91 10.98 10.98 14.74
8.32 8.32 8.39 8.39 9.08 9.08 9.51 9.51 9.14 9.14 9.10 9.10 9.30 9.30 10.00 10.00 10.42 10.42 9.49 9.49 8.84 8.84 8.77 8.77 8.87 8.87 9.78 9.78 9.94 9.94 9.05 8.47 8.47 7.44 7.44 7.18 7.18 7.48 7.48 7.36 7.36 7.58 7.58 7.92 7.92 8.17 8.17 8.72 8.72 10.90 10.90 13.38 13.38 13.04 13.04 11.99 11.99 14.22 14.22 15.03 15.03 15.17 15.17 15.12 15.12 9.20 9.20 5.99 5.99 7.61 7.61 6.92 6.92 5.32 5.32 3.58 3.58 7.70 7.70 12.05 12.05 12.66
8.32 8.32 8.39 8.39 9.08 9.08 9.51 9.51 9.14 9.14 9.10 9.10 9.30 9.30 10.00 10.00 10.42 10.42 9.49 9.49 8.84 8.84 8.77 8.77 8.87 8.87 9.78 9.78 9.94 9.94 9.05 8.47 8.47 7.44 7.44 7.18 7.18 7.48 7.48 7.36 7.36 7.58 7.58 7.92 7.92 8.17 8.17 8.72 8.72 10.90 10.90 13.38 13.38 13.04 13.04 11.99 11.99 14.22 14.22 15.03 15.03 15.17 15.17 15.12 15.12 9.20 9.20 5.99 5.99 7.61 7.61 6.92 6.92 5.32 5.32 3.58 3.58 7.70 7.70 12.05 12.05 12.66
8.86 8.86 8.76 8.76 9.08 9.08 9.46 9.46 9.31 9.31 9.28 9.28 9.41 9.41 9.82 9.82 9.90 9.90 9.31 9.31 9.04 9.04 8.80 8.80 8.87 8.87 10.33 10.33 10.14 10.14 8.74 8.59 8.59 7.88 7.88 7.76 7.76 7.63 7.63 7.34 7.34 7.93 7.93 8.40 8.40 8.59 8.59 9.22 9.22 11.22 11.22 12.47 12.47 12.50 12.50 12.77 12.77 12.90 12.90 12.17 12.17 12.69 12.69 16.07 16.07 13.32 13.32 5.58 5.58 4.51 4.51 6.26 6.26 5.59 5.59 5.77 5.77 8.93 8.93 10.64 10.64 11.16
8.86 8.86 8.76 8.76 9.08 9.08 9.46 9.46 9.31 9.31 9.28 9.28 9.41 9.41 9.82 9.82 9.90 9.90 9.31 9.31 9.04 9.04 8.80 8.80 8.87 8.87 10.33 10.33 10.14 10.14 8.74 8.59 8.59 7.88 7.88 7.76 7.76 7.63 7.63 7.34 7.34 7.93 7.93 8.40 8.40 8.59 8.59 9.22 9.22 11.22 11.22 12.47 12.47 12.50 12.50 12.77 12.77 12.90 12.90 12.17 12.17 12.69 12.69 16.07 16.07 13.32 13.32 5.58 5.58 4.51 4.51 6.26 6.26 5.59 5.59 5.77 5.77 8.93 8.93 10.64 10.64 11.16
9.31 9.31 9.17 9.17 9.16 9.16 9.45 9.45 9.51 9.51 9.30 9.30 9.28 9.28 9.51 9.51 9.57 9.57 9.55 9.55 9.32 9.32 9.11 9.11 9.10 9.10 10.10 10.10 9.97 9.97 8.74 8.67 8.67 8.32 8.32 8.45 8.45 7.75 7.75 7.36 7.36 8.28 8.28 8.80 8.80 9.01 9.01 9.47 9.47 10.48 10.48 10.93 10.93 12.11 12.11 13.00 13.00 11.49 11.49 10.83 10.83 10.56 10.56 13.64 13.64 15.26 15.26 8.68 8.68 5.57 5.57 6.03 6.03 7.32 7.32 10.00 10.00 8.55 8.55 8.40 8.40 11.36
9.31 9.31 9.17 9.17 9.16 9.16 9.45 9.45 9.51 9.51 9.30 9.30 9.28 9.28 9.51 9.51 9.57 9.57 9.55 9.55 9.32 9.32 9.11 9.11 9.10 9.10 10.10 10.10 9.97 9.97 8.74 8.67 8.67 8.32 8.32 8.45 8.45 7.75 7.75 7.36 7.36 8.28 8.28 8.80 8.80 9.01 9.01 9.47 9.47 10.48 10.48 10.93 10.93 12.11 12.11 13.00 13.00 11.49 11.49 10.83 10.83 10.56 10.56 13.64 13.64 15.26 15.26 8.68 8.68 5.57 5.57 6.03 6.03 7.32 7.32 10.00 10.00 8.55 8.55 8.40 8.40 11.36
9.62 9.62 9.50 9.50 9.40 9.40 9.51 9.51 9.54 9.54 9.35 9.35 9.21 9.21 9.28 9.28 9.55 9.55 9.69 9.69 9.59 9.59 9.61 9.61 9.20 9.20 9.34 9.34 9.60 9.60 9.11 8.69 8.69 8.67 8.67 9.15 9.15 7.97 7.97 7.51 7.51 8.54 8.54 8.96 8.96 9.20 9.20 9.35 9.35 9.74 9.74 10.57 10.57 11.86 11.86 12.17 12.17 10.85 10.85 10.07 10.07 9.00 9.00 10.53 10.53 13.87 13.87 10.02 10.02 6.79 6.79 5.58 5.58 8.89 8.89 12.37 12.37 8.41 8.41 9.16 9.16 13.20
9.62 9.62 9.50 9.50 9.40 9.40 9.51 9.51 9.54 9.54 9.35 9.35 9.21 9.21 9.28 9.28 9.55 9.55 9.69 9.69 9.59 9.59 9.61 9.61 9.20 9.20 9.34 9.34 9.60 9.60 9.11 8.69 8.69 8.67 8.67 9.15 9.15 7.97 7.97 7.51 7.51 8.54 8.54 8.96 8.96 9.20 9.20 9.35 9.35 9.74 9.74 10.57 10.57 11.86 11.86 12.17 12.17 10.85 10.85 10.07 10.07 9.00 9.00 10.53 10.53 13.87 13.87 10.02 10.02 6.79 6.79 5.58 5.58 8.89 8.89 12.37 12.37 8.41 8.41 9.16 9.16 13.20
9.87 9.87 9.72 9.72 9.59 9.59 9.62 9.62 9.59 9.59 9.56 9.56 9.37 9.37 9.26 9.26 9.52 9.52 9.69 9.69 9.78 9.78 9.82 9.82 9.12 9.12 8.85 8.85 9.31 9.31 9.41 8.81 8.81 8.91 8.91 9.61 9.61 8.42 8.42 7.80 7.80 8.59 8.59 8.96 8.96 9.14 9.14 9.28 9.28 9.68 9.68 10.48 10.48 11.09 11.09 11.05 11.05 10.58 10.58 9.70 9.70 8.37 8.37 8.74 8.74 10.28 10.28 8.52 8.52 6.74 6.74 5.15 5.15 8.65 8.65 13.53 13.53 11.75 11.75 13.40 13.40 12.70
9.87 9.87 9.72 9.72 9.59 9.59 9.62 9.62 9.59 9.59 9.56 9.56 9.37 9.37 9.26 9.26 9.52 9.52 9.69 9.69 9.78 9.78 9.82 9.82 9.12 9.12 8.85 8.85 9.31 9.31 9.41 8.81 8.81 8.91 8.91 9.61 9.61 8.42 8.42 7.80 7.80 8.59 8.59 8.96 8.96 9.14 9.14 9.28 9.28 9.68 9.68 10.48 10.48 11.09 11.09 11.05 11.05 10.58 10.58 9.70 9.70 8.37 8.37 8.74 8.74 10.28 10.28 8.52 8.52 6.74 6.74 5.15 5.15 8.65 8.65 13.53 13.53 11.75 11.75 13.40 13.40 12.70
10.07 10.07 9.71 9.71 9.58 9.58 9.95 9.95 9.84 9.84 9.83 9.83 9.83 9.83 9.43 9.43 9.41 9.41 9.59 9.59 9.71 9.71 9.64 9.64 9.10 9.10 8.76 8.76 9.21 9.21 9.52 8.95 8.95 9.04 9.04 9.87 9.87 9.01 9.01 8.08 8.08 8.47 8.47 8.88 8.88 9.01 9.01 9.28 9.28 9.79 9.79 10.15 10.15 10.24 10.24 10.39 10.39 10.31 10.31 9.44 9.44 8.26 8.26 7.84 7.84 6.61 6.61 5.43 5.43 5.94 5.94 6.27 6.27 9.65 9.65 14.01 14.01 15.56 15.56 15.02 15.02 7.99
10.07 10.07 9.71 9.71 9.58 9.58 9.95 9.95 9.84 9.84 9.83 9.83 9.83 9.83 9.43 9.43 9.41 9.41 9.59 9.59 9.71 9.71 9.64 9.64 9.10 9.10 8.76 8.76 9.21 9.21 9.52 8.95 8.95 9.04 9.04 9.87 9.87 9.01 9.01 8.08 8.08 8.47 8.47 8.88 8.88 9.01 9.01 9.28 9.28 9.79 9.79 10.15 10.15 10.24 10.24 10.39 10.39 10.31 10.31 9.44 9.44 8.26 8.26 7.84 7.84 6.61 6.61 5.43 5.43 5.94 5.94 6.27 6.27 9.65 9.65 14.01 14.01 15.56 15.56 15.02 15.02 7.99
