autotest/output/original/cli_domainAverage/mackay_270_10_200m_ang.asc
ncols	112
nrows	139
xllcorner	279635.000000
yllcorner	4850745.000000
cellsize	200.000000
NODATA_value	-9999.000000
[rows 42 to 83 of 139, columns 0 to 93 of 112]
266 266 262 262 261 261 265 265 269 269 271 271 273 273 277 277 283 283 283 283 280 280 277 277 274 274 274 274 278 278 282 281 281 280 280 279 279 278 278 278 278 278 278 277 277 277 277 276 276 275 275 275 275 273 273 272 272 271 271 272 272 274 274 276 276 284 284 297 297 299 299 294 294 287 287 280 280 271 271 260 260 230 230 226 226 272 272 280 280 272 269 269 272 272
265 265 262 262 261 261 266 266 271 271 271 271 271 271 272 272 275 275 279 279 279 279 276 276 273 273 272 272 277 277 283 284 284 283 283 282 282 279 279 278 278 277 277 277 277 277 277 276 276 276 276 275 275 274 274 272 272 273 273 274 274 276 276 278 278 283 283 295 295 300 300 297 297 293 293 284 284 272 272 259 259 232 232 263 263 281 281 278 278 269 263 263 261 261
265 265 262 262 261 261 266 266 271 271 271 271 271 271 272 272 275 275 279 279 279 279 276 276 273 273 272 272 277 277 283 284 284 283 283 282 282 279 279 278 278 277 277 277 277 277 277 276 276 276 276 275 275 274 274 272 272 273 273 274 274 276 276 278 278 283 283 295 295 300 300 297 297 293 293 284 284 272 272 259 259 232 232 263 263 281 281 278 278 269 263 263 261 261
268 268 267 267 267 267 268 268 269 269 267 267 266 266 267 267 268 268 273 273 276 276 274 274 269 269 271 271 276 276 279 282 282 285 285 286 286 283 283 281 281 279 279 278 278 277 277 276 276 275 275 275 275 274 274 274 274 274 274 274 274 275 275 277 277 281 281 290 290 297 297 295 295 294 294 288 288 273 273 259 259 255 255 280 280 280 280 273 273 271 266 266 255 255
268 268 267 267 267 267 268 268 269 269 267 267 266 266 267 267 268 268 273 273 276 276 274 274 269 269 271 271 276 276 279 282 282 285 285 286 286 283 283 281 281 279 279 278 278 277 277 276 276 275 275 275 275 274 274 274 274 274 274 274 274 275 275 277 277 281 281 290 290 297 297 295 295 294 294 288 288 273 273 259 259 255 255 280 280 280 280 273 273 271 266 266 255 255
272 272 274 274 274 274 269 269 265 265 264 264 264 264 264 264 264 264 268 268 272 272 269 269 261 261 267 267 274 274 279 280 280 283 283 289 289 291 291 287 287 283 283 280 280 278 278 277 277 275 275 275 275 275 275 275 275 275 275 275 275 275 275 276 276 279 279 284 284 290 290 291 291 291 291 289 289 277 277 267 267 273 273 284 284 280 280 275 275 275 268 268 247 247
272 272 274 274 274 274 269 269 265 265 264 264 264 264 264 264 264 264 268 268 272 272 269 269 261 261 267 267 274 274 279 280 280 283 283 289 289 291 291 287 287 283 283 280 280 278 278 277 277 275 275 275 275 275 275 275 275 275 275 275 275 275 275 276 276 279 279 284 284 290 290 291 291 291 291 289 289 277 277 267 267 273 273 284 284 280 280 275 275 275 268 268 247 247
271 271 272 272 272 272 268 268 264 264 266 266 267 267 265 265 264 264 267 267 269 269 257 257 252 252 267 267 275 275 281 282 282 282 282 287 287 294 294 293 293 288 288 283 283 279 279 278 278 277 277 275 275 275 275 275 275 275 275 275 275 274 274 275 275 277 277 279 279 283 283 286 286 288 288 288 288 284 284 280 280 282 282 286 286 283 283 280 280 277 265 265 235 235
269 269 269 269 268 268 266 266 265 265 266 266 269 269 271 271 270 270 268 268 262 262 247 247 257 257 270 270 275 275 282 286 286 282 282 280 280 287 287 294 294 292 292 287 287 282 282 279 279 277 277 275 275 274 274 274 274 275 275 274 274 274 274 274 274 275 275 277 277 279 279 282 282 285 285 287 287 288 288 286 286 284 284 285 285 285 285 283 283 277 265 265 237 237
269 269 269 269 268 268 266 266 265 265 266 266 269 269 271 271 270 270 268 268 262 262 247 247 257 257 270 270 275 275 282 286 286 282 282 280 280 287 287 294 294 292 292 287 287 282 282 279 279 277 277 275 275 274 274 274 274 275 275 274 274 274 274 274 274 275 275 277 277 279 279 282 282 285 285 287 287 288 288 286 286 284 284 285 285 285 285 283 283 277 265 265 237 237
270 270 270 270 268 268 266 266 264 264 264 264 268 268 273 273 274 274 265 265 252 252 262 262 278 278 274 274 273 273 280 286 286 281 281 273 273 276 276 289 289 296 296 291 291 284 284 280 280 277 277 275 275 275 275 274 274 274 274 274 274 273 273 274 274 274 274 276 276 278 278 281 281 283 283 286 286 289 289 287 287 280 280 279 279 284 284 286 286 280 268 268 255 255
270 270 270 270 268 268 266 266 264 264 264 264 268 268 273 273 274 274 265 265 252 252 262 262 278 278 274 274 273 273 280 286 286 281 281 273 273 276 276 289 289 296 296 291 291 284 284 280 280 277 277 275 275 275 275 274 274 274 274 274 274 273 273 274 274 274 274 276 276 278 278 281 281 283 283 286 286 289 289 287 287 280 280 279 279 284 284 286 286 280 268 268 255 255
272 272 271 271 267 267 264 264 262 262 263 263 266 266 270 270 275 275 268 268 257 257 272 272 285 285 283 283 277 277 278 282 282 279 279 270 270 272 272 283 283 295 295 291 291 284 284 280 280 277 277 276 276 276 276 274 274 274 274 273 273 273 273 274 274 274 274 275 275 277 277 279 279 281 281 283 283 285 285 285 285 278 278 276 276 280 280 285 285 283 275 275 277 277
272 272 271 271 267 267 264 264 262 262 263 263 266 266 270 270 275 275 268 268 257 257 272 272 285 285 283 283 277 277 278 282 282 279 279 270 270 272 272 283 283 295 295 291 291 284 284 280 280 277 277 276 276 276 276 274 274 274 274 273 273 273 273 274 274 274 274 275 275 277 277 279 279 281 281 283 283 285 285 285 285 278 278 276 276 280 280 285 285 283 275 275 277 277
271 271 269 269 263 263 259 259 259 259 263 263 266 266 268 268 275 275 289 289 284 284 274 274 279 279 287 287 284 284 280 278 278 279 279 276 276 273 273 276 276 285 285 287 287 281 281 280 280 279 279 278 278 276 276 274 274 273 273 273 273 274 274 274 274 274 274 275 275 276 276 278 278 279 279 280 280 281 281 282 282 279 279 276 276 277 277 279 279 281 282 282 285 285
271 271 269 269 263 263 259 259 259 259 263 263 266 266 268 268 275 275 289 289 284 284 274 274 279 279 287 287 284 284 280 278 278 279 279 276 276 273 273 276 276 285 285 287 287 281 281 280 280 279 279 278 278 276 276 274 274 273 273 273 273 274 274 274 274 274 274 275 275 276 276 278 278 279 279 280 280 281 281 282 282 279 279 276 276 277 277 279 279 281 282 282 285 285
270 270 269 269 262 262 256 256 256 256 261 261 265 265 269 269 276 276 295 295 308 308 281 281 277 277 283 283 285 285 278 273 273 276 276 283 283 278 278 272 272 273 273 280 280 279 279 279 279 279 279 278 278 276 276 274 274 274 274 274 274 274 274 274 274 274 274 274 274 275 275 277 277 278 278 278 278 279 279 280 280 279 279 276 276 275 275 276 276 277 281 281 283 283
270 270 269 269 262 262 256 256 256 256 261 261 265 265 269 269 276 276 295 295 308 308 281 281 277 277 283 283 285 285 278 273 273 276 276 283 283 278 278 272 272 273 273 280 280 279 279 279 279 279 279 278 278 276 276 274 274 274 274 274 274 274 274 274 274 274 274 274 274 275 275 277 277 278 278 278 278 279 279 280 280 279 279 276 276 275 275 276 276 277 281 281 283 283
271 271 271 271 267 267 261 261 261 261 262 262 263 263 269 269 276 276 287 287 306 306 293 293 281 281 279 279 276 276 271 269 269 273 273 281 281 282 282 275 275 270 270 274 274 277 277 277 277 277 277 277 277 277 277 276 276 275 275 274 274 273 273 273 273 273 273 274 274 275 275 276 276 277 277 277 277 277 277 279 279 279 279 277 277 275 275 274 274 273 275 275 277 277
271 271 271 271 267 267 261 261 261 261 262 262 263 263 269 269 276 276 287 287 306 306 293 293 281 281 279 279 276 276 271 269 269 273 273 281 281 282 282 275 275 270 270 274 274 277 277 277 277 277 277 277 277 277 277 276 276 275 275 274 274 273 273 273 273 273 273 274 274 275 275 276 276 277 277 277 277 277 277 279 279 279 279 277 277 275 275 274 274 273 275 275 277 277
271 271 273 273 276 276 273 273 270 270 266 266 263 263 267 267 274 274 281 281 293 293 299 299 288 288 277 277 269 269 270 272 272 274 274 277 277 279 279 276 276 272 272 273 273 276 276 276 276 276 276 276 276 277 277 277 277 276 276 275 275 274 274 273 273 273 273 274 274 274 274 275 275 275 275 276 276 276 276 278 278 280 280 277 277 274 274 272 272 271 272 272 274 274
271 271 273 273 276 276 273 273 270 270 266 266 263 263 267 267 274 274 281 281 293 293 299 299 288 288 277 277 269 269 270 272 272 274 274 277 277 279 279 276 276 272 272 273 273 276 276 276 276 276 276 276 276 277 277 277 277 276 276 275 275 274 274 273 273 273 273 274 274 274 274 275 275 275 275 276 276 276 276 278 278 280 280 277 277 274 274 272 272 271 272 272 274 274
269 269 274 274 286 286 281 281 272 272 273 273 270 270 268 268 272 272 277 277 287 287 296 296 291 291 279 279 271 271 272 274 274 272 272 272 272 273 273 272 272 272 272 273 273 275 275 276 276 276 276 276 276 276 276 276 276 276 276 275 275 274 274 274 274 274 274 274 274 274 274 274 274 274 274 275 275 275 275 276 276 278 278 276 276 273 273 272 272 272 272 272 273 273
269 269 274 274 286 286 281 281 272 272 273 273 270 270 268 268 272 272 277 277 287 287 296 296 291 291 279 279 271 271 272 274 274 272 272 272 272 273 273 272 272 272 272 273 273 275 275 276 276 276 276 276 276 276 276 276 276 276 276 275 275 274 274 274 274 274 274 274 274 274 274 274 274 274 274 275 275 275 275 276 276 278 278 276 276 273 273 272 272 272 272 272 273 273
271 271 278 278 293 293 294 294 268 268 271 271 276 276 273 273 273 273 277 277 283 283 287 287 285 285 282 282 279 279 274 273 273 270 270 269 269 269 269 270 270 270 270 271 271 274 274 277 277 277 277 276 276 276 276 276 276 276 276 275 275 275 275 274 274 274 274 274 274 273 273 273 273 273 273 273 273 274 274 274 274 275 275 275 275 274 274 273 273 273 272 272 272 272
271 271 278 278 293 293 294 294 268 268 271 271 276 276 273 273 273 273 277 277 283 283 287 287 285 285 282 282 279 279 274 273 273 270 270 269 269 269 269 270 270 270 270 271 271 274 274 277 277 277 277 276 276 276 276 276 276 276 276 275 275 275 275 274 274 274 274 274 274 273 273 273 273 273 273 273 273 274 274 274 274 275 275 275 275 274 274 273 273 273 272 272 272 272
274 274 279 279 292 292 317 317 276 276 265 265 270 270 275 275 276 276 279 279 280 280 277 277 277 277 280 280 279 279 274 273 273 276 276 273 273 268 268 266 266 267 267 270 270 274 274 277 277 278 278 277 277 276 276 276 276 275 275 275 275 275 275 274 274 274 274 273 273 273 273 273 273 272 272 272 272 272 272 273 273 274 274 275 275 275 275 274 274 273 272 272 271 271
274 274 279 279 292 292 317 317 276 276 265 265 270 270 275 275 276 276 279 279 280 280 277 277 277 277 280 280 279 279 274 273 273 276 276 273 273 268 268 266 266 267 267 270 270 274 274 277 277 278 278 277 277 276 276 276 276 275 275 275 275 275 275 274 274 274 274 273 273 273 273 273 273 272 272 272 272 272 272 273 273 274 274 275 275 275 275 274 274 273 272 272 271 271
270 270 271 271 278 278 305 305 297 297 270 270 263 263 270 270 277 277 277 277 276 276 275 275 275 275 275 275 272 272 272 275 275 277 277 274 274 269 269 266 266 269 269 272 272 273 273 273 273 275 275 278 278 278 278 276 276 275 275 275 275 274 274 274 274 274 274 273 273 273 273 272 272 272 272 272 272 272 272 272 272 273 273 274 274 275 275 274 274 273 272 272 271 271
270 270 271 271 278 278 305 305 297 297 270 270 263 263 270 270 277 277 277 277 276 276 275 275 275 275 275 275 272 272 272 275 275 277 277 274 274 269 269 266 266 269 269 272 272 273 273 273 273 275 275 278 278 278 278 276 276 275 275 275 275 274 274 274 274 274 274 273 273 273 273 272 272 272 272 272 272 272 272 272 272 273 273 274 274 275 275 274 274 273 272 272 271 271
261 261 259 259 266 266 291 291 304 304 290 290 265 265 266 266 271 271 273 273 275 275 276 276 273 273 270 270 271 271 274 274 274 273 273 272 272 271 271 272 272 273 273 273 273 271 271 269 269 272 272 278 278 280 280 278 278 276 276 275 275 274 274 274 274 273 273 273 273 272 272 272 272 272 272 272 272 272 272 272 272 273 273 273 273 273 273 273 273 272 272 272 271 271
261 261 259 259 266 266 291 291 304 304 290 290 265 265 266 266 271 271 273 273 275 275 276 276 273 273 270 270 271 271 274 274 274 273 273 272 272 271 271 272 272 273 273 273 273 271 271 269 269 272 272 278 278 280 280 278 278 276 276 275 275 274 274 274 274 273 273 273 273 272 272 272 272 272 272 272 272 272 272 272 272 273 273 273 273 273 273 273 273 272 272 272 271 271
259 259 261 261 271 271 287 287 301 301 297 297 279 279 271 271 267 267 270 270 270 270 267 267 267 267 268 268 272 272 273 272 272 272 272 273 273 274 274 274 274 274 274 272 272 269 269 267 267 271 271 277 277 280 280 279 279 276 276 275 275 274 274 274 274 273 273 273 273 272 272 272 272 272 272 272 272 272 272 272 272 272 272 272 272 272 272 272 272 272 272 272 271 271
259 259 261 261 271 271 287 287 301 301 297 297 279 279 271 271 267 267 270 270 270 270 267 267 267 267 268 268 272 272 273 272 272 272 272 273 273 274 274 274 274 274 274 272 272 269 269 267 267 271 271 277 277 280 280 279 279 276 276 275 275 274 274 274 274 273 273 273 273 272 272 272 272 272 272 272 272 272 272 272 272 272 272 272 272 272 272 272 272 272 272 272 271 271
268 268 271 271 275 275 282 282 293 293 294 294 293 293 283 283 268 268 259 259 252 252 256 256 262 262 266 266 269 269 271 273 273 276 276 276 276 275 275 274 274 273 273 272 272 270 270 269 269 272 272 274 274 277 277 278 278 276 276 275 275 275 275 274 274 273 273 273 273 272 272 272 272 272 272 272 272 272 272 272 272 272 272 272 272 272 272 272 272 272 271 271 271 271
268 268 271 271 275 275 282 282 293 293 294 294 293 293 283 283 268 268 259 259 252 252 256 256 262 262 266 266 269 269 271 273 273 276 276 276 276 275 275 274 274 273 273 272 272 270 270 269 269 272 272 274 274 277 277 278 278 276 276 275 275 275 275 274 274 273 273 273 273 272 272 272 272 272 272 272 272 272 272 272 272 272 272 272 272 272 272 272 272 272 271 271 271 271
268 268 268 268 269 269 271 271 286 286 294 294 294 294 293 293 275 275 258 258 249 249 251 251 258 258 263 263 266 266 267 270 270 272 272 274 274 276 276 275 275 272 272 271 271 273 273 273 273 271 271 271 271 273 273 275 275 275 275 275 275 275 275 274 274 273 273 273 273 272 272 272 272 272 272 272 272 272 272 272 272 271 271 271 271 271 271 271 271 271 271 271 271 271
268 268 268 268 269 269 271 271 286 286 294 294 294 294 293 293 275 275 258 258 249 249 251 251 258 258 263 263 266 266 267 270 270 272 272 274 274 276 276 275 275 272 272 271 271 273 273 273 273 271 271 271 271 273 273 275 275 275 275 275 275 275 275 274 274 273 273 273 273 272 272 272 272 272 272 272 272 272 272 272 272 271 271 271 271 271 271 271 271 271 271 271 271 271
266 266 263 263 261 261 262 262 281 281 290 290 288 288 285 285 283 283 274 274 266 266 262 262 261 261 262 262 263 263 264 264 264 267 267 272 272 272 272 271 271 271 271 272 272 274 274 275 275 272 272 269 269 269 269 271 271 273 273 274 274 274 274 274 274 274 274 273 273 273 273 273 273 272 272 272 272 272 272 271 271 271 271 271 271 271 271 271 271 271 271 271 271 271
266 266 263 263 261 261 262 262 281 281 290 290 288 288 285 285 283 283 274 274 266 266 262 262 261 261 262 262 263 263 264 264 264 267 267 272 272 272 272 271 271 271 271 272 272 274 274 275 275 272 272 269 269 269 269 271 271 273 273 274 274 274 274 274 274 274 274 273 273 273 273 273 273 272 272 272 272 272 272 271 271 271 271 271 271 271 271 271 271 271 271 271 271 271
271 271 269 269 266 266 269 269 277 277 280 280 277 277 273 273 275 275 276 276 277 277 280 280 275 275 266 266 266 266 266 267 267 269 269 266 266 261 261 265 265 271 271 273 273 273 273 273 273 273 273 270 270 267 267 269 269 272 272 273 273 273 273 273 273 274 274 274 274 273 273 273 273 272 272 272 272 272 272 271 271 271 271 271 271 271 271 271 271 271 271 271 271 271
271 271 269 269 266 266 269 269 277 277 280 280 277 277 273 273 275 275 276 276 277 277 280 280 275 275 266 266 266 266 266 267 267 269 269 266 266 261 261 265 265 271 271 273 273 273 273 273 273 273 273 270 270 267 267 269 269 272 272 273 273 273 273 273 273 274 274 274 274 273 273 273 273 272 272 272 272 272 272 271 271 271 271 271 271 271 271 271 271 271 271 271 271 271
