autotest/output/original/cli_domainAverage/mackay_270_10_200m_ang.asc
ncols	112
nrows	139
xllcorner	279635.000000
yllcorner	4850745.000000
cellsize	200.000000
NODATA_value	-9999.000000
[rows 0 to 41 of 139, columns 0 to 93 of 112]
265 265 263 263 261 261 258 258 254 254 255 255 258 258 259 259 260 260 258 258 253 253 248 248 244 244 234 234 227 227 228 227 227 227 227 245 245 273 273 291 291 250 250 244 244 261 261 282 282 300 300 286 286 233 233 214 214 212 212 215 215 234 234 251 251 258 258 277 277 297 297 273 273 228 228 233 233 261 261 290 290 311 311 297 297 265 265 281 281 309 325 325 325 325
267 267 265 265 262 262 260 260 260 260 261 261 261 261 262 262 262 262 261 261 257 257 255 255 252 252 245 245 241 241 238 238 238 244 244 256 256 265 265 268 268 257 257 260 260 265 265 269 269 269 269 254 254 230 230 222 222 218 218 222 222 242 242 257 257 265 265 268 268 277 277 282 282 252 252 253 253 268 268 282 282 297 297 301 301 283 283 280 280 291 309 309 312 312
267 267 265 265 262 262 260 260 260 260 261 261 261 261 262 262 262 262 261 261 257 257 255 255 252 252 245 245 241 241 238 238 238 244 244 256 256 265 265 268 268 257 257 260 260 265 265 269 269 269 269 254 254 230 230 222 222 218 218 222 222 242 242 257 257 265 265 268 268 277 277 282 282 252 252 253 253 268 268 282 282 297 297 301 301 283 283 280 280 291 309 309 312 312
269 269 268 268 266 266 265 265 266 266 267 267 266 266 266 266 265 265 264 264 264 264 265 265 265 265 266 266 267 267 264 262 262 266 266 267 267 260 260 250 250 265 265 271 271 264 264 255 255 240 240 223 223 237 237 255 255 247 247 240 240 251 251 256 256 259 259 257 257 263 263 293 293 313 313 281 281 274 274 272 272 272 272 298 298 303 303 279 279 271 276 276 279 279
269 269 268 268 266 266 265 265 266 266 267 267 266 266 266 266 265 265 264 264 264 264 265 265 265 265 266 266 267 267 264 262 262 266 266 267 267 260 260 250 250 265 265 271 271 264 264 255 255 240 240 223 223 237 237 255 255 247 247 240 240 251 251 256 256 259 259 257 257 263 263 293 293 313 313 281 281 274 274 272 272 272 272 298 298 303 303 279 279 271 276 276 279 279
269 269 269 269 268 268 268 268 268 268 268 268 268 268 267 267 267 267 266 266 266 266 268 268 270 270 273 273 275 275 277 274 274 271 271 268 268 259 259 250 250 256 256 263 263 257 257 252 252 241 241 232 232 253 253 272 272 281 281 265 265 256 256 251 251 250 250 259 259 270 270 288 288 319 319 293 293 275 275 263 263 267 267 286 286 305 305 281 281 268 260 260 264 264
269 269 269 269 268 268 268 268 268 268 268 268 268 268 267 267 267 267 266 266 266 266 268 268 270 270 273 273 275 275 277 274 274 271 271 268 268 259 259 250 250 256 256 263 263 257 257 252 252 241 241 232 232 253 253 272 272 281 281 265 265 256 256 251 251 250 250 259 259 270 270 288 288 319 319 293 293 275 275 263 263 267 267 286 286 305 305 281 281 268 260 260 264 264
270 270 270 270 270 270 270 270 270 270 269 269 269 269 268 268 267 267 267 267 269 269 270 270 272 272 275 275 278 278 281 279 279 271 271 264 264 253 253 247 247 253 253 263 263 257 257 254 254 259 259 267 267 264 264 264 264 281 281 289 289 266 266 255 255 263 263 278 278 279 279 276 276 297 297 296 296 275 275 256 256 262 262 274 274 290 290 282 282 260 243 243 256 256
270 270 270 270 270 270 270 270 270 270 269 269 269 269 268 268 267 267 267 267 269 269 270 270 272 272 275 275 278 278 281 279 279 271 271 264 264 253 253 247 247 253 253 263 263 257 257 254 254 259 259 267 267 264 264 264 264 281 281 289 289 266 266 255 255 263 263 278 278 279 279 276 276 297 297 296 296 275 275 256 256 262 262 274 274 290 290 282 282 260 243 243 256 256
270 270 270 270 270 270 270 270 270 270 270 270 269 269 269 269 268 268 269 269 271 271 272 272 273 273 274 274 276 276 280 280 280 266 266 251 251 247 247 248 248 253 253 261 261 263 263 264 264 275 275 295 295 283 283 263 263 268 268 289 289 282 282 267 267 274 274 284 284 289 289 274 274 272 272 277 277 268 268 255 255 258 258 260 260 265 265 267 267 247 242 242 259 259
270 270 270 270 270 270 270 270 270 270 270 270 269 269 269 269 268 268 269 269 271 271 272 272 273 273 274 274 276 276 280 280 280 266 266 251 251 247 247 248 248 253 253 261 261 263 263 264 264 275 275 295 295 283 283 263 263 268 268 289 289 282 282 267 267 274 274 284 284 289 289 274 274 272 272 277 277 268 268 255 255 258 258 260 260 265 265 267 267 247 242 242 259 259
270 270 270 270 271 271 270 270 270 270 270 270 270 270 269 269 269 269 270 270 272 272 272 272 272 272 273 273 274 274 275 276 276 263 263 247 247 246 246 248 248 247 247 252 252 259 259 265 265 273 273 291 291 304 304 280 280 268 268 280 280 299 299 281 281 275 275 276 276 288 288 289 289 273 273 258 258 244 244 246 246 254 254 253 253 256 256 256 256 248 255 255 269 269
270 270 270 270 271 271 270 270 270 270 270 270 270 270 269 269 269 269 270 270 272 272 272 272 272 272 273 273 274 274 275 276 276 263 263 247 247 246 246 248 248 247 247 252 252 259 259 265 265 273 273 291 291 304 304 280 280 268 268 280 280 299 299 281 281 275 275 276 276 288 288 289 289 273 273 258 258 244 244 246 246 254 254 253 253 256 256 256 256 248 255 255 269 269
271 271 271 271 271 271 270 270 270 270 271 271 270 270 269 269 269 269 271 271 272 272 272 272 272 272 271 271 271 271 272 273 273 274 274 271 271 261 261 251 251 246 246 249 249 248 248 250 250 260 260 273 273 295 295 291 291 278 278 280 280 298 298 294 294 276 276 267 267 274 274 291 291 293 293 256 256 227 227 227 227 246 246 251 251 260 260 271 271 282 278 278 275 275
271 271 271 271 271 271 270 270 270 270 271 271 270 270 269 269 269 269 271 271 272 272 272 272 272 272 271 271 271 271 272 273 273 274 274 271 271 261 261 251 251 246 246 249 249 248 248 250 250 260 260 273 273 295 295 291 291 278 278 280 280 298 298 294 294 276 276 267 267 274 274 291 291 293 293 256 256 227 227 227 227 246 246 251 251 260 260 271 271 282 278 278 275 275
271 271 271 271 270 270 270 270 271 271 271 271 270 270 270 270 270 270 270 270 271 271 273 273 272 272 270 270 270 270 272 274 274 281 281 288 288 281 281 269 269 262 262 257 257 247 247 244 244 250 250 252 252 262 262 280 280 282 282 286 286 299 299 301 301 285 285 270 270 267 267 269 269 274 274 191 191 205 205 226 226 248 248 258 258 265 265 274 274 287 288 288 278 278
271 271 271 271 270 270 270 270 271 271 271 271 270 270 270 270 270 270 270 270 271 271 273 273 272 272 270 270 270 270 272 274 274 281 281 288 288 281 281 269 269 262 262 257 257 247 247 244 244 250 250 252 252 262 262 280 280 282 282 286 286 299 299 301 301 285 285 270 270 267 267 269 269 274 274 191 191 205 205 226 226 248 248 258 258 265 265 274 274 287 288 288 278 278
271 271 271 271 271 271 271 271 271 271 270 270 270 270 269 269 269 269 270 270 272 272 273 273 271 271 270 270 270 270 272 275 275 280 280 285 285 287 287 286 286 281 281 269 269 257 257 256 256 251 251 246 246 252 252 267 267 272 272 285 285 298 298 300 300 292 292 277 277 266 266 253 253 230 230 155 155 186 186 238 238 259 259 269 269 269 269 266 266 278 288 288 286 286
271 271 271 271 271 271 271 271 271 271 270 270 270 270 269 269 269 269 270 270 272 272 273 273 271 271 270 270 270 270 272 275 275 280 280 285 285 287 287 286 286 281 281 269 269 257 257 256 256 251 251 246 246 252 252 267 267 272 272 285 285 298 298 300 300 292 292 277 277 266 266 253 253 230 230 155 155 186 186 238 238 259 259 269 269 269 269 266 266 278 288 288 286 286
270 270 271 271 271 271 271 271 271 271 270 270 269 269 268 268 270 270 272 272 273 273 271 271 270 270 271 271 271 271 272 275 275 279 279 282 282 286 286 289 289 287 287 280 280 271 271 268 268 264 264 257 257 258 258 261 261 270 270 279 279 288 288 292 292 284 284 274 274 263 263 247 247 217 217 160 160 186 186 246 246 265 265 272 272 268 268 261 261 276 285 285 292 292
270 270 271 271 271 271 271 271 271 271 270 270 269 269 268 268 270 270 272 272 273 273 271 271 270 270 271 271 271 271 272 275 275 279 279 282 282 286 286 289 289 287 287 280 280 271 271 268 268 264 264 257 257 258 258 261 261 270 270 279 279 288 288 292 292 284 284 274 274 263 263 247 247 217 217 160 160 186 186 246 246 265 265 272 272 268 268 261 261 276 285 285 292 292
270 270 270 270 270 270 271 271 272 272 270 270 269 269 269 269 273 273 275 275 272 272 268 268 269 269 271 271 272 272 273 275 275 278 278 281 281 284 284 288 288 288 288 289 289 286 286 277 277 272 272 273 273 269 269 266 266 278 278 271 271 262 262 269 269 272 272 262 262 251 251 236 236 190 190 170 170 213 213 264 264 272 272 265 265 255 255 259 259 273 277 277 276 276
270 270 270 270 270 270 271 271 272 272 270 270 269 269 269 269 273 273 275 275 272 272 268 268 269 269 271 271 272 272 273 275 275 278 278 281 281 284 284 288 288 288 288 289 289 286 286 277 277 272 272 273 273 269 269 266 266 278 278 271 271 262 262 269 269 272 272 262 262 251 251 236 236 190 190 170 170 213 213 264 264 272 272 265 265 255 255 259 259 273 277 277 276 276
271 271 271 271 271 271 272 272 272 272 271 271 271 271 273 273 275 275 273 273 269 269 267 267 268 268 270 270 272 272 275 276 276 278 278 282 282 284 284 286 286 288 288 290 290 291 291 285 285 279 279 280 280 276 276 273 273 278 278 266 266 251 251 256 256 268 268 256 256 243 243 219 219 168 168 182 182 254 254 278 278 272 272 255 255 250 250 261 261 268 267 267 264 264
271 271 271 271 271 271 272 272 272 272 271 271 271 271 273 273 275 275 273 273 269 269 267 267 268 268 270 270 272 272 275 276 276 278 278 282 282 284 284 286 286 288 288 290 290 291 291 285 285 279 279 280 280 276 276 273 273 278 278 266 266 251 251 256 256 268 268 256 256 243 243 219 219 168 168 182 182 254 254 278 278 272 272 255 255 250 250 261 261 268 267 267 264 264
272 272 273 273 273 273 272 272 272 272 273 273 274 274 274 274 272 272 269 269 268 268 268 268 268 268 270 270 274 274 275 275 275 277 277 282 282 284 284 285 285 286 286 289 289 292 292 292 292 288 288 283 283 277 277 276 276 274 274 264 264 253 253 253 253 258 258 261 261 242 242 213 213 180 180 213 213 270 270 274 274 264 264 254 254 261 261 265 265 263 262 262 268 268
272 272 273 273 273 273 272 272 272 272 273 273 274 274 274 274 272 272 269 269 268 268 268 268 268 268 270 270 274 274 275 275 275 277 277 282 282 284 284 285 285 286 286 289 289 292 292 292 292 288 288 283 283 277 277 276 276 274 274 264 264 253 253 253 253 258 258 261 261 242 242 213 213 180 180 213 213 270 270 274 274 264 264 254 254 261 261 265 265 263 262 262 268 268
272 272 273 273 274 274 274 274 274 274 275 275 274 274 273 273 270 270 269 269 270 270 271 271 272 272 273 273 273 273 273 273 273 276 276 281 281 284 284 285 285 285 285 288 288 291 291 294 294 291 291 283 283 276 276 276 276 273 273 265 265 258 258 251 251 248 248 241 241 218 218 201 201 205 205 261 261 279 279 268 268 261 261 264 264 270 270 270 270 268 268 268 269 269
272 272 273 273 274 274 274 274 274 274 275 275 274 274 273 273 270 270 269 269 270 270 271 271 272 272 273 273 273 273 273 273 273 276 276 281 281 284 284 285 285 285 285 288 288 291 291 294 294 291 291 283 283 276 276 276 276 273 273 265 265 258 258 251 251 248 248 241 241 218 218 201 201 205 205 261 261 279 279 268 268 261 261 264 264 270 270 270 270 268 268 268 269 269
271 271 272 272 274 274 275 275 275 275 275 275 274 274 272 272 271 271 271 271 273 273 275 275 277 277 274 274 271 271 271 272 272 274 274 278 278 283 283 285 285 285 285 286 286 289 289 290 290 287 287 282 282 279 279 276 276 273 273 270 270 264 264 257 257 248 248 227 227 189 189 194 194 231 231 270 270 286 286 273 273 270 270 277 277 275 275 271 271 274 275 275 262 262
271 271 272 272 274 274 275 275 275 275 275 275 274 274 272 272 271 271 271 271 273 273 275 275 277 277 274 274 271 271 271 272 272 274 274 278 278 283 283 285 285 285 285 286 286 289 289 290 290 287 287 282 282 279 279 276 276 273 273 270 270 264 264 257 257 248 248 227 227 189 189 194 194 231 231 270 270 286 286 273 273 270 270 277 277 275 275 271 271 274 275 275 262 262
271 271 272 272 273 273 274 274 274 274 275 275 275 275 275 275 274 274 274 274 274 274 276 276 278 278 275 275 271 271 271 272 272 273 273 276 276 281 281 284 284 284 284 284 284 285 285 286 286 285 285 283 283 281 281 276 276 272 272 271 271 269 269 264 264 251 251 223 223 191 191 203 203 244 244 264 264 283 283 288 288 287 287 284 284 272 272 262 262 260 263 263 252 252
271 271 272 272 273 273 274 274 274 274 275 275 275 275 275 275 274 274 274 274 274 274 276 276 278 278 275 275 271 271 271 272 272 273 273 276 276 281 281 284 284 284 284 284 284 285 285 286 286 285 285 283 283 281 281 276 276 272 272 271 271 269 269 264 264 251 251 223 223 191 191 203 203 244 244 264 264 283 283 288 288 287 287 284 284 272 272 262 262 260 263 263 252 252
271 271 271 271 272 272 273 273 274 274 275 275 277 277 278 278 277 277 276 276 276 276 276 276 276 276 275 275 273 273 273 274 274 274 274 275 275 279 279 283 283 283 283 282 282 282 282 282 282 283 283 282 282 279 279 274 274 272 272 271 271 270 270 268 268 252 252 220 220 207 207 231 231 257 257 265 265 277 277 292 292 294 294 279 279 258 258 252 252 249 250 250 260 260
271 271 271 271 272 272 273 273 274 274 275 275 277 277 278 278 277 277 276 276 276 276 276 276 276 276 275 275 273 273 273 274 274 274 274 275 275 279 279 283 283 283 283 282 282 282 282 282 282 283 283 282 282 279 279 274 274 272 272 271 271 270 270 268 268 252 252 220 220 207 207 231 231 257 257 265 265 277 277 292 292 294 294 279 279 258 258 252 252 249 250 250 260 260
271 271 270 270 270 270 271 271 274 274 275 275 278 278 281 281 280 280 279 279 277 277 275 275 274 274 275 275 275 275 274 275 275 275 275 275 275 278 278 282 282 282 282 281 281 280 280 280 280 280 280 279 279 277 277 274 274 272 272 270 270 269 269 268 268 254 254 228 228 237 237 258 258 271 271 271 271 274 274 280 280 280 280 257 257 247 247 251 251 252 256 256 266 266
271 271 270 270 270 270 271 271 274 274 275 275 278 278 281 281 280 280 279 279 277 277 275 275 274 274 275 275 275 275 274 275 275 275 275 275 275 278 278 282 282 282 282 281 281 280 280 280 280 280 280 279 279 277 277 274 274 272 272 270 270 269 269 268 268 254 254 228 228 237 237 258 258 271 271 271 271 274 274 280 280 280 280 257 257 247 247 251 251 252 256 256 266 266
269 269 268 268 267 267 268 268 271 271 275 275 277 277 282 282 284 284 281 281 278 278 276 276 275 275 275 275 276 276 276 276 276 276 276 276 276 278 278 281 281 281 281 280 280 279 279 278 278 277 277 276 276 275 275 274 274 272 272 269 269 269 269 269 269 267 267 267 267 270 270 274 274 275 275 271 271 270 270 268 268 254 254 228 228 243 243 258 258 267 269 269 264 264
269 269 268 268 267 267 268 268 271 271 275 275 277 277 282 282 284 284 281 281 278 278 276 276 275 275 275 275 276 276 276 276 276 276 276 276 276 278 278 281 281 281 281 280 280 279 279 278 278 277 277 276 276 275 275 274 274 272 272 269 269 269 269 269 269 267 267 267 267 270 270 274 274 275 275 271 271 270 270 268 268 254 254 228 228 243 243 258 258 267 269 269 264 264
267 267 265 265 264 264 266 266 269 269 272 272 275 275 281 281 285 285 283 283 279 279 276 276 275 275 276 276 277 277 278 278 278 278 278 277 277 277 277 280 280 280 280 279 279 278 278 277 277 276 276 274 274 274 274 273 273 271 271 270 270 270 270 273 273 281 281 294 294 293 293 285 285 278 278 273 273 270 270 263 263 240 240 217 217 250 250 271 271 274 275 275 268 268
267 267 265 265 264 264 266 266 269 269 272 272 275 275 281 281 285 285 283 283 279 279 276 276 275 275 276 276 277 277 278 278 278 278 278 277 277 277 277 280 280 280 280 279 279 278 278 277 277 276 276 274 274 274 274 273 273 271 271 270 270 270 270 273 273 281 281 294 294 293 293 285 285 278 278 273 273 270 270 263 263 240 240 217 217 250 250 271 271 274 275 275 268 268
266 266 262 262 261 261 265 265 269 269 271 271 273 273 277 277 283 283 283 283 280 280 277 277 274 274 274 274 278 278 282 281 281 280 280 279 279 278 278 278 278 278 278 277 277 277 277 276 276 275 275 275 275 273 273 272 272 271 271 272 272 274 274 276 276 284 284 297 297 299 299 294 294 287 287 280 280 271 271 260 260 230 230 226 226 272 272 280 280 272 269 269 272 272
