autotest/output/original/cli_wxModelInitialization_local_model/mackay_07-11-2013_1500_393m_vel.asc
ncols	57
nrows	71
xllcorner	279635.000000
yllcorner	4850745.000000
cellsize	393.466398
NODATA_value	-9999.000000
[rows 0 to 46 of 71, columns 0 to 56 of 57]
11.70 12.48 13.25 13.09 13.57 14.26 14.13 13.92 13.86 13.63 14.01 15.05 16.04 16.95 19.51 21.28 21.25 21.07 20.51 17.23 9.82 12.12 17.95 17.75 15.43 11.46 9.04 13.95 20.49 23.98 24.47 22.51 17.00 13.66 15.03 11.63 6.89 13.92 18.10 18.16 15.41 10.53 8.69 14.00 16.72 15.15 14.10 13.40 12.00 12.29 12.97 11.78 11.50 11.48 11.68 12.76 13.16
10.90 11.77 12.79 12.74 12.97 13.71 13.84 13.72 13.57 13.08 13.02 13.59 14.13 13.81 14.86 17.03 17.87 17.46 19.25 19.63 11.35 9.74 15.50 17.61 17.18 13.74 10.32 11.49 14.47 17.86 20.49 23.28 18.65 12.76 16.54 12.54 5.26 8.11 14.26 19.36 17.07 10.01 6.40 10.85 18.19 16.54 11.50 10.09 10.01 12.00 12.55 10.67 10.59 11.17 11.29 11.90 12.23
9.93 10.76 11.88 12.29 12.53 13.05 13.39 13.41 13.04 12.23 11.90 12.04 11.70 10.33 9.72 10.57 13.46 15.07 17.73 21.36 13.56 7.93 13.79 16.91 18.03 16.12 12.11 9.50 7.30 8.30 13.55 22.83 22.67 13.67 17.75 17.49 5.45 2.44 10.75 20.42 17.71 11.58 5.92 7.77 18.69 19.83 12.56 9.81 10.98 13.21 12.54 9.63 9.61 10.86 11.22 10.61 10.18
9.50 10.31 11.38 12.01 12.47 12.77 13.02 13.12 12.60 11.79 11.78 11.96 11.26 10.09 9.22 8.53 11.43 15.65 16.81 19.64 15.89 10.46 13.95 15.41 16.25 13.16 10.95 12.02 8.03 4.78 7.65 17.11 25.20 19.31 16.84 19.22 8.87 2.14 9.13 18.74 17.73 15.01 10.65 7.15 15.32 19.55 13.03 9.94 11.33 13.47 13.03 9.97 9.37 10.62 11.89 10.85 9.46
9.12 10.05 11.29 11.79 12.26 12.63 12.78 12.83 12.25 11.60 11.85 12.09 11.51 10.42 9.67 8.29 10.00 15.07 15.52 16.63 17.01 14.51 13.75 13.18 15.17 12.35 8.02 11.38 11.13 6.24 5.28 11.10 22.70 23.25 17.42 17.02 14.42 6.92 8.65 14.14 18.50 19.99 14.41 8.07 11.55 16.37 15.31 13.02 12.22 12.06 11.79 10.35 9.54 10.36 12.23 11.22 9.64
8.91 9.92 11.24 11.67 12.09 12.49 12.66 12.55 11.94 11.67 12.05 12.11 11.73 10.87 10.15 8.77 9.02 12.91 14.89 15.33 17.31 18.71 15.93 12.55 15.13 14.25 7.54 6.70 10.95 10.33 6.26 7.44 18.03 24.44 18.37 11.55 14.04 13.79 11.35 9.11 15.59 23.00 18.60 12.18 10.18 11.59 16.05 17.80 13.55 10.45 9.49 9.25 9.84 11.04 12.63 10.37 8.45
8.83 9.89 11.15 11.56 11.97 12.35 12.54 12.27 11.77 11.95 12.27 12.05 11.81 11.34 10.49 9.61 8.68 8.88 12.96 16.23 18.29 21.13 21.02 16.00 16.34 17.21 8.77 4.19 7.14 11.28 9.49 5.64 13.27 25.39 18.45 8.55 8.08 11.26 14.05 11.34 13.21 24.58 22.57 15.38 10.89 8.80 14.96 20.37 16.31 11.53 9.35 8.52 9.20 11.80 13.62 10.12 7.85
8.86 9.89 11.08 11.49 11.91 12.28 12.37 12.02 11.80 12.28 12.48 11.97 11.69 11.56 10.86 10.11 8.76 6.39 7.62 12.24 15.22 18.71 22.38 21.70 21.94 22.37 12.53 4.75 5.35 9.23 11.64 7.78 13.47 24.01 21.01 11.47 6.14 4.55 9.95 13.67 14.98 25.63 27.22 18.47 12.62 8.70 13.48 20.20 17.89 13.21 10.90 9.52 9.03 11.25 14.49 12.43 10.19
8.98 9.85 11.01 11.47 11.89 12.25 12.20 11.86 11.81 12.54 12.84 11.86 11.39 11.49 11.18 10.42 8.84 6.65 5.91 7.34 9.01 12.01 16.94 19.37 22.35 26.55 22.05 10.85 6.92 10.57 12.89 12.29 14.06 17.96 20.75 16.95 11.01 5.18 5.39 9.84 14.15 21.66 27.54 23.19 13.63 8.73 12.07 18.39 17.65 13.92 11.77 11.27 10.38 9.70 12.09 14.01 13.60
9.15 9.86 10.91 11.46 11.89 12.19 12.05 11.82 11.75 12.78 13.31 11.59 11.03 11.43 11.32 10.76 9.13 7.54 6.50 6.43 7.02 8.90 12.28 14.21 16.17 22.61 26.70 20.33 12.23 14.70 16.71 15.00 11.62 12.17 16.95 15.52 13.34 9.64 7.39 8.11 12.56 17.57 25.41 24.38 13.44 11.52 13.74 13.65 15.70 13.03 9.05 10.49 12.92 9.75 7.45 12.51 15.50
9.30 9.95 10.89 11.43 11.82 12.04 11.89 11.80 11.93 13.08 13.38 11.26 10.90 11.49 11.35 11.08 9.75 7.98 7.10 6.95 7.08 8.12 8.85 10.93 14.19 16.09 20.94 22.52 16.45 17.12 20.86 15.14 9.59 12.20 15.16 11.22 9.54 9.68 8.60 8.15 12.58 19.76 25.99 22.47 14.72 15.64 15.42 9.27 11.78 12.18 7.03 7.11 12.85 11.97 6.52 10.12 14.61
9.40 10.04 11.03 11.55 11.68 11.73 11.69 11.89 12.49 13.17 12.70 11.23 11.20 11.62 11.39 11.25 10.26 8.29 7.45 7.68 7.64 7.88 7.57 8.84 12.58 13.68 15.49 19.67 15.92 15.98 23.40 18.78 11.84 12.87 15.61 12.04 7.90 8.32 8.96 8.29 11.81 20.30 25.01 23.74 20.12 19.04 14.71 8.57 9.49 12.53 9.34 5.22 9.04 12.45 8.63 8.78 11.71
9.55 10.05 11.18 11.74 11.52 11.46 11.56 12.18 13.00 12.77 11.85 11.39 11.59 11.94 11.79 11.29 10.39 8.62 7.80 8.17 8.11 7.98 7.83 8.19 10.09 12.66 15.20 16.89 14.56 17.51 24.21 22.80 16.07 10.79 13.58 15.41 11.07 9.12 9.24 9.50 13.73 18.27 20.85 24.69 25.59 21.22 16.71 12.00 9.64 12.67 11.69 6.26 6.80 10.29 9.11 7.14 8.04
9.99 10.12 11.10 11.76 11.42 11.38 11.53 12.35 13.01 12.15 11.50 11.42 11.61 12.54 12.36 11.21 10.55 9.07 8.35 8.43 8.21 8.35 8.40 8.38 8.97 11.79 15.15 15.38 14.48 17.55 20.18 22.22 21.74 12.68 8.80 13.17 13.23 9.70 7.75 10.44 14.62 16.27 15.92 21.72 26.93 22.10 17.85 13.48 10.74 13.15 12.23 8.86 8.09 9.43 8.11 5.78 5.63
10.74 10.58 10.98 11.58 11.43 11.37 11.56 12.20 12.56 11.95 11.50 11.19 11.32 13.01 12.66 11.05 10.89 9.73 9.10 8.62 8.19 8.80 9.03 8.84 9.21 11.54 13.75 14.67 15.06 15.72 16.24 18.45 23.80 19.75 9.06 8.55 11.26 10.00 8.45 10.59 13.26 14.59 14.33 20.81 25.99 20.82 17.54 16.05 12.08 13.76 12.87 9.78 9.57 10.08 8.37 6.56 6.41
11.48 11.26 11.15 11.48 11.55 11.33 11.39 11.81 12.04 12.00 11.60 11.17 11.00 12.49 12.68 11.22 11.08 10.46 10.10 8.83 8.20 9.19 9.54 9.44 9.69 11.10 12.14 13.88 15.12 13.73 13.67 14.45 20.04 23.17 14.97 10.14 10.89 13.10 14.02 10.34 10.50 14.49 15.19 20.13 25.14 20.43 15.45 14.75 12.99 14.11 14.24 10.25 9.04 9.61 7.69 5.11 4.65
12.07 11.86 11.58 11.63 11.64 11.38 11.18 11.34 11.74 11.91 11.74 11.56 10.90 11.35 12.10 11.60 11.00 10.87 11.09 9.25 8.39 9.50 9.87 10.00 10.04 10.57 11.68 13.38 14.18 13.02 12.37 11.61 14.70 21.13 17.72 12.68 11.52 15.57 18.33 11.08 10.09 14.10 14.64 18.62 26.07 25.24 14.75 11.56 12.44 14.63 14.89 11.15 8.84 9.43 9.26 5.94 4.93
12.68 12.34 11.97 11.90 11.77 11.61 11.23 11.02 11.39 11.67 11.79 11.85 10.99 10.73 11.48 11.70 10.93 10.96 11.66 9.91 8.77 9.62 10.07 10.27 10.37 10.69 11.60 12.63 13.06 12.78 11.90 10.49 11.67 15.84 16.01 14.27 11.91 14.80 20.41 16.03 13.35 11.79 11.88 16.74 25.32 30.34 22.73 13.42 12.97 16.05 15.22 11.53 9.72 10.17 10.47 8.46 7.33
13.27 12.62 12.23 12.51 12.12 11.93 11.69 10.99 10.95 11.28 11.57 11.65 11.08 10.66 11.21 11.61 10.92 10.99 11.90 10.59 9.17 9.59 10.12 10.33 10.65 11.17 11.58 11.90 12.39 12.51 11.68 10.38 10.28 10.32 11.36 13.48 13.05 14.96 19.80 20.34 17.10 9.46 8.44 13.71 21.88 28.18 28.12 20.85 13.53 16.05 18.68 13.80 10.65 10.52 9.42 6.90 6.45
13.40 12.64 12.37 13.30 13.00 12.34 12.37 11.43 10.48 10.68 11.13 11.28 11.00 10.73 11.11 11.46 10.86 10.93 12.10 11.16 9.43 9.59 10.11 10.30 10.71 11.37 11.65 11.74 12.08 12.10 11.53 10.68 9.78 7.31 6.50 9.09 11.63 13.90 17.70 21.73 19.49 10.22 8.54 11.19 17.86 22.87 24.45 24.09 16.63 13.80 18.95 18.72 13.89 12.04 10.15 6.43 5.77
12.73 12.48 12.56 13.93 14.17 12.98 13.18 12.39 10.14 9.79 10.58 10.87 10.87 10.99 11.17 11.19 10.65 10.76 12.13 11.54 9.66 9.61 10.13 10.37 10.67 11.14 11.60 11.83 11.90 11.67 11.30 10.85 9.64 6.61 4.68 5.61 8.71 11.90 16.08 22.20 19.51 11.77 10.01 10.53 16.44 22.94 21.74 20.10 19.93 16.31 15.77 19.58 18.89 15.80 12.63 8.07 6.74
11.43 11.85 13.10 14.70 14.93 13.57 14.05 13.51 10.16 9.17 9.99 10.41 10.61 11.45 11.95 10.89 10.15 10.60 11.82 11.49 9.84 9.68 10.18 10.49 10.69 10.99 11.45 11.69 11.75 11.61 11.28 10.75 9.75 7.12 4.75 5.14 7.46 9.75 14.26 21.13 18.71 11.66 10.60 12.37 17.60 23.72 23.56 15.51 14.26 17.94 15.90 16.62 18.74 18.82 16.01 9.69 7.06
9.94 10.72 13.40 16.03 15.32 13.82 14.82 14.45 11.02 9.31 9.58 9.92 10.06 12.06 13.18 10.75 9.75 10.55 11.17 10.91 9.77 9.70 10.18 10.49 10.66 11.03 11.32 11.36 11.55 11.70 11.57 10.85 9.98 8.05 5.58 5.61 7.16 8.13 12.02 19.53 17.22 10.72 10.32 13.88 16.35 21.19 26.75 18.51 9.93 14.66 17.74 15.58 13.85 16.93 18.87 12.40 8.03
8.70 9.45 12.84 16.67 15.70 14.04 15.46 15.35 12.63 10.29 9.76 9.31 9.52 13.21 14.36 10.84 10.22 10.90 10.40 9.80 9.28 9.44 10.08 10.38 10.53 11.07 11.23 11.12 11.36 11.58 11.69 11.19 10.28 9.00 6.99 6.35 7.17 7.29 9.69 16.31 15.34 10.14 10.26 13.94 14.82 18.49 26.09 21.93 13.24 14.05 18.98 17.05 11.55 12.15 18.78 17.72 12.85
8.37 8.87 11.94 15.91 15.39 14.15 15.38 15.68 14.02 11.79 10.49 8.53 9.21 15.02 15.49 10.93 10.88 11.70 10.16 8.54 8.34 8.83 9.68 10.19 10.38 10.94 11.24 11.12 11.26 11.43 11.56 11.34 10.63 9.86 8.47 7.31 7.44 7.31 8.54 11.85 12.66 10.58 10.53 12.89 13.30 18.10 23.72 19.34 14.94 15.58 20.08 17.43 12.36 9.20 12.93 18.96 19.16
8.91 9.34 11.70 14.60 14.84 14.18 14.66 14.96 14.44 13.06 10.94 7.95 9.46 16.78 16.59 11.11 10.99 12.42 10.70 7.81 7.31 8.00 8.90 9.83 10.23 10.67 11.15 11.31 11.36 11.39 11.49 11.36 10.90 10.48 9.61 8.44 8.02 7.75 8.36 9.45 10.53 11.58 10.49 11.30 11.81 17.41 21.72 16.05 14.41 17.70 21.01 16.70 14.06 9.58 7.19 16.96 22.29
9.27 9.95 11.88 13.88 14.87 14.78 14.73 13.97 13.86 13.49 10.54 7.75 10.08 18.09 17.31 12.25 10.80 11.98 11.82 8.46 6.99 7.11 7.89 9.09 9.96 10.44 10.87 11.43 11.56 11.38 11.48 11.48 11.16 10.88 10.35 9.43 8.74 8.49 8.65 8.65 10.18 12.25 10.38 9.81 10.69 15.72 18.63 13.11 13.07 19.85 21.66 16.31 16.34 13.64 8.92 14.79 19.53
9.31 10.09 11.44 13.42 14.88 15.39 16.11 14.18 12.71 12.21 10.12 8.21 10.36 16.80 18.51 14.26 10.72 10.69 12.27 10.86 7.95 6.38 6.91 8.37 9.40 10.15 10.66 11.30 11.60 11.41 11.40 11.57 11.40 11.15 10.82 10.11 9.37 9.23 9.25 8.63 9.88 12.37 11.00 9.81 9.86 13.32 15.10 10.04 11.02 19.79 22.10 16.05 16.13 18.23 13.80 13.49 15.67
9.82 10.04 10.74 12.82 14.42 15.66 17.17 15.75 12.30 9.05 9.56 11.76 11.62 13.98 17.93 15.22 10.70 9.38 11.71 13.50 10.01 6.03 6.21 8.03 8.90 9.70 10.55 11.15 11.44 11.43 11.39 11.57 11.53 11.35 11.14 10.58 9.95 9.83 9.94 9.15 9.34 11.62 12.01 11.12 10.11 11.19 11.79 9.04 10.38 15.57 21.29 18.11 13.68 18.84 18.48 14.92 15.26
10.60 9.82 10.30 12.56 14.66 16.71 17.45 17.13 13.69 6.77 7.10 13.65 15.02 14.00 16.02 14.41 10.78 8.57 10.37 14.39 12.17 6.79 6.12 8.05 8.80 9.32 10.26 10.94 11.27 11.38 11.50 11.59 11.54 11.52 11.39 10.97 10.44 10.33 10.52 9.89 9.25 10.64 12.45 12.33 11.20 10.70 9.99 9.61 10.07 10.43 17.07 18.98 13.00 16.76 19.47 16.33 16.18
11.12 9.50 9.48 11.94 15.18 18.22 18.30 18.16 15.89 7.98 4.39 11.02 17.37 15.96 14.08 12.92 10.24 8.91 9.72 12.73 12.62 8.53 6.80 8.17 9.06 9.33 9.91 10.57 11.03 11.24 11.55 11.64 11.52 11.65 11.62 11.30 10.86 10.70 10.83 10.47 9.49 10.19 12.41 12.82 12.13 11.44 10.37 10.34 10.00 9.07 13.40 16.85 12.66 14.63 18.55 17.28 17.27
11.57 9.43 7.91 10.39 14.40 18.09 19.64 19.99 17.78 10.65 4.77 8.23 16.97 16.65 12.73 12.05 10.16 10.34 10.82 10.83 10.77 9.23 7.78 8.35 9.29 9.57 9.89 10.24 10.63 10.98 11.47 11.64 11.52 11.71 11.80 11.58 11.22 11.02 10.97 10.84 9.83 10.08 12.17 12.68 12.46 12.42 11.83 11.26 10.66 10.08 11.97 14.03 12.75 13.84 16.46 17.34 18.00
12.23 9.99 6.85 8.60 12.82 15.58 18.83 21.99 19.17 11.69 7.70 9.17 14.86 14.64 13.05 12.18 10.50 11.78 12.16 10.52 9.25 8.82 8.44 8.55 9.33 9.78 10.11 10.28 10.41 10.66 11.18 11.53 11.51 11.73 11.93 11.77 11.51 11.34 11.13 11.04 10.24 10.17 11.74 12.34 12.42 12.87 12.79 12.25 11.70 11.37 11.56 12.21 12.87 13.79 14.91 16.50 17.53
12.74 11.33 7.19 7.54 12.59 14.28 15.83 22.49 20.35 12.43 10.60 11.24 11.89 11.21 13.13 12.74 10.40 12.52 13.02 10.69 9.00 8.67 8.79 8.79 9.24 9.76 10.21 10.45 10.48 10.52 10.86 11.30 11.44 11.70 11.96 11.90 11.72 11.61 11.40 11.22 10.78 10.48 11.28 12.04 12.35 12.83 13.10 12.81 12.43 12.23 12.04 12.02 12.78 13.63 14.33 15.57 16.33
13.34 13.34 7.80 4.78 12.72 15.61 14.68 21.27 20.74 13.42 12.93 11.80 9.62 9.43 11.33 12.16 10.13 12.01 13.77 10.98 9.15 8.98 9.22 9.32 9.29 9.52 10.07 10.48 10.58 10.60 10.75 11.10 11.35 11.62 11.90 11.94 11.84 11.79 11.66 11.48 11.28 10.94 11.01 11.68 12.28 12.81 13.12 13.02 12.78 12.57 12.44 12.44 12.92 13.58 14.23 14.99 15.40
14.73 14.73 8.50 2.34 9.28 16.30 17.54 20.83 19.92 14.42 13.66 12.17 9.83 10.11 10.20 10.76 10.19 10.91 12.72 11.08 9.54 9.39 9.67 9.94 9.61 9.45 9.79 10.29 10.53 10.64 10.78 11.04 11.29 11.56 11.81 11.92 11.89 11.89 11.85 11.75 11.61 11.31 11.15 11.51 12.14 12.71 13.02 13.07 12.94 12.70 12.56 12.61 12.99 13.51 14.09 14.68 14.94
15.02 15.31 9.89 3.87 5.80 11.60 20.26 23.33 19.11 14.78 13.38 11.73 10.70 10.68 10.27 10.76 10.89 10.75 11.22 10.10 9.45 9.59 9.92 10.28 10.18 9.95 9.75 9.88 10.26 10.56 10.80 11.05 11.30 11.54 11.75 11.87 11.91 11.94 11.97 11.97 11.87 11.63 11.44 11.57 12.02 12.52 12.85 12.99 12.98 12.77 12.60 12.69 13.00 13.40 13.90 14.43 14.68
13.11 15.65 13.80 7.26 5.32 6.17 16.28 25.10 19.12 14.81 13.22 11.15 10.83 10.48 10.50 11.07 11.42 11.02 10.88 9.63 9.01 9.55 9.95 10.20 10.63 10.99 10.23 9.37 9.68 10.33 10.74 11.05 11.30 11.54 11.72 11.83 11.90 11.97 12.05 12.10 12.07 11.94 11.77 11.80 12.04 12.39 12.69 12.85 12.89 12.81 12.64 12.67 12.95 13.29 13.73 14.23 14.47
10.32 14.35 16.82 9.73 4.75 5.10 13.36 23.03 21.00 16.25 13.29 11.49 10.99 10.64 10.96 10.99 11.09 10.96 10.61 9.61 9.02 9.48 9.82 9.89 11.06 12.20 11.15 9.33 9.15 10.02 10.64 10.99 11.30 11.54 11.72 11.81 11.90 12.01 12.13 12.21 12.23 12.18 12.06 12.09 12.24 12.42 12.64 12.76 12.78 12.82 12.77 12.71 12.87 13.19 13.62 14.09 14.32
9.35 14.10 17.97 11.00 4.63 7.10 13.99 17.91 20.49 19.28 15.49 13.86 12.37 11.62 11.74 11.46 11.44 11.00 10.32 9.43 9.02 9.45 9.57 9.36 11.10 13.08 12.03 9.85 9.06 9.81 10.57 10.85 11.19 11.49 11.69 11.77 11.88 12.03 12.18 12.28 12.33 12.31 12.24 12.27 12.42 12.56 12.67 12.72 12.72 12.81 12.86 12.81 12.82 13.04 13.50 13.97 14.20
9.57 14.94 19.09 11.88 5.84 11.20 15.35 12.24 14.41 18.03 17.39 17.48 15.93 13.88 13.49 13.10 12.83 11.71 10.37 9.25 8.90 9.51 9.70 9.11 10.68 13.30 12.91 10.63 9.42 9.91 10.64 10.80 11.06 11.36 11.61 11.72 11.84 12.00 12.18 12.32 12.38 12.39 12.34 12.38 12.51 12.65 12.73 12.73 12.72 12.82 12.93 12.92 12.87 12.94 13.32 13.83 14.08
7.93 13.43 19.45 16.36 11.03 14.08 13.77 10.11 10.31 12.30 13.67 15.64 16.98 15.72 14.77 14.73 14.46 14.09 11.87 9.88 9.45 9.50 9.73 9.50 10.36 12.56 13.27 11.62 10.16 10.29 10.78 10.92 11.07 11.26 11.49 11.64 11.79 11.95 12.13 12.31 12.41 12.42 12.40 12.44 12.55 12.69 12.76 12.74 12.75 12.85 12.97 13.00 12.98 12.96 13.17 13.62 13.89
6.93 10.45 16.68 17.91 16.27 15.30 12.52 10.81 10.39 10.63 12.07 12.48 13.43 14.63 14.22 14.03 14.62 14.96 12.79 10.99 10.63 10.06 9.49 9.73 10.55 11.68 12.59 12.00 10.92 10.69 10.88 11.05 11.16 11.27 11.38 11.53 11.70 11.88 12.08 12.26 12.39 12.43 12.43 12.45 12.54 12.68 12.77 12.75 12.77 12.89 13.01 13.04 13.06 13.07 13.15 13.46 13.69
8.81 10.50 15.48 16.82 15.62 15.97 13.97 12.54 11.66 11.55 13.65 13.13 9.94 11.57 13.02 11.58 14.13 14.08 12.47 12.23 11.57 11.02 9.89 9.89 11.02 11.71 11.67 11.50 11.27 10.95 10.98 11.14 11.19 11.36 11.35 11.41 11.58 11.80 12.02 12.18 12.33 12.42 12.43 12.43 12.48 12.58 12.72 12.75 12.78 12.92 13.04 13.07 13.10 13.14 13.20 13.36 13.52
11.00 13.00 17.19 15.36 11.80 13.12 14.65 15.17 13.35 13.56 16.11 13.97 8.87 9.46 11.63 9.89 12.41 12.74 11.58 13.10 12.63 11.76 11.07 10.57 11.75 12.42 11.49 11.04 11.26 11.19 11.14 11.26 11.23 11.32 11.37 11.37 11.44 11.70 11.97 12.13 12.27 12.38 12.44 12.42 12.37 12.46 12.60 12.69 12.76 12.91 13.03 13.07 13.12 13.18 13.23 13.32 13.41
10.42 14.80 18.68 14.32 11.06 10.51 9.91 13.95 16.31 17.66 18.46 15.00 10.37 8.74 10.13 9.94 9.99 10.95 10.14 11.25 12.11 11.84 11.95 11.71 12.70 12.94 11.84 10.91 11.10 11.52 11.49 11.67 11.37 11.21 11.39 11.32 11.25 11.55 11.95 12.14 12.29 12.37 12.46 12.45 12.33 12.35 12.45 12.53 12.67 12.84 13.00 13.08 13.10 13.18 13.26 13.31 13.36
8.93 15.17 19.94 14.59 12.55 11.67 6.97 6.93 13.33 19.79 21.96 18.44 13.60 10.46 9.97 10.00 10.05 11.45 10.80 9.97 10.07 10.54 11.15 12.35 13.92 13.35 12.16 11.01 11.18 11.70 11.53 12.10 11.71 11.28 11.72 11.27 11.02 11.36 11.83 12.15 12.32 12.43 12.48 12.48 12.38 12.36 12.38 12.40 12.54 12.72 12.92 13.08 13.08 13.18 13.27 13.28 13.37
