autotest/output/original/cli_wxModelInitialization_local_model/mackay_07-14-2013_0300_393m_ang.asc
ncols	57
nrows	71
xllcorner	279635.000000
yllcorner	4850745.000000
cellsize	393.466398
NODATA_value	-9999.000000
307	309	312	313	312	313	316	319	320	322	322	321	320	322	321	320	322	321	321	330	344	343	325	326	334	341	342	328	295	268	254	266	285	299	308	321	316	286	287	307	324	338	342	332	327	337	344	343	340	333	329	331	331	329	324	323	325	
307	309	311	314	314	315	317	319	320	322	323	322	321	324	323	323	325	323	321	324	341	346	327	323	329	339	345	332	307	289	281	281	293	305	301	311	322	312	302	305	317	333	339	331	322	331	342	344	341	330	325	329	330	326	320	318	320	
305	307	310	313	315	315	316	317	319	321	322	320	320	321	321	322	322	318	315	312	330	341	320	309	308	321	355	319	309	311	311	299	299	308	288	291	321	328	310	301	305	315	325	326	313	315	335	347	342	328	324	327	325	317	311	307	307	
305	307	309	311	313	314	314	315	317	320	319	318	318	318	318	321	317	311	310	306	310	313	291	270	257	248	310	311	315	320	313	299	287	294	300	305	322	332	319	309	310	312	316	323	309	301	311	326	323	317	317	323	324	320	316	307	303	
306	307	308	310	312	312	313	314	316	318	318	317	317	318	318	321	319	309	303	286	251	249	256	250	252	276	317	318	320	323	317	303	290	306	318	324	334	335	325	321	321	311	312	318	307	286	249	266	287	294	308	324	330	326	319	313	309	
305	306	307	309	311	311	312	313	316	317	316	316	316	316	316	317	317	309	298	272	260	275	280	282	288	302	317	317	316	320	324	323	311	308	315	327	336	335	327	328	325	308	307	308	293	253	252	286	303	314	324	334	338	329	317	317	318	
305	306	307	309	310	311	312	313	315	315	315	315	315	315	315	315	315	320	329	335	336	336	334	329	316	310	320	323	314	314	321	325	309	298	299	309	318	331	336	344	337	301	289	291	304	331	319	315	324	331	335	340	343	333	323	326	329	
305	306	307	308	310	311	312	313	315	314	313	314	315	315	315	315	318	328	331	331	335	339	337	340	338	325	329	335	322	309	312	324	315	304	303	307	313	326	342	359	358	309	296	309	326	340	330	321	328	337	342	344	341	334	333	338	340	
305	306	307	309	310	311	312	314	314	313	312	314	316	315	316	317	321	326	324	320	322	326	326	335	341	335	338	345	337	316	312	318	319	317	317	322	328	332	358	33	8	320	311	317	331	334	322	317	325	336	345	347	336	332	340	349	349	
305	306	307	309	310	310	312	313	313	312	311	315	317	316	316	317	320	323	323	320	320	319	318	323	328	331	341	346	346	332	318	317	318	319	315	322	338	348	32	51	348	303	296	303	324	320	313	318	322	329	344	344	328	326	339	352	1	
305	306	307	308	309	310	312	312	313	312	312	317	318	316	317	317	319	323	325	324	322	319	320	324	324	327	334	337	346	339	323	323	327	322	307	307	335	11	57	53	335	306	298	296	303	303	304	309	304	299	317	329	325	327	338	354	9	
305	306	306	307	309	311	312	313	314	314	315	319	318	316	316	316	319	323	325	324	323	322	324	325	323	325	325	322	334	332	318	319	329	325	313	309	334	37	59	29	333	315	311	310	305	302	301	300	289	285	303	321	323	326	338	356	11	
306	307	308	309	311	312	314	315	315	315	316	318	317	315	315	316	318	323	325	324	323	323	323	323	321	321	318	315	321	319	307	304	310	319	325	325	350	52	45	351	324	311	308	310	308	309	311	314	317	312	318	327	314	305	320	351	8	
306	308	309	309	312	314	316	315	312	313	316	317	318	316	316	319	319	322	323	322	323	323	322	321	322	320	315	315	317	313	310	311	305	310	324	339	25	68	14	323	309	298	297	300	301	308	310	319	326	322	322	323	311	307	316	339	349	
306	307	308	308	310	312	312	310	310	312	315	318	320	317	317	320	321	322	322	322	323	322	321	321	321	317	311	310	310	310	313	318	310	306	322	22	89	90	313	300	288	278	286	292	294	308	319	323	324	302	293	313	322	325	332	341	343	
306	307	307	307	307	308	309	309	310	312	315	317	319	317	317	320	320	321	319	321	323	320	319	318	317	312	308	306	304	306	309	315	315	310	335	68	86	25	314	309	297	299	309	307	301	303	307	305	286	287	307	322	325	325	328	324	321	
307	307	307	307	306	307	308	310	311	312	314	314	315	314	314	316	318	319	317	320	322	318	317	315	313	311	310	307	303	304	305	311	315	314	10	66	42	343	325	331	324	324	328	327	315	300	279	255	289	309	316	324	331	329	328	317	309	
308	307	305	305	305	305	307	309	310	312	313	312	313	313	312	313	316	316	315	318	320	318	316	314	313	311	308	305	302	302	303	308	312	320	28	36	6	342	332	333	327	327	332	334	325	314	311	318	322	321	320	327	339	337	333	335	334	
312	310	306	303	303	304	305	308	309	310	311	311	313	314	313	312	315	315	312	315	318	317	315	315	313	311	308	305	303	302	303	306	311	329	3	359	351	338	331	326	321	326	344	343	330	325	326	328	332	333	332	335	341	334	329	337	345	
315	313	310	305	304	304	303	306	309	309	309	309	310	312	312	312	314	315	312	314	318	317	315	315	314	312	310	308	307	306	307	310	315	332	343	341	338	331	323	315	313	333	356	352	328	318	321	327	334	337	339	345	343	331	327	332	333	
318	316	311	305	304	306	304	306	310	311	309	309	309	309	309	310	313	314	312	313	318	317	315	314	313	311	310	309	309	309	311	314	319	329	334	331	326	323	320	311	313	342	6	356	326	310	311	321	334	338	343	352	349	336	333	337	336	
323	320	312	306	306	310	308	308	312	312	310	310	309	306	305	309	312	313	311	313	317	317	315	314	313	312	312	312	312	313	314	317	320	326	330	328	323	323	321	310	311	354	10	343	327	317	310	317	333	343	349	347	345	342	338	340	341	
329	326	317	311	312	315	312	310	314	314	312	310	309	303	302	307	308	309	310	312	316	317	316	316	316	316	315	315	316	317	317	319	320	323	327	325	322	322	319	307	311	353	349	330	323	319	310	311	334	355	346	328	332	343	346	340	335	
331	329	321	315	317	320	315	313	315	317	315	314	312	301	298	303	303	303	306	311	316	318	318	318	318	317	316	317	317	318	318	319	320	321	323	322	317	317	316	308	314	338	330	321	320	319	310	314	1	16	328	324	332	344	355	347	336	
328	325	317	310	311	314	311	310	313	316	317	322	317	298	299	307	306	304	307	313	317	319	319	318	319	318	318	318	318	317	317	318	319	319	320	318	314	312	310	305	311	322	321	316	321	318	308	322	29	357	322	326	336	344	352	354	354	
325	320	309	299	298	301	304	307	311	315	321	333	319	297	303	312	313	311	314	318	319	319	320	320	320	320	319	319	318	318	318	318	318	318	318	318	316	314	312	310	311	312	316	317	320	315	306	340	17	336	319	329	338	339	344	358	18	
328	323	314	308	305	305	305	309	313	315	323	341	323	307	309	316	319	318	317	319	319	320	321	321	321	321	320	319	318	319	318	318	318	318	318	319	319	318	317	319	317	312	313	315	317	313	309	342	354	327	319	336	342	338	339	1	30	
333	326	319	314	309	306	303	306	309	311	317	322	316	310	312	319	324	324	320	318	320	323	324	322	321	320	319	318	318	319	319	318	318	319	319	320	321	320	319	320	317	311	310	310	312	312	312	335	337	323	319	333	343	342	346	6	24	
334	328	319	308	300	296	294	295	301	315	324	315	311	308	308	316	325	329	326	319	322	329	328	323	321	320	319	319	318	319	319	318	319	319	319	320	320	319	317	317	316	311	309	309	309	308	311	325	324	322	322	328	340	345	351	11	24	
336	333	324	313	301	293	292	293	302	324	330	320	317	314	312	317	326	332	328	321	323	332	331	325	322	321	320	319	319	319	319	319	319	319	319	319	320	319	317	317	318	315	311	310	310	308	311	315	313	318	321	323	338	345	350	17	33	
340	339	333	326	314	306	304	304	309	322	327	317	313	316	318	317	321	322	319	317	322	332	333	326	323	321	319	319	319	319	319	319	319	319	318	318	319	318	317	317	319	318	313	312	313	313	312	309	306	312	311	310	329	340	345	18	36	
345	341	337	330	320	315	313	310	313	324	329	316	307	310	315	314	318	316	312	312	318	328	331	326	322	321	319	318	318	319	318	318	319	318	318	318	318	318	318	317	320	320	315	315	316	315	313	311	310	311	307	305	318	329	339	14	31	
351	344	338	325	314	311	309	306	311	325	330	323	314	316	319	319	325	321	318	319	321	324	326	324	322	321	319	318	318	318	318	318	318	318	318	318	318	318	318	317	319	319	316	314	314	314	314	314	314	313	312	312	316	322	333	0	14	
0	345	336	330	312	305	304	298	305	319	321	319	317	321	322	323	327	321	316	319	325	325	324	322	320	320	319	319	318	318	318	317	318	318	317	318	318	318	318	317	317	317	314	313	314	314	315	316	317	317	318	319	320	324	333	346	354	
7	340	333	340	322	313	309	300	305	318	317	316	314	312	313	316	322	318	315	321	325	325	323	320	319	319	319	319	319	319	318	318	318	317	317	317	317	317	317	317	316	316	316	315	316	316	316	316	318	319	321	323	326	329	333	339	343	
356	336	333	342	325	319	314	305	308	318	318	318	318	314	311	307	310	313	314	321	326	324	322	320	320	320	319	319	319	319	319	318	318	317	317	317	317	317	317	317	317	317	318	317	316	316	316	317	319	321	323	325	327	329	333	336	338	
338	332	335	336	324	317	307	303	306	310	311	317	321	319	317	313	312	312	310	315	322	323	322	321	321	319	318	318	319	320	319	319	318	318	318	318	318	318	318	318	318	318	318	318	317	317	317	318	320	322	324	326	328	330	332	334	336	
330	326	324	328	327	322	301	296	303	308	314	320	318	316	316	316	315	315	314	319	323	323	322	322	320	316	316	319	320	320	320	319	319	319	318	319	319	319	319	319	319	319	319	319	318	318	318	319	321	323	325	326	328	329	331	333	335	
354	328	314	327	336	331	312	307	312	317	319	318	313	312	311	310	310	313	316	322	324	323	323	325	322	317	318	321	322	320	320	320	319	319	319	319	319	319	319	319	319	320	320	320	320	319	320	320	322	324	325	326	328	329	330	332	334	
13	332	312	325	342	326	317	317	321	325	327	320	317	315	314	314	314	316	319	322	324	324	325	328	324	318	319	323	323	321	320	319	319	319	319	319	320	320	320	320	320	320	321	321	321	321	321	322	323	324	325	326	327	329	330	332	333	
353	331	315	324	332	316	312	315	318	327	336	334	329	327	327	325	321	318	319	323	327	327	327	327	324	319	319	323	325	322	320	320	319	319	319	320	320	320	320	320	320	320	321	321	321	321	322	323	324	324	325	326	327	328	329	331	333	
331	325	319	324	323	313	310	309	308	312	322	329	330	332	333	331	329	326	327	331	330	327	327	327	324	320	321	324	326	323	321	320	320	319	319	320	320	320	320	320	320	321	321	321	322	322	322	323	324	324	325	326	327	328	329	330	332	
327	319	313	320	322	317	314	310	304	297	293	301	312	321	326	329	329	327	332	335	329	325	325	325	321	318	318	321	323	322	320	320	320	319	319	320	320	320	320	320	320	320	321	321	322	322	323	323	324	324	325	326	327	328	329	330	331	
342	318	305	311	318	320	318	309	303	296	292	298	308	313	318	327	323	323	332	330	326	325	325	323	318	313	313	317	319	320	320	319	319	319	319	319	319	319	319	319	320	320	320	321	322	322	323	324	324	325	325	326	326	327	328	330	330	
352	323	307	308	311	316	324	323	317	306	303	308	316	314	310	314	315	319	330	327	327	328	328	325	317	314	316	318	319	320	319	318	318	318	319	319	319	319	319	319	319	320	320	321	321	322	323	323	324	324	325	326	326	327	328	329	330	
336	320	309	310	307	308	323	334	336	321	310	308	310	308	302	304	305	305	315	319	325	329	329	325	318	316	319	321	322	321	320	318	318	318	318	319	320	320	320	320	320	320	320	321	321	322	322	323	324	324	325	326	326	327	328	328	329	
320	307	300	308	312	312	321	332	336	329	321	319	318	316	317	322	321	315	316	316	317	321	326	325	319	318	320	324	322	319	320	319	320	320	318	319	321	321	320	320	320	320	320	321	321	322	322	323	324	324	325	325	326	326	327	327	328	
324	314	311	319	322	323	326	328	327	325	325	326	330	330	330	334	327	322	322	321	319	320	325	325	322	323	326	326	319	317	320	319	320	320	318	319	321	321	320	320	320	320	320	320	321	322	323	323	324	324	325	325	325	325	325	326	327	
315	316	318	321	324	326	328	330	327	321	316	316	320	328	339	335	323	320	321	323	326	326	326	324	321	323	329	327	319	319	319	317	317	315	313	316	320	321	321	320	319	318	319	320	321	322	322	323	324	324	324	325	325	323	320	320	321	
297	297	299	304	312	316	317	320	321	317	314	308	307	321	338	333	325	325	327	328	328	328	325	320	315	316	323	320	317	319	317	316	316	316	316	318	321	323	321	318	317	316	317	318	320	321	322	323	324	325	325	324	323	321	316	314	314	
294	289	287	290	293	295	296	297	303	310	317	315	312	324	336	328	323	325	326	325	325	324	323	319	316	319	320	315	317	321	322	323	324	327	328	328	328	328	322	316	314	315	315	317	319	320	321	323	324	326	328	326	326	326	324	319	316	
314	302	298	300	302	310	315	311	306	307	314	316	314	324	336	327	316	316	316	314	316	319	322	322	322	323	322	319	323	328	327	328	331	332	332	332	332	330	321	313	312	313	314	315	317	319	321	322	324	327	331	331	332	332	329	323	320	
322	312	311	318	322	326	329	327	319	314	316	319	318	325	337	328	319	323	323	319	320	323	325	326	324	320	319	319	324	330	328	325	329	330	327	324	324	326	317	308	307	312	317	317	316	318	321	323	324	327	329	328	329	331	329	325	323	
317	311	314	323	324	322	322	326	322	323	326	327	325	327	336	328	324	333	333	329	329	330	330	332	329	325	323	322	325	328	324	322	327	326	321	320	321	323	318	308	308	316	323	322	320	321	323	324	325	326	325	324	326	328	327	326	326	
313	304	301	305	303	302	306	310	310	315	324	328	325	322	326	322	321	331	330	329	334	335	334	333	331	330	330	329	328	325	321	321	328	330	324	324	324	325	326	317	313	322	327	325	325	326	326	326	326	325	325	325	326	327	326	325	326	
309	293	284	294	305	314	318	313	304	302	307	313	312	311	313	310	309	318	319	322	330	331	333	330	326	324	323	326	327	325	322	317	320	325	326	327	323	323	327	319	316	326	331	327	326	325	327	328	326	325	325	326	327	328	327	328	330	
325	310	306	314	321	324	327	327	326	323	323	318	313	316	315	305	299	303	306	314	319	318	322	319	316	314	311	313	314	314	317	318	318	320	324	328	322	321	321	312	310	321	328	325	322	320	322	325	325	324	324	325	327	328	326	328	332	
322	322	317	313	315	314	316	324	333	339	343	334	324	327	330	323	315	311	310	315	314	308	309	307	307	310	308	307	304	305	315	322	320	320	324	324	319	318	316	304	300	308	319	320	319	318	318	321	323	323	324	325	326	327	325	326	328	
302	311	317	301	302	312	319	325	329	336	339	333	326	330	334	331	325	324	324	321	311	298	298	299	298	301	305	311	315	315	318	322	320	318	323	322	316	315	310	300	301	309	317	321	323	321	320	323	322	322	324	325	326	328	328	327	326	
289	301	324	307	305	314	324	332	334	327	326	325	321	322	325	319	314	316	319	317	307	297	297	299	300	305	314	321	319	316	317	323	321	317	320	321	316	318	311	305	310	317	321	324	326	324	323	322	318	320	323	324	325	328	329	330	330	
288	301	326	315	304	306	321	332	338	332	325	317	308	302	304	303	298	296	302	312	312	307	307	312	316	317	323	328	320	314	316	323	322	316	319	321	320	321	313	308	314	323	327	330	328	325	321	315	315	318	319	321	324	326	327	329	332	
290	301	317	313	303	302	319	329	332	331	327	317	303	298	304	307	306	306	314	320	314	310	313	320	326	326	327	331	325	318	318	324	321	315	318	322	321	318	309	305	314	327	331	330	327	328	320	311	314	316	316	319	322	324	325	327	329	
297	303	311	308	303	301	311	322	328	331	334	326	312	310	312	314	312	312	320	325	311	308	313	320	325	324	324	328	323	317	317	324	322	317	319	321	320	312	306	308	314	326	329	324	323	329	322	313	315	314	314	320	323	325	325	326	327	
301	304	305	302	298	300	304	315	330	336	344	332	315	314	315	315	313	315	324	325	309	305	309	315	317	318	322	327	319	316	316	320	321	319	323	321	321	314	309	312	317	325	329	325	327	332	322	312	315	317	320	324	326	326	325	325	325	
306	305	300	291	286	290	300	310	328	341	343	330	319	319	320	316	316	322	329	321	305	303	313	321	316	317	324	325	318	321	320	317	319	322	323	320	321	315	314	321	327	327	326	325	328	330	323	316	319	325	329	330	330	328	325	324	323	
308	313	308	289	282	291	304	311	327	342	334	325	322	325	325	319	320	327	327	315	302	304	321	325	316	321	332	324	317	322	321	316	316	326	325	323	325	318	315	320	322	322	324	329	327	322	324	319	320	326	330	332	333	330	323	319	319	
304	316	324	305	302	307	314	317	327	332	328	322	321	324	323	321	326	328	327	312	303	309	325	322	318	327	339	325	319	325	323	313	311	322	322	321	326	325	327	330	325	327	333	345	334	320	322	318	319	326	329	330	330	324	316	312	310	
299	314	331	317	314	318	323	328	330	325	324	320	319	323	318	319	330	331	332	314	307	318	329	321	319	331	343	329	325	334	333	318	312	319	320	317	319	325	334	336	332	334	345	354	336	325	323	319	318	323	323	321	322	320	316	310	306	
300	315	327	313	310	315	320	330	330	319	319	318	320	324	318	325	334	338	336	318	316	328	330	321	323	333	337	330	331	342	338	321	317	321	322	317	315	315	317	320	323	332	349	344	331	328	326	323	323	325	326	326	331	331	328	318	311	
302	310	314	297	284	281	287	306	324	323	319	318	325	331	325	328	334	339	337	323	319	331	330	322	328	334	332	332	337	348	345	329	319	319	316	310	308	304	298	292	290	303	327	323	317	320	321	320	327	333	333	332	333	333	332	327	321	
302	302	301	285	264	257	265	285	321	329	321	317	329	335	327	327	332	337	337	325	317	329	331	324	330	334	332	334	340	349	349	335	321	308	297	290	292	296	292	282	275	286	312	311	301	308	315	315	325	331	331	330	330	330	329	328	325	
