autotest/output/original/cli_wxModelInitialization_local_model/mackay_07-13-2013_0000_393m_ang.asc
ncols	57
nrows	71
xllcorner	279635.000000
yllcorner	4850745.000000
cellsize	393.466398
NODATA_value	-9999.000000
208	210	212	212	211	212	213	214	214	212	209	207	205	199	196	199	199	198	206	217	208	198	204	213	223	229	215	203	199	200	206	223	232	232	254	274	233	208	213	231	250	250	219	218	239	268	292	297	290	279	276	272	263	254	244	237	235	
207	211	213	213	212	214	214	215	214	212	210	208	205	199	196	199	201	202	212	220	205	195	209	219	226	224	212	204	201	202	209	227	236	235	248	254	228	208	222	240	248	243	219	226	244	253	260	264	262	265	268	263	256	250	245	239	235	
208	212	215	214	214	215	216	216	215	213	212	212	209	203	199	202	209	214	224	228	211	201	224	234	236	228	218	220	216	207	212	228	234	232	242	247	234	191	241	251	246	239	239	256	254	248	240	235	238	248	252	248	246	245	245	238	230	
208	212	215	215	216	217	218	218	217	215	215	216	214	210	208	207	219	229	232	234	228	232	250	253	252	242	228	231	227	208	212	230	237	234	237	242	231	182	233	243	237	239	250	272	262	252	244	246	251	251	247	243	240	237	237	228	215	
208	211	215	216	218	219	219	220	219	217	218	218	217	215	214	211	221	235	239	244	248	258	269	263	258	253	233	226	225	218	222	237	239	238	232	228	221	203	219	229	229	239	247	258	265	252	243	254	268	263	250	237	230	229	231	224	212	
208	212	217	218	219	220	221	221	220	220	221	221	221	220	221	220	225	234	238	245	247	249	256	256	251	253	250	227	226	227	224	219	233	242	240	227	222	217	221	217	229	241	242	246	258	246	239	248	257	250	240	228	221	225	234	227	213	
209	213	218	219	221	222	222	222	221	222	223	223	224	224	224	225	227	223	221	220	219	222	228	229	233	245	247	224	229	229	229	219	243	253	253	254	242	224	220	207	221	242	245	245	242	223	228	240	239	231	227	220	216	223	232	224	207	
210	214	219	220	222	223	223	222	222	224	226	226	226	226	226	227	224	211	207	209	208	210	216	215	218	231	232	214	225	238	241	240	256	251	242	237	233	211	214	209	215	236	242	240	228	207	225	240	236	228	220	213	213	222	228	220	211	
211	215	220	221	222	223	224	223	224	227	229	227	226	227	227	226	222	213	210	216	215	214	218	214	215	223	225	218	217	239	249	254	254	243	236	227	216	193	184	208	220	232	240	239	228	221	245	249	239	228	217	214	224	230	228	226	226	
213	217	221	223	224	225	225	225	226	229	231	228	227	228	229	228	224	220	218	223	228	230	229	224	223	224	224	220	212	222	241	253	250	250	246	235	224	207	176	199	230	246	257	253	238	246	264	260	247	238	224	227	240	243	234	238	241	
214	218	223	225	226	227	227	227	228	231	231	227	227	229	229	230	228	224	222	224	229	236	233	230	233	229	225	222	209	216	234	235	229	245	252	244	230	213	182	199	234	252	261	256	245	259	271	277	263	256	256	252	247	243	237	246	249	
217	221	225	227	228	228	228	229	230	231	230	227	229	231	232	232	231	226	224	228	231	235	235	235	235	232	235	233	220	228	239	232	230	239	241	234	221	201	191	212	240	250	246	240	243	258	263	262	259	258	265	279	259	247	238	242	248	
219	222	226	228	228	228	228	228	230	231	229	229	231	233	235	235	233	229	228	231	232	235	238	241	243	243	248	246	239	249	247	237	238	242	237	230	211	185	196	226	249	250	239	237	246	251	249	244	242	252	255	256	269	264	255	243	239	
223	225	228	229	229	228	228	230	233	233	231	231	231	234	235	234	233	231	231	234	235	238	243	248	252	255	254	249	248	252	246	239	240	239	238	231	214	194	209	244	254	250	242	249	253	250	247	244	244	251	249	243	253	264	258	231	214	
228	229	232	234	233	232	233	236	237	235	234	233	231	235	235	232	233	233	235	237	237	242	246	250	256	261	259	256	257	255	247	242	241	237	226	219	215	216	249	269	261	255	257	263	261	255	249	247	246	249	248	248	250	251	240	211	197	
232	233	235	237	238	238	238	239	238	237	236	236	235	236	235	233	235	235	239	240	240	245	249	254	260	263	263	264	262	259	255	250	246	240	221	200	208	229	258	276	264	260	264	263	261	263	265	254	241	244	252	257	255	249	239	213	192	
235	236	238	239	241	241	241	240	240	240	239	240	241	241	240	238	238	238	242	242	243	249	252	256	261	264	265	266	263	260	260	257	254	244	223	202	208	231	250	261	264	261	254	247	248	252	260	252	242	252	258	255	245	237	233	213	183	
239	240	241	243	244	244	245	244	244	242	242	243	243	243	244	244	242	243	246	245	246	250	253	256	259	263	266	265	263	262	261	260	258	245	221	210	218	235	246	250	262	262	243	237	241	242	241	243	246	253	255	247	231	229	231	216	201	
242	241	241	244	246	248	249	249	248	247	246	245	244	244	245	246	245	246	249	249	249	252	254	255	257	261	264	264	263	262	261	260	259	244	220	219	226	240	246	251	257	250	224	232	240	242	243	245	247	245	243	237	228	237	244	230	218	
242	240	238	241	245	248	251	254	253	251	249	248	247	247	248	248	247	248	250	251	251	253	254	256	257	258	259	260	261	260	258	258	257	247	232	233	239	246	251	257	256	231	207	228	246	255	255	249	243	243	240	232	229	241	247	231	212	
240	238	237	241	244	245	249	254	254	252	250	249	249	250	252	253	251	250	252	252	251	253	255	256	258	258	258	259	260	259	258	258	257	256	259	262	263	260	260	261	254	224	208	238	262	267	267	257	243	239	237	232	232	238	242	227	207	
237	236	236	241	244	242	245	249	250	251	251	250	249	251	257	259	256	255	256	254	252	253	255	256	257	258	259	258	257	257	259	259	260	263	272	280	279	273	269	264	253	221	218	257	268	264	262	263	253	240	233	238	239	238	241	233	215	
234	232	234	240	240	238	241	245	244	246	249	250	248	252	259	262	262	263	261	257	253	253	255	256	256	257	258	257	257	257	259	260	262	265	276	286	287	284	276	267	253	225	246	269	268	262	258	255	245	237	241	254	255	244	242	237	227	
231	230	233	238	236	234	238	240	240	241	245	244	241	252	261	262	265	271	270	264	258	256	256	256	256	257	257	258	258	259	260	261	262	266	275	286	288	288	282	268	255	247	270	273	267	266	262	251	214	224	252	263	264	249	240	239	239	
233	234	239	243	240	238	241	241	240	240	242	236	233	251	260	259	260	267	274	272	264	259	257	257	257	257	258	259	260	261	261	261	263	266	272	281	285	287	286	275	264	268	279	276	271	272	266	245	208	233	262	265	260	256	250	251	252	
237	240	248	250	248	248	248	245	242	242	239	225	229	252	259	258	257	260	266	271	269	264	260	258	257	258	258	258	260	261	262	262	263	265	269	274	279	283	285	282	278	280	284	281	277	275	264	234	216	254	266	260	256	265	283	271	265	
238	240	243	245	246	247	249	249	246	244	236	221	230	250	255	255	257	256	257	262	270	269	264	261	259	259	258	259	260	261	262	262	264	265	267	271	275	279	283	285	284	283	285	284	282	277	264	236	241	266	265	253	252	262	284	279	271	
239	241	241	242	243	244	249	253	253	246	235	235	248	251	252	254	255	252	250	254	265	271	266	263	261	260	260	261	262	262	262	263	264	265	267	270	274	277	281	286	285	279	279	284	287	281	268	255	270	271	262	253	255	260	268	273	269	
243	243	242	245	247	249	253	257	260	247	235	247	263	264	260	256	252	247	245	252	260	264	263	263	263	261	262	263	263	262	263	264	265	266	268	270	273	276	279	283	284	278	276	281	286	284	276	278	285	274	261	259	264	261	259	261	263	
246	243	240	242	245	251	254	256	259	252	236	245	254	266	266	259	251	247	249	254	255	253	257	261	262	263	264	263	263	263	264	265	266	267	268	270	273	275	277	280	282	279	276	277	280	282	283	286	286	281	271	266	263	264	261	260	262	
246	242	236	235	238	245	249	252	257	262	260	253	256	262	264	259	253	255	264	262	255	248	252	259	262	264	265	265	264	264	265	266	267	267	269	271	273	275	276	278	280	279	277	276	277	279	282	284	284	288	283	271	263	268	265	261	263	
248	245	235	234	237	240	242	249	255	256	263	269	266	263	259	256	252	257	267	269	260	252	253	259	262	264	266	267	267	266	266	267	267	268	269	271	273	274	276	277	280	280	278	277	275	275	276	279	282	287	284	274	269	273	269	264	264	
250	249	242	242	246	245	244	251	256	253	255	272	270	258	251	252	250	256	261	263	260	256	256	260	262	263	265	267	268	268	268	268	268	269	270	271	272	274	275	277	279	281	279	275	274	273	274	276	278	280	280	277	274	273	270	268	268	
251	253	251	244	251	256	253	256	258	255	262	276	272	258	253	253	252	255	259	259	256	256	258	261	264	265	266	267	268	269	269	269	269	270	271	271	272	273	275	276	278	280	278	274	274	275	275	275	275	276	276	275	274	272	271	271	270	
252	257	258	232	243	251	257	260	259	256	262	270	269	268	266	260	256	257	258	256	255	255	257	262	266	267	267	268	268	269	270	270	271	271	271	272	272	273	274	275	276	277	277	276	276	276	275	274	274	274	273	273	272	272	272	272	272	
254	258	258	229	240	243	251	261	262	260	261	259	259	264	267	264	263	265	262	255	252	254	258	263	266	268	269	269	269	269	270	271	271	271	272	272	272	273	273	274	276	277	278	278	277	276	275	274	273	273	273	272	273	273	272	273	273	
250	252	249	251	260	245	247	258	264	263	262	259	257	258	257	259	264	267	265	259	255	257	261	263	264	267	270	271	270	270	270	271	271	272	272	272	272	273	273	274	276	276	277	278	277	276	275	274	273	273	273	273	273	274	274	274	274	
243	245	249	258	270	259	252	257	260	260	261	259	258	256	258	261	262	262	261	260	260	261	263	262	261	265	271	274	273	271	271	271	272	272	272	273	273	273	274	275	276	276	277	277	277	276	275	275	274	273	274	275	275	275	275	275	275	
242	248	255	259	255	259	262	258	253	253	254	253	255	256	261	263	263	263	263	262	262	263	263	259	260	265	271	275	274	272	272	272	272	273	273	273	273	274	275	276	276	277	277	277	277	276	276	275	275	275	275	276	276	276	276	276	276	
245	254	261	259	244	264	276	266	252	244	239	243	249	254	258	259	263	265	265	264	263	263	263	261	262	266	269	272	273	273	273	273	273	273	274	274	274	275	276	276	277	277	277	277	277	277	277	276	276	276	276	277	277	277	277	277	277	
239	248	254	252	250	276	283	281	262	246	235	237	242	247	250	253	257	261	265	265	264	263	263	265	267	266	267	269	272	273	273	274	274	274	275	275	276	276	277	277	278	278	278	278	278	278	277	277	277	277	277	278	278	278	278	278	278	
234	243	246	244	256	275	276	275	275	265	255	249	247	247	248	250	252	256	261	260	260	263	265	267	269	268	266	266	269	272	273	274	275	275	276	276	277	277	277	278	278	278	278	278	278	278	278	278	278	278	278	278	279	279	279	279	279	
243	251	252	251	256	262	262	261	266	272	273	275	268	257	255	255	256	259	256	252	257	264	267	267	269	270	267	265	268	272	273	274	275	276	277	277	277	278	278	279	279	279	279	279	279	279	279	279	279	279	279	279	279	279	280	280	280	
254	261	269	269	261	252	248	253	256	258	269	282	285	272	267	264	263	259	249	251	259	263	264	266	267	269	269	268	269	272	273	275	276	276	277	278	278	278	279	279	280	280	280	280	280	280	280	280	280	279	279	280	280	280	280	280	280	
251	258	270	275	268	255	243	243	245	253	266	276	285	283	275	272	267	257	251	256	259	259	259	261	264	268	270	271	271	272	274	275	276	277	278	278	279	279	279	280	281	281	281	281	281	281	281	280	280	280	280	280	280	280	281	281	281	
246	255	262	262	262	265	256	241	237	249	261	265	272	278	274	272	267	262	266	267	261	257	255	257	264	269	272	273	272	272	273	274	277	278	278	280	281	280	280	281	281	281	281	282	282	282	281	281	281	281	281	281	281	281	281	281	282	
248	257	259	254	255	264	274	259	245	247	250	252	255	263	269	265	259	265	270	270	265	260	257	259	266	270	272	271	270	272	273	275	277	277	279	281	282	282	281	281	282	282	282	282	282	282	282	282	282	282	281	281	281	281	281	282	282	
249	255	255	252	254	257	261	278	276	258	252	250	248	253	258	254	259	264	262	261	263	266	268	268	269	270	268	263	268	274	277	276	276	278	279	281	283	283	282	282	282	282	282	283	283	283	283	283	283	283	282	281	281	281	281	282	283	
257	259	258	255	255	254	254	263	283	279	265	256	256	256	246	248	260	261	259	261	264	269	274	276	273	267	259	260	269	274	276	276	275	276	278	281	284	284	283	282	282	282	283	284	284	284	284	284	284	283	282	281	280	278	279	281	282	
265	271	275	269	261	257	257	262	274	282	273	262	261	257	246	249	256	259	261	264	267	268	271	274	272	264	259	265	269	269	272	275	276	276	279	283	286	285	282	280	281	282	283	285	285	285	285	285	284	283	281	279	277	275	277	281	283	
265	272	281	280	272	263	260	265	274	283	283	272	262	252	247	253	257	262	265	265	266	266	267	267	266	265	266	270	272	270	272	277	284	286	284	282	284	282	277	278	281	283	284	286	286	286	286	286	285	284	281	278	280	282	281	283	284	
262	268	276	278	274	266	258	259	268	281	292	285	267	253	247	254	259	261	263	265	266	268	267	265	264	268	274	276	278	279	280	285	290	289	283	276	271	271	272	276	280	284	285	285	287	288	288	287	287	287	286	286	288	289	285	283	283	
257	262	268	271	273	272	265	256	259	271	285	288	272	258	248	254	259	257	258	264	269	270	269	266	264	269	278	283	286	288	285	284	283	277	272	266	262	264	269	273	279	286	288	285	286	290	290	289	289	291	293	292	290	288	285	284	284	
254	258	260	263	270	275	279	274	266	264	267	275	275	265	256	260	262	258	257	262	266	268	269	269	271	276	282	286	289	289	283	275	268	263	262	263	265	267	269	272	281	291	294	288	287	290	293	292	291	293	294	292	290	289	288	286	285	
253	256	255	255	261	269	280	290	284	270	261	259	265	270	273	273	268	263	264	264	262	264	270	278	284	284	282	281	280	281	277	268	260	258	263	268	271	275	277	278	284	294	298	294	290	290	293	294	293	293	293	294	293	292	290	287	286	
246	252	253	252	257	265	273	280	281	276	265	255	258	271	281	281	274	272	273	269	265	268	274	281	285	283	277	272	270	270	267	261	260	265	269	270	275	284	289	284	284	292	299	296	292	289	290	293	293	292	293	295	296	295	293	290	289	
244	250	251	253	258	265	270	270	267	265	258	253	260	268	274	276	276	279	280	276	273	275	276	276	277	276	272	269	265	261	258	260	267	276	277	274	277	285	291	286	282	285	292	290	288	287	286	290	292	292	293	295	297	297	294	292	291	
256	255	252	252	254	262	272	276	267	254	246	253	263	265	264	266	271	279	282	281	277	274	275	274	272	272	269	265	260	260	264	269	272	277	284	284	279	279	283	282	280	280	284	286	286	285	286	290	292	293	294	295	297	297	294	290	289	
260	258	254	250	250	260	268	272	268	258	256	261	264	263	263	265	270	273	274	273	271	269	272	274	271	270	270	265	263	266	272	276	275	277	284	288	281	273	271	276	281	284	287	290	289	287	289	292	292	294	295	296	297	298	295	292	290	
257	252	250	253	256	262	262	254	253	263	271	269	264	262	265	270	271	267	261	258	262	267	270	273	273	274	276	272	269	271	274	278	278	277	281	285	283	275	271	278	285	289	293	295	294	291	287	287	290	295	296	296	297	298	299	296	294	
254	251	260	267	261	256	252	248	247	257	265	267	263	260	264	271	267	262	260	258	262	267	270	275	280	280	280	276	272	274	277	279	279	277	280	283	282	282	280	281	286	293	297	298	295	289	279	281	288	293	294	296	297	299	299	297	296	
255	258	275	280	265	253	244	247	251	252	251	254	258	261	268	270	263	263	267	266	266	270	277	282	283	277	275	279	276	276	278	280	277	277	281	282	281	284	286	284	289	295	294	292	288	282	276	281	287	289	293	298	299	299	298	297	297	
266	273	284	284	272	256	246	246	248	248	244	245	256	268	270	265	265	269	270	265	268	277	283	283	276	270	272	279	281	277	275	278	280	279	279	279	280	282	287	291	292	290	283	279	281	285	283	280	281	285	292	300	302	300	298	298	298	
276	284	290	284	276	262	252	249	247	245	238	244	260	268	265	263	271	274	267	262	271	279	282	276	269	274	276	277	281	280	273	278	286	281	275	278	285	287	290	294	290	283	278	278	286	293	284	278	281	288	294	300	304	301	298	298	298	
274	280	286	281	276	272	264	257	249	241	243	256	260	258	259	269	275	271	261	264	273	277	278	270	274	281	279	277	280	283	278	278	284	283	276	280	291	295	294	293	285	279	283	285	285	288	286	284	290	296	296	297	302	302	298	298	298	
266	265	266	269	273	281	282	267	250	243	256	267	262	255	259	270	272	263	260	266	273	277	276	270	277	284	282	278	280	284	283	278	279	289	289	293	299	296	290	279	274	281	289	288	277	285	296	293	293	294	290	290	295	297	294	294	295	
260	253	245	255	268	279	287	275	257	257	265	266	267	264	262	263	259	259	262	268	277	279	275	276	280	285	287	277	280	286	281	276	279	292	301	302	303	294	282	275	284	294	296	292	279	286	299	296	289	287	286	281	279	283	287	290	292	
258	248	243	257	265	266	265	264	263	266	267	268	273	274	265	259	255	261	267	274	278	279	274	279	282	284	291	283	283	288	283	278	284	297	304	301	299	292	286	290	294	298	301	300	290	289	293	293	286	280	273	268	271	279	286	290	291	
261	259	261	264	260	252	249	250	256	262	271	278	276	272	272	270	266	268	275	279	280	277	271	277	281	281	292	292	286	286	284	284	292	302	303	295	290	289	289	288	286	284	290	300	296	288	281	282	282	272	268	277	286	290	293	295	294	
263	267	276	268	254	243	241	242	257	274	282	285	286	287	287	287	285	286	290	282	272	263	266	270	270	275	289	296	297	306	310	299	292	287	280	274	272	275	277	275	270	268	282	294	291	285	275	270	268	273	281	286	291	293	293	294	295	
260	265	280	272	250	237	235	235	262	287	288	287	296	303	295	293	297	299	299	282	260	251	264	264	260	271	286	297	307	321	325	310	288	262	254	256	258	265	268	265	262	265	284	291	285	286	280	264	258	273	283	283	284	288	289	291	293	
