autotest/output/original/cli_wxModelInitialization_local_model/mackay_07-14-2013_0000_393m_ang.asc
ncols	57
nrows	71
xllcorner	279635.000000
yllcorner	4850745.000000
cellsize	393.466398
NODATA_value	-9999.000000
312	313	314	315	313	313	316	318	319	320	320	318	317	319	317	316	318	317	318	328	342	341	322	323	331	339	340	323	283	256	246	261	280	294	304	318	311	276	278	301	321	336	340	327	322	334	342	341	338	330	326	328	327	325	320	318	320	
312	313	314	316	315	315	317	318	319	321	321	320	319	322	321	320	322	320	318	321	339	344	324	320	326	336	342	326	298	278	270	275	288	301	297	307	319	306	296	300	313	330	337	327	318	327	340	342	338	327	322	326	326	321	316	314	315	
310	311	313	315	316	316	316	317	318	320	321	319	318	320	320	320	320	316	313	309	327	340	318	306	302	310	341	310	305	306	304	293	294	302	283	286	319	327	307	298	301	311	323	324	309	309	329	342	337	323	319	323	319	312	307	304	303	
311	311	313	314	315	315	315	316	317	319	319	317	317	317	317	319	316	309	307	303	306	309	289	268	256	245	286	305	312	318	310	294	281	287	295	301	319	332	317	305	305	306	313	322	305	296	302	317	317	312	311	317	318	315	310	304	301	
311	311	312	313	314	314	314	315	316	318	317	316	316	317	317	319	317	307	301	283	250	249	256	251	252	273	313	314	316	321	315	299	285	301	315	320	330	334	323	317	313	305	307	315	304	281	247	263	285	291	303	319	325	321	314	309	306	
310	311	311	312	313	313	314	314	316	317	316	315	315	316	315	316	316	307	293	267	258	272	277	280	286	299	316	315	312	317	322	321	307	305	313	325	332	332	324	325	318	301	300	302	288	251	249	281	299	312	322	330	334	324	314	314	315	
310	310	311	312	312	313	313	314	316	316	315	315	315	314	314	314	314	318	326	332	333	332	329	325	313	308	319	322	313	311	319	324	307	296	297	308	316	327	332	340	331	292	281	284	296	323	313	311	320	328	332	337	340	329	320	323	327	
310	310	310	312	312	313	313	315	316	315	314	314	315	314	314	314	317	327	329	329	334	337	334	337	334	321	326	333	321	307	310	323	314	302	300	305	312	325	339	355	351	296	287	302	322	338	327	317	324	334	339	342	339	332	329	335	337	
310	310	311	312	312	313	314	315	315	313	312	314	315	315	315	316	320	325	324	319	321	325	323	332	338	331	334	343	335	314	310	317	318	315	314	319	326	332	358	35	0	310	304	312	327	332	320	314	321	333	343	344	334	330	336	345	345	
309	310	311	312	312	312	313	314	314	312	311	315	317	315	316	316	320	323	323	320	319	318	316	321	325	328	337	343	344	330	317	316	318	318	313	318	334	346	35	56	332	297	293	299	319	317	311	316	318	325	342	341	325	323	337	348	356	
309	309	310	311	311	312	313	314	314	312	313	317	318	316	316	317	319	322	324	323	321	318	319	323	322	324	331	334	344	337	321	321	326	320	305	304	330	9	61	58	324	301	295	293	298	300	303	308	301	295	314	327	321	323	336	350	4	
309	309	310	310	311	312	313	314	314	314	315	318	317	315	315	316	318	323	325	323	322	321	323	324	322	323	323	320	332	331	316	316	327	322	310	305	330	40	64	29	328	311	306	304	300	299	299	298	287	283	301	319	321	323	335	353	7	
310	310	311	311	313	314	316	316	315	315	316	318	317	315	314	315	318	322	324	323	323	323	323	322	320	319	317	313	320	317	305	300	307	317	321	320	346	56	49	348	321	308	303	302	302	305	307	310	313	309	315	325	312	302	317	347	5	
310	311	312	312	314	316	317	315	313	314	316	317	317	315	315	318	319	322	323	322	322	322	321	321	321	319	314	313	316	311	308	307	302	308	322	333	24	74	13	320	307	295	292	296	297	303	305	315	324	319	317	317	307	305	314	337	348	
310	310	310	310	312	314	313	311	310	312	315	318	320	317	317	320	320	321	321	321	323	321	320	321	321	316	311	309	309	309	311	314	305	302	318	20	95	98	308	299	286	276	283	289	292	304	315	319	320	296	288	309	319	323	330	340	342	
310	310	310	309	309	310	310	310	311	312	315	317	319	317	317	320	320	320	319	321	322	320	318	318	316	311	308	306	303	304	307	312	311	305	328	74	91	19	310	308	295	296	306	304	298	300	304	299	276	281	303	319	323	322	324	322	319	
311	311	310	309	308	308	310	311	311	312	314	314	315	314	313	316	318	318	316	320	321	318	316	315	313	311	309	306	302	303	304	309	312	309	2	71	44	338	320	328	323	322	326	324	311	295	276	254	282	306	313	321	328	324	324	315	308	
313	311	308	307	306	307	308	310	311	312	313	312	313	313	311	312	315	316	314	317	320	317	315	314	312	311	308	304	301	301	302	307	310	314	26	37	5	339	329	331	325	325	330	330	318	304	303	313	320	318	317	324	336	334	331	333	332	
317	314	309	306	305	305	306	308	310	310	311	311	312	313	312	312	314	314	312	315	318	316	315	314	313	310	307	304	302	301	302	305	309	325	1	358	350	337	329	324	320	325	342	339	323	319	320	324	330	330	328	332	338	331	327	335	344	
320	318	313	308	306	305	304	306	309	309	309	309	310	311	311	312	314	314	312	313	317	316	315	314	313	311	309	307	306	305	306	309	314	330	342	340	337	329	321	313	311	331	355	350	323	314	317	323	331	334	335	341	340	328	323	330	331	
323	321	315	308	306	307	305	306	310	311	309	309	309	309	309	310	313	314	311	313	317	317	315	313	312	310	309	308	307	307	309	312	318	328	334	331	325	322	319	309	311	340	5	353	323	308	308	318	330	335	339	347	344	331	329	335	335	
329	325	316	309	308	311	309	309	313	313	310	310	309	305	305	309	312	312	311	312	317	316	315	313	312	312	311	311	311	311	313	315	319	325	330	327	323	322	320	308	309	352	10	341	325	314	307	314	330	339	345	341	340	337	334	338	340	
334	331	321	314	314	317	313	311	314	315	312	310	308	303	302	307	308	308	309	311	316	317	316	315	315	315	314	314	315	315	316	317	319	322	326	325	321	321	318	306	308	352	348	328	321	317	307	308	331	348	336	323	329	339	340	336	332	
336	333	324	317	319	321	316	314	316	317	315	314	312	301	298	303	303	303	306	310	315	317	317	317	317	316	315	316	316	317	317	318	319	320	322	321	317	316	315	306	312	336	329	319	318	317	307	310	359	12	322	321	329	342	351	342	332	
332	329	320	313	313	316	312	312	314	317	317	321	317	298	299	307	306	304	307	313	316	318	318	318	318	317	317	317	317	316	316	317	318	318	319	318	314	312	309	304	309	321	320	315	320	316	306	317	29	352	318	323	333	342	350	350	349	
329	324	312	302	300	303	305	308	312	316	321	333	319	297	303	312	313	311	313	317	318	319	319	319	319	319	319	318	317	317	316	317	317	317	317	317	315	313	311	310	310	311	316	316	319	313	304	335	16	332	316	326	334	337	342	353	12	
332	326	317	310	307	307	306	310	313	316	324	341	323	307	309	316	319	318	316	319	319	320	321	321	320	320	319	318	318	318	317	317	317	317	317	318	318	318	317	318	317	311	313	314	316	312	307	339	352	324	316	332	338	334	337	356	25	
337	330	322	316	312	308	305	307	310	311	318	322	316	310	312	319	323	323	319	318	320	323	323	321	320	319	319	317	317	318	318	317	317	318	318	319	320	319	318	319	317	310	309	310	312	311	310	333	335	320	316	329	339	338	342	2	20	
339	332	322	311	303	298	295	296	301	315	324	315	311	308	308	316	325	329	326	319	322	329	328	322	320	320	319	318	318	318	318	317	318	318	318	319	320	319	317	317	315	310	308	309	309	308	310	323	323	320	318	324	337	340	347	8	22	
341	337	328	316	304	295	293	294	303	324	330	321	317	314	312	317	326	331	328	320	323	332	331	324	322	321	319	319	318	318	318	318	318	318	318	318	319	318	316	316	317	314	310	309	309	308	310	314	312	317	318	320	335	340	344	14	31	
345	343	337	329	317	308	306	305	310	322	327	317	313	316	318	317	321	322	318	316	321	332	332	326	322	320	319	318	318	318	318	318	318	318	317	317	318	318	317	317	318	317	312	311	312	312	311	308	305	311	309	307	324	335	339	14	33	
350	345	340	332	322	317	315	312	314	325	329	316	307	310	315	313	318	315	312	312	318	328	330	325	322	320	318	317	317	318	317	317	318	317	317	317	317	317	317	317	319	319	314	314	315	313	312	309	309	309	306	303	314	324	333	9	28	
356	349	341	328	316	312	310	307	312	325	330	323	314	316	319	319	325	321	318	319	321	324	326	324	321	320	319	318	317	317	317	317	317	317	316	317	317	317	317	316	318	318	314	313	313	312	312	313	313	311	309	309	313	317	327	354	9	
6	350	338	332	314	306	305	299	306	319	321	320	317	321	322	323	327	321	315	319	324	325	323	322	320	319	319	318	318	317	317	317	317	317	316	316	317	317	316	316	316	316	313	312	312	312	313	314	314	315	315	316	316	320	328	341	348	
12	344	335	341	324	315	310	301	306	319	317	316	314	312	313	316	322	318	315	320	325	325	322	319	318	319	319	318	318	318	318	317	317	316	316	316	316	316	316	316	315	315	314	314	314	314	313	314	315	316	318	320	322	324	329	335	338	
1	339	335	343	327	320	315	306	308	318	319	318	318	314	311	307	310	312	313	321	326	324	321	319	319	319	318	318	318	318	318	317	317	316	316	316	316	316	316	316	315	316	316	315	314	314	314	315	316	317	319	321	323	325	328	332	334	
343	336	337	337	324	318	309	304	307	310	312	317	321	319	317	313	312	312	310	315	321	323	322	321	320	318	317	318	318	319	318	318	317	317	316	316	316	316	316	316	317	317	317	316	315	315	315	315	317	318	320	322	324	326	328	330	332	
335	331	327	329	328	322	302	296	304	308	314	320	318	316	316	316	315	314	314	318	323	322	322	322	319	315	315	318	319	319	319	318	318	317	317	317	317	317	317	317	318	318	318	317	316	316	316	316	318	319	321	323	324	326	327	329	330	
359	333	317	328	337	332	312	308	313	318	320	318	313	312	311	310	310	312	316	321	324	322	322	324	321	316	317	320	321	319	319	318	318	318	318	318	318	318	318	318	318	318	318	318	318	317	317	318	319	320	322	323	324	325	326	328	330	
16	335	314	327	343	327	317	318	321	326	328	321	317	315	314	314	314	316	319	322	324	323	324	327	323	318	319	322	322	320	318	318	318	318	318	318	318	318	318	318	318	319	319	319	319	318	319	319	320	321	322	323	324	325	326	328	329	
355	333	317	325	333	316	313	315	318	327	337	335	330	327	327	325	321	318	318	323	326	326	326	327	323	318	319	322	324	321	319	318	318	318	318	318	319	319	319	319	319	319	319	319	319	319	319	320	321	321	322	323	323	324	325	327	328	
332	326	320	325	323	313	310	309	308	312	322	329	330	332	333	330	328	325	327	331	329	326	326	326	323	319	320	323	325	322	320	319	318	318	318	318	319	319	319	319	319	319	319	319	320	320	320	321	321	322	322	323	323	324	325	326	328	
329	320	314	320	322	317	315	310	304	296	293	301	312	321	325	328	328	327	331	334	328	324	324	324	320	317	317	320	322	321	319	319	318	318	318	318	318	318	318	318	319	319	319	319	320	320	320	321	321	322	322	323	323	324	325	326	327	
344	319	305	312	319	320	318	309	303	296	292	298	308	312	317	326	323	322	331	329	325	324	324	322	317	312	312	316	318	319	318	318	318	318	318	318	318	318	318	318	318	319	319	319	320	320	320	321	321	322	322	323	323	324	325	326	326	
353	324	307	308	311	316	324	322	316	306	303	308	316	313	310	314	314	318	329	326	326	327	326	324	316	313	315	317	318	319	318	317	317	317	318	318	318	318	318	318	318	318	319	319	319	320	320	321	321	321	322	322	323	323	324	325	326	
336	320	309	310	306	308	323	334	335	320	309	307	310	308	302	304	304	304	314	319	324	328	328	324	316	315	318	320	321	320	318	316	316	317	317	317	319	319	319	319	319	319	319	319	319	320	320	321	321	321	322	322	322	323	324	324	325	
320	307	299	308	311	312	321	332	335	327	320	317	317	316	316	321	320	314	315	315	316	320	324	323	317	317	319	323	321	317	319	318	318	319	317	318	320	320	319	319	319	319	319	319	319	320	320	321	321	321	322	322	322	322	323	324	324	
324	313	310	318	321	322	325	328	326	324	323	325	329	329	329	333	326	321	321	319	318	319	323	324	321	322	324	325	317	316	319	318	318	319	317	318	319	319	319	319	318	318	318	319	319	320	320	321	321	321	322	322	321	321	321	322	323	
315	315	317	320	323	325	327	329	326	320	314	314	318	327	337	334	321	318	319	322	325	325	325	323	320	321	328	325	317	318	317	316	316	314	312	314	319	320	319	318	318	317	317	318	319	320	320	321	321	321	321	321	321	319	316	316	317	
297	297	299	303	311	314	315	319	320	316	312	306	305	319	336	331	324	324	326	326	327	326	324	319	313	315	321	318	316	318	316	314	315	315	315	317	320	322	320	317	315	315	315	317	318	319	320	321	322	322	322	320	319	316	312	311	311	
293	288	287	290	292	294	294	295	302	309	316	313	310	322	334	326	321	323	325	323	323	323	321	317	314	317	318	313	315	320	321	322	323	326	327	327	327	326	320	314	313	313	314	316	317	318	319	320	322	323	324	322	322	322	320	316	313	
311	301	297	300	301	308	313	309	305	307	313	315	312	321	334	324	314	314	314	312	314	318	320	320	320	321	320	318	321	326	326	327	330	331	330	330	330	328	319	312	311	312	313	314	315	317	319	320	322	325	328	327	329	329	325	320	316	
319	310	310	317	321	325	327	325	317	313	315	318	317	322	334	325	316	321	321	317	318	322	324	324	322	318	317	318	323	329	326	324	328	329	325	321	322	323	315	307	306	311	316	316	315	317	319	320	322	325	326	325	327	328	325	321	319	
314	308	312	322	323	321	321	324	320	321	324	325	323	324	334	326	322	331	331	326	327	328	328	330	327	323	322	321	324	326	323	321	325	323	318	317	319	321	316	307	307	315	321	320	319	320	321	322	323	323	323	322	323	325	324	322	321	
311	301	298	302	301	300	305	309	309	313	321	325	323	319	324	320	319	329	328	326	332	333	332	332	330	329	328	327	326	323	319	319	325	327	321	322	322	323	324	315	312	321	326	323	323	324	324	325	324	323	322	323	324	324	323	321	322	
306	290	281	291	302	312	316	311	303	300	304	308	308	309	312	308	307	316	317	319	328	329	331	328	324	322	321	324	325	323	320	314	317	323	324	325	322	322	325	318	315	324	329	326	324	323	325	326	324	322	323	323	324	325	324	324	325	
322	306	301	310	318	322	325	325	323	320	319	313	309	313	313	303	297	302	305	312	316	316	320	317	314	312	309	311	311	311	313	314	316	318	323	326	321	320	320	311	309	319	326	323	320	318	320	322	322	322	322	323	324	325	323	324	328	
321	320	313	309	310	310	314	323	331	336	340	330	321	325	327	320	312	309	309	313	312	306	307	305	305	307	306	304	300	301	312	319	318	318	322	323	318	317	315	303	299	307	317	319	317	316	315	319	321	321	322	323	324	324	322	322	324	
301	309	313	295	296	308	316	323	327	332	336	330	323	327	331	328	322	321	321	319	308	296	296	297	296	298	303	308	312	313	315	320	318	317	321	320	315	313	308	298	300	308	316	320	321	319	318	320	320	320	321	323	324	325	325	323	322	
288	300	320	301	300	310	321	328	330	323	323	322	317	318	322	316	311	313	315	312	303	295	295	297	299	303	312	318	316	314	315	321	319	315	319	319	315	316	309	304	309	315	320	323	325	322	321	319	316	318	320	321	323	325	326	326	327	
286	299	323	311	300	301	316	327	334	328	321	313	303	298	300	300	295	292	298	308	309	304	305	309	314	315	321	326	318	312	314	321	320	314	317	320	318	319	311	306	313	322	326	328	326	323	318	312	312	316	317	319	321	323	324	325	328	
289	299	315	310	299	296	311	323	326	325	320	310	297	294	300	304	302	302	311	317	311	307	311	318	324	324	325	329	323	316	316	322	319	313	316	320	319	316	308	304	313	325	329	328	325	325	316	309	312	314	314	317	320	322	323	324	326	
296	301	309	306	299	295	302	314	321	324	325	316	305	306	309	310	308	308	317	321	308	306	311	318	322	321	321	326	321	315	315	322	320	315	318	319	318	311	305	307	313	324	327	322	320	327	319	310	312	311	312	318	321	322	322	323	324	
300	302	304	300	296	295	296	306	323	330	336	323	309	310	311	310	310	312	320	320	306	303	308	312	314	315	320	324	317	314	313	317	320	318	320	319	320	313	308	311	316	323	327	322	325	330	319	309	312	315	317	322	324	323	322	322	322	
302	303	299	290	285	288	296	303	321	334	336	324	314	313	314	312	313	319	325	317	303	301	311	318	313	315	322	322	316	319	318	315	318	320	321	318	320	315	313	319	325	325	324	323	326	328	320	314	317	323	326	328	328	326	322	321	321	
303	308	304	286	281	290	302	306	320	335	329	321	316	318	319	315	316	322	322	311	300	302	319	323	314	320	330	322	315	321	319	314	315	324	324	322	324	317	314	318	320	320	322	327	324	320	322	317	318	324	327	328	330	327	319	316	316	
300	310	315	298	298	305	312	314	321	327	323	318	316	319	318	316	320	322	323	308	300	307	323	320	315	325	338	323	317	324	321	311	310	321	322	321	325	324	326	327	324	326	331	343	331	318	320	316	316	323	326	326	324	320	313	309	308	
295	308	323	310	310	314	319	324	326	321	319	315	315	319	312	312	323	326	328	311	305	315	326	319	317	329	341	327	323	333	331	316	311	318	319	316	318	324	332	335	331	333	344	352	334	322	321	317	315	319	318	315	316	315	312	307	304	
296	311	322	307	304	308	313	325	326	314	315	315	316	319	314	320	329	334	332	315	313	325	327	318	321	331	335	328	329	340	336	319	316	321	322	317	314	314	316	319	322	330	347	343	329	325	323	320	319	320	321	322	327	327	324	316	309	
298	306	310	294	280	274	280	299	319	318	316	315	322	328	322	325	331	336	334	320	316	328	327	319	325	331	330	330	335	346	344	328	318	317	315	309	307	304	298	292	290	301	325	322	315	318	317	316	323	329	329	328	330	330	328	323	318	
297	297	298	283	262	254	260	278	315	325	318	315	327	332	325	324	330	334	335	322	313	325	327	321	326	332	331	332	339	348	348	334	319	306	295	289	290	295	291	282	275	285	311	309	299	307	312	310	320	327	327	326	326	326	325	324	321	
