autotest/output/original/cli_wxModelInitialization_local_model/mackay_07-12-2013_1200_393m_vel.asc
ncols	57
nrows	71
xllcorner	279635.000000
yllcorner	4850745.000000
cellsize	393.466398
NODATA_value	-9999.000000
[rows 0 to 46 of 71, columns 0 to 56 of 57]
16.00 17.30 18.64 18.79 19.48 20.22 20.25 20.22 20.38 20.82 22.10 23.97 25.90 28.73 32.78 34.99 35.11 34.76 32.99 27.72 23.11 27.36 30.43 28.72 24.60 19.03 18.53 23.03 27.70 29.45 28.32 23.76 17.02 14.58 13.94 9.09 8.32 16.75 21.38 20.97 17.11 15.12 19.76 23.59 21.91 15.93 11.37 9.70 9.57 10.51 10.95 10.98 12.29 13.07 13.79 15.42 16.24
14.76 16.08 17.82 18.20 18.47 19.16 19.55 19.67 19.84 20.06 20.66 21.71 23.07 24.60 26.90 29.57 30.74 29.87 29.52 28.77 24.58 24.76 26.32 26.18 25.55 22.93 19.76 18.97 20.55 23.24 25.25 25.41 18.83 13.63 15.95 12.11 7.62 12.20 17.00 19.64 17.74 14.15 14.87 18.10 21.31 19.37 15.25 13.41 12.66 12.10 11.35 11.09 12.10 12.49 12.29 13.29 14.23
13.31 14.32 16.05 17.00 17.26 17.66 18.21 18.48 18.49 18.30 18.10 17.94 17.82 17.29 16.86 18.10 21.22 21.56 22.48 26.93 23.00 18.23 18.58 19.74 22.28 22.16 17.94 13.14 9.58 11.98 18.56 26.33 24.87 15.88 17.53 16.13 7.02 7.44 10.61 16.89 16.97 13.36 8.65 8.74 17.75 21.03 17.26 16.09 16.44 15.62 13.56 11.45 11.07 11.44 10.89 10.30 10.80
13.16 13.95 15.11 15.91 16.48 16.77 17.04 17.30 17.22 16.94 16.82 16.46 15.54 14.36 13.25 12.92 14.75 17.53 19.10 23.21 20.75 13.37 13.90 15.72 17.56 15.52 14.69 15.06 9.73 7.59 10.53 18.73 26.86 21.89 17.97 19.05 11.79 10.29 12.02 18.80 20.16 16.79 10.57 5.85 12.60 18.34 14.30 11.77 12.39 13.67 13.63 11.51 11.17 12.33 13.01 12.04 12.44
12.92 13.70 14.77 15.26 15.76 16.16 16.34 16.52 16.46 16.20 16.17 15.99 15.24 14.05 12.83 11.67 12.42 15.84 16.85 18.90 19.41 15.91 13.95 13.48 15.54 12.59 9.88 14.81 15.01 9.03 6.01 11.19 23.73 25.36 21.55 24.32 25.28 19.30 16.43 19.52 24.13 22.57 14.80 7.40 8.92 15.35 15.15 11.68 8.87 8.62 10.93 12.81 13.55 14.00 14.89 14.40 14.56
12.56 13.29 14.37 14.88 15.33 15.74 15.94 16.01 15.88 15.67 15.53 15.29 14.76 13.62 12.32 10.55 10.26 14.46 17.99 18.97 20.70 21.78 17.49 13.02 14.78 12.97 6.00 7.82 14.03 13.45 8.21 10.63 20.34 23.86 19.38 18.68 24.93 25.69 19.36 15.83 21.12 25.66 20.14 12.60 9.18 11.61 15.79 15.69 10.61 10.60 13.26 15.32 16.17 15.75 15.11 14.31 14.35
12.38 13.04 14.04 14.51 14.92 15.29 15.53 15.57 15.43 15.33 15.16 14.82 14.51 13.77 12.65 11.26 9.94 12.20 19.35 25.25 28.93 32.23 30.63 22.51 19.97 18.04 8.35 4.53 7.84 13.47 11.85 8.16 11.79 19.56 14.24 7.28 10.32 19.15 23.62 21.21 20.04 27.03 23.49 15.63 11.56 12.15 18.92 23.02 21.76 20.02 17.37 16.15 17.11 18.74 18.41 16.29 15.24
12.34 12.97 13.90 14.37 14.79 15.10 15.29 15.33 15.29 15.25 14.93 14.42 14.27 14.11 13.27 12.28 11.35 11.04 14.45 21.67 27.64 32.92 36.78 36.67 35.11 30.24 16.94 8.70 6.62 8.82 11.50 8.66 10.59 20.23 20.69 12.79 10.28 12.44 18.86 23.87 23.17 30.18 29.49 20.17 19.10 20.99 23.40 25.32 25.07 22.07 20.27 19.56 19.90 21.50 22.65 20.11 17.39
12.38 12.98 13.94 14.39 14.75 15.07 15.15 15.05 15.03 15.18 14.87 14.13 14.07 14.25 13.91 13.20 12.32 10.95 9.75 10.42 13.84 19.31 25.82 31.47 36.82 39.85 33.60 19.46 12.34 10.96 10.93 10.66 13.51 20.12 25.96 25.19 20.90 14.42 11.75 16.02 20.54 26.87 30.91 27.27 22.37 18.80 16.71 20.06 22.73 22.62 23.49 23.39 20.63 18.30 19.81 21.31 20.29
12.35 12.83 13.70 14.25 14.63 14.90 14.91 14.79 14.70 15.07 15.00 14.04 14.00 14.26 14.09 13.54 12.30 11.02 9.59 8.44 8.65 10.79 15.61 20.11 23.71 33.24 40.88 34.41 25.13 23.76 18.74 14.51 14.25 14.34 18.83 21.08 21.83 17.51 12.73 12.91 16.70 18.29 21.63 22.31 17.15 13.99 11.78 13.59 18.55 18.53 17.65 18.81 17.50 13.18 12.75 18.29 21.80
12.41 12.80 13.46 13.83 14.24 14.65 14.74 14.70 14.57 14.97 15.27 14.41 14.18 14.34 14.22 13.91 12.72 11.43 10.64 9.80 8.99 9.13 10.99 14.89 18.79 22.79 31.89 36.81 34.99 33.35 29.05 23.02 18.60 16.01 14.40 12.24 13.90 15.75 13.54 12.81 16.20 19.71 21.22 19.13 14.77 12.36 9.49 5.49 9.23 10.36 7.29 9.76 15.28 15.14 11.67 14.79 20.35
12.46 12.84 13.42 13.62 13.83 14.30 14.57 14.73 14.83 15.09 15.45 15.00 14.49 14.21 13.80 13.60 13.00 11.87 11.21 10.76 10.04 9.73 9.86 11.91 16.42 18.87 21.04 26.52 28.29 27.27 29.31 25.59 19.37 18.12 18.52 14.55 11.81 13.56 14.23 13.76 15.73 21.58 26.35 26.45 20.79 15.29 10.39 6.10 6.82 8.89 6.53 6.10 10.42 14.95 13.28 14.20 18.04
12.62 13.00 13.78 14.05 14.03 14.30 14.68 15.16 15.40 15.28 15.15 14.99 14.79 14.49 13.81 13.28 12.90 12.00 11.36 11.26 11.00 10.60 10.17 10.11 11.99 15.19 16.79 18.55 19.22 20.01 25.16 26.21 19.20 14.09 18.41 20.83 16.88 14.08 15.10 15.96 16.98 18.69 22.93 27.87 26.39 20.77 16.95 13.36 11.66 13.29 13.23 9.44 5.57 7.74 9.18 10.98 13.70
12.71 12.81 13.49 14.10 14.18 14.37 14.57 14.91 15.09 14.71 14.56 14.68 14.99 15.22 14.66 14.01 13.49 12.38 11.59 11.21 11.00 10.77 10.15 9.61 10.01 12.36 15.21 16.62 16.68 18.36 22.23 26.36 24.79 15.24 12.42 18.55 19.52 14.07 12.45 13.25 13.95 14.69 16.00 20.82 24.37 21.92 18.47 16.42 16.32 16.01 13.92 10.27 7.57 7.17 7.91 9.57 10.88
13.06 12.61 12.46 13.00 13.19 13.26 13.35 13.65 14.21 14.19 14.02 14.20 14.88 15.97 15.54 14.65 14.36 13.19 12.03 11.29 11.03 11.03 10.69 10.23 10.06 10.57 12.14 13.86 14.39 15.77 18.45 22.44 27.86 23.17 12.59 12.45 16.18 14.02 9.30 7.57 9.94 11.77 11.45 15.41 20.04 19.59 19.71 19.70 15.13 13.05 11.84 10.31 12.49 13.69 13.36 13.56 14.10
13.80 13.25 12.43 12.20 12.08 11.97 12.14 12.77 13.47 13.77 13.60 13.43 13.67 15.17 15.81 14.90 14.55 13.82 12.60 11.30 10.86 10.94 10.65 9.97 9.19 9.14 9.76 11.23 12.48 12.46 13.78 16.44 23.44 27.36 20.30 14.55 15.78 17.78 14.46 7.74 8.21 12.12 13.01 17.04 20.52 16.41 12.99 14.30 13.00 12.92 13.47 13.08 12.84 11.89 9.71 8.99 10.57
14.52 13.91 12.93 12.33 11.94 11.59 11.48 11.98 12.69 13.13 13.20 12.77 12.05 12.63 13.98 14.08 13.73 13.61 13.09 11.55 10.71 10.73 10.48 9.89 9.04 8.83 9.49 10.51 11.49 11.38 11.32 11.98 16.26 24.84 24.20 18.61 17.89 21.62 21.43 12.93 12.25 19.19 23.04 25.42 28.29 23.88 12.07 9.89 11.66 14.62 15.90 14.58 12.79 12.36 12.06 10.90 13.35
15.43 14.42 13.05 12.31 11.72 11.28 10.77 10.74 11.48 12.24 12.59 12.60 11.90 11.64 12.34 12.84 12.67 12.75 12.91 11.71 10.70 10.65 10.54 10.20 9.71 9.17 9.07 9.77 10.58 10.78 10.50 10.11 12.05 18.94 23.10 22.68 20.74 22.55 26.80 23.59 22.27 22.78 22.84 24.00 29.96 33.37 24.55 16.27 19.10 20.58 18.00 15.77 15.87 16.77 18.45 18.34 17.22
16.80 15.44 13.94 13.09 11.77 11.04 10.33 9.62 9.97 10.84 11.58 12.05 11.96 11.74 12.02 12.36 12.20 12.23 12.45 11.56 10.63 10.51 10.61 10.60 10.47 10.09 9.63 9.65 10.23 10.63 10.46 9.81 10.42 13.37 18.39 24.00 25.23 25.96 29.20 28.90 24.20 18.06 16.57 20.08 26.90 33.47 34.58 29.33 25.21 25.42 25.55 20.56 18.34 17.61 15.76 13.41 12.84
17.83 16.58 15.41 15.00 13.36 11.61 10.59 9.09 8.52 9.46 10.43 11.00 11.14 11.13 11.41 11.83 11.82 12.04 12.46 11.72 10.71 10.57 10.66 10.65 10.79 10.99 10.91 10.69 10.83 11.16 11.22 10.85 10.74 11.17 13.70 18.66 22.70 23.66 23.76 23.94 21.92 17.90 16.71 17.72 21.69 24.84 28.17 30.80 25.55 22.64 27.24 27.39 21.73 17.12 13.47 11.43 11.98
17.88 17.25 16.31 16.25 15.30 13.28 12.13 10.20 8.20 8.59 9.83 10.51 10.71 10.56 10.36 10.60 10.93 11.44 12.26 12.00 11.07 10.78 10.78 10.65 10.57 10.77 11.12 11.26 11.25 11.29 11.46 11.62 11.48 11.07 11.45 12.50 14.41 16.55 19.04 22.12 22.09 19.84 17.77 16.25 18.54 20.30 19.69 23.26 27.66 25.24 24.08 27.95 26.45 21.08 17.60 15.66 15.34
17.25 17.42 17.54 17.23 16.32 15.05 14.51 12.80 9.59 8.52 9.24 10.03 10.51 10.68 9.93 9.07 9.51 10.34 11.31 11.74 11.29 10.99 10.97 10.91 10.89 11.02 11.33 11.72 12.04 12.08 11.96 12.01 11.93 11.05 10.38 10.24 10.87 12.93 16.21 20.40 20.82 19.05 18.79 19.27 21.72 24.55 22.68 17.51 20.02 25.23 22.44 22.16 25.16 25.78 22.13 16.77 14.87
16.42 17.23 19.03 19.70 18.16 17.12 17.03 15.59 12.22 9.94 9.40 9.68 10.12 10.96 10.34 8.18 7.56 8.34 9.51 10.57 10.86 11.07 11.32 11.53 11.74 11.91 12.05 12.31 12.76 13.13 13.13 12.70 12.20 11.13 9.90 9.53 9.85 10.79 12.94 17.60 18.68 17.35 18.90 20.08 20.60 23.18 26.24 19.92 14.90 18.87 21.03 17.64 18.26 23.52 24.32 17.28 13.96
15.33 16.34 19.08 21.45 20.75 19.41 19.44 18.48 15.55 12.53 10.97 10.53 10.91 11.86 10.97 8.22 6.87 6.34 6.75 8.43 9.90 10.87 11.54 11.87 12.12 12.38 12.42 12.53 12.88 13.25 13.48 13.18 12.45 11.40 9.86 8.61 7.83 7.59 9.01 14.58 17.01 16.06 16.18 16.77 17.17 19.29 24.53 23.83 19.10 18.60 21.05 18.93 16.97 19.52 25.86 23.61 18.14
14.03 14.16 15.68 18.56 18.78 17.93 18.47 18.77 17.30 14.79 12.87 11.79 12.17 13.82 12.36 9.30 8.85 7.74 6.14 6.71 8.61 10.21 11.36 11.94 12.19 12.62 12.88 12.79 12.82 12.95 13.07 13.03 12.60 11.78 10.22 8.32 6.80 5.71 5.66 8.90 12.71 13.26 12.59 13.36 15.08 17.89 21.28 22.20 21.05 20.99 21.60 20.58 18.44 16.81 20.95 25.52 24.86
13.84 13.11 13.03 14.96 15.60 15.03 15.51 16.68 17.06 15.99 14.58 13.21 13.15 15.32 13.85 10.68 10.92 11.52 9.61 7.66 7.90 9.28 10.77 11.99 12.55 12.98 13.41 13.44 13.17 13.05 13.04 12.95 12.65 12.09 11.00 9.49 8.02 6.78 6.33 7.30 8.96 10.12 10.45 11.71 12.92 15.79 19.51 20.34 21.36 22.25 21.50 20.57 18.66 14.30 12.06 20.90 28.33
14.69 14.44 14.84 16.04 16.63 16.07 15.20 14.76 15.85 16.20 14.75 13.60 14.68 18.20 16.65 13.45 12.87 13.84 13.21 9.92 8.13 8.58 10.07 11.54 12.56 13.02 13.31 13.60 13.50 13.34 13.35 13.26 12.90 12.49 11.87 10.93 10.00 9.23 8.78 9.13 10.00 10.30 9.29 9.20 10.42 13.63 17.40 18.11 20.30 22.55 22.28 21.23 21.09 16.88 10.92 17.28 25.48
15.14 15.03 15.43 16.80 17.65 17.50 16.61 13.65 12.65 13.94 13.33 11.42 12.14 17.29 19.76 17.21 14.95 14.88 15.53 13.22 10.12 9.49 10.05 10.92 11.74 12.41 12.75 13.08 13.36 13.31 13.28 13.34 13.17 12.91 12.55 11.97 11.35 10.79 10.21 9.73 10.07 10.72 9.36 7.66 7.57 10.71 14.41 14.30 16.21 20.95 22.76 19.80 21.04 22.49 17.82 18.10 21.97
15.58 14.83 14.23 15.14 15.87 16.19 16.38 13.86 10.42 10.55 13.46 13.60 9.98 11.15 16.24 17.13 15.65 15.60 17.18 17.00 13.60 11.49 10.94 11.05 11.29 11.98 12.64 13.02 13.29 13.36 13.28 13.29 13.32 13.19 12.95 12.51 11.93 11.34 10.63 9.57 9.10 10.08 10.29 8.85 7.10 7.59 10.29 11.16 12.24 16.21 22.18 20.86 18.96 23.53 23.84 21.88 23.11
16.53 15.13 14.68 16.02 16.84 16.95 16.31 15.19 11.68 9.01 13.66 18.30 17.08 13.11 14.21 16.14 15.91 15.02 16.30 18.43 16.66 13.29 11.90 11.75 11.68 11.88 12.53 13.08 13.29 13.41 13.45 13.41 13.41 13.33 13.08 12.67 12.15 11.69 11.22 10.41 9.78 10.25 11.04 10.44 8.89 7.75 7.81 8.29 8.24 9.71 16.41 19.83 17.18 20.02 22.89 22.74 24.47
17.63 15.58 15.31 17.50 19.69 20.88 19.45 18.08 15.17 9.75 9.30 13.47 18.28 16.88 15.07 14.47 13.10 11.74 11.29 14.09 16.29 14.75 12.81 12.26 12.11 11.79 11.82 12.31 12.86 13.21 13.39 13.42 13.34 13.32 13.14 12.81 12.37 11.99 11.72 11.28 10.65 10.72 11.48 11.71 11.21 10.20 8.55 7.13 6.31 6.07 9.36 14.10 13.49 15.91 20.28 22.73 25.21
18.47 15.45 13.75 16.32 19.88 23.11 23.94 22.13 18.83 13.96 9.23 8.50 13.55 15.32 13.58 13.12 12.43 11.91 10.35 10.09 12.50 13.72 12.92 12.28 12.21 11.96 11.69 11.72 12.17 12.74 13.15 13.27 13.21 13.22 13.15 12.91 12.53 12.14 11.88 11.65 11.16 11.16 11.86 12.43 12.52 12.00 10.65 9.14 7.92 6.62 7.37 10.54 11.64 13.36 16.91 21.27 24.32
19.80 15.94 11.50 12.44 15.22 18.08 21.77 22.83 19.69 15.85 13.65 11.96 13.70 16.35 16.33 15.49 15.42 15.52 14.45 12.66 11.76 12.10 12.30 12.10 12.18 12.21 12.10 11.90 11.79 12.01 12.51 12.92 13.03 13.12 13.15 12.99 12.70 12.35 12.00 11.76 11.31 11.10 11.50 11.81 11.86 12.02 11.77 11.13 10.25 9.23 8.74 9.60 10.93 12.35 14.51 18.61 21.45
21.36 17.38 11.16 11.76 13.76 13.45 15.40 20.41 19.25 15.03 13.15 11.67 11.87 14.23 17.29 17.30 16.12 16.09 14.69 13.03 12.55 12.33 12.12 11.72 11.62 11.92 12.20 12.20 12.04 11.93 12.13 12.53 12.79 12.97 13.09 13.03 12.84 12.59 12.24 11.90 11.34 10.64 10.66 11.19 11.56 11.93 12.17 12.00 11.63 11.27 10.93 10.81 11.44 12.67 14.25 16.94 18.71
22.89 18.97 11.18 12.17 17.41 17.39 14.28 17.89 19.15 16.17 14.59 11.58 9.06 8.64 10.93 13.65 13.33 14.43 15.57 14.02 13.08 12.70 12.20 11.55 11.22 11.52 12.04 12.35 12.40 12.31 12.26 12.39 12.57 12.72 12.86 12.88 12.78 12.62 12.34 11.98 11.54 11.00 10.81 11.26 11.83 12.18 12.36 12.37 12.24 12.16 12.16 12.33 12.83 13.64 14.74 16.29 17.19
23.86 20.19 12.37 10.10 14.88 21.19 20.06 18.12 18.07 16.50 15.77 14.32 11.93 10.56 9.45 9.79 9.91 10.89 13.46 14.21 13.50 12.87 12.60 12.41 11.89 11.50 11.64 12.08 12.34 12.43 12.44 12.45 12.50 12.57 12.67 12.74 12.71 12.64 12.49 12.26 11.97 11.66 11.45 11.49 11.76 12.12 12.42 12.58 12.61 12.62 12.72 12.93 13.36 14.07 15.05 16.15 16.67
22.10 21.21 15.09 9.15 9.05 15.13 22.39 21.39 16.38 13.84 13.28 13.57 13.86 13.30 12.36 11.85 11.20 10.57 10.76 11.33 12.20 12.88 13.18 13.29 12.79 11.80 11.16 11.42 12.05 12.43 12.57 12.60 12.62 12.66 12.73 12.80 12.84 12.83 12.81 12.71 12.55 12.24 11.88 11.70 11.80 12.09 12.42 12.70 12.88 12.93 13.03 13.33 13.80 14.39 15.11 15.93 16.34
19.02 21.42 18.20 10.58 8.42 8.66 15.86 22.25 17.18 14.24 14.13 13.68 12.92 12.22 12.31 12.74 12.81 12.26 12.01 11.85 12.30 13.02 13.26 13.25 13.04 12.16 10.97 10.83 11.63 12.32 12.61 12.75 12.83 12.89 12.96 13.03 13.09 13.12 13.13 13.12 13.03 12.83 12.54 12.27 12.14 12.25 12.51 12.78 13.04 13.25 13.37 13.61 14.03 14.50 15.06 15.73 16.08
17.21 19.55 18.99 13.10 10.64 9.41 13.33 22.55 23.59 20.01 16.53 13.94 12.43 11.81 11.38 10.85 11.09 11.60 12.30 12.85 12.89 12.92 13.17 13.56 14.02 13.76 12.71 11.75 11.63 12.10 12.49 12.74 12.94 13.04 13.11 13.18 13.25 13.33 13.39 13.40 13.36 13.26 13.09 12.93 12.82 12.77 12.87 13.07 13.32 13.57 13.71 13.81 14.10 14.53 15.03 15.58 15.87
18.58 19.15 18.46 13.86 11.17 11.00 13.56 19.90 26.50 26.77 22.12 18.43 15.75 14.21 13.48 13.07 12.90 12.76 12.75 12.76 12.93 13.20 13.36 13.94 14.98 15.36 14.26 12.84 12.09 12.09 12.35 12.54 12.79 13.01 13.15 13.24 13.36 13.46 13.54 13.57 13.57 13.52 13.44 13.37 13.33 13.32 13.35 13.46 13.60 13.77 13.91 13.98 14.13 14.45 14.93 15.46 15.74
18.90 21.56 22.10 15.33 10.91 11.19 11.26 10.23 16.24 24.80 27.49 27.51 24.72 22.05 21.02 19.48 17.36 14.63 13.10 13.36 13.97 14.28 14.14 13.94 14.66 15.72 15.26 13.83 12.98 12.65 12.58 12.53 12.63 12.85 13.07 13.22 13.35 13.48 13.60 13.68 13.70 13.68 13.63 13.60 13.62 13.65 13.69 13.74 13.82 13.97 14.10 14.16 14.19 14.34 14.73 15.28 15.57
14.91 19.40 24.89 22.42 15.61 12.70 10.45 7.79 7.86 12.21 17.55 22.71 25.54 25.25 24.23 23.10 21.92 20.66 18.74 16.97 15.12 14.13 14.38 14.29 14.10 15.13 16.03 15.23 13.90 13.18 12.98 12.84 12.72 12.75 12.95 13.14 13.30 13.42 13.53 13.64 13.70 13.72 13.71 13.73 13.77 13.84 13.91 13.97 14.03 14.11 14.20 14.29 14.33 14.35 14.55 15.02 15.33
11.52 13.35 19.22 22.83 21.59 17.76 13.53 10.99 8.68 7.20 7.50 8.37 13.11 18.06 19.44 20.60 21.56 21.59 19.88 17.35 15.47 14.14 13.50 13.35 13.11 13.21 14.05 14.41 13.80 13.18 12.93 12.85 12.81 12.79 12.83 12.98 13.14 13.28 13.42 13.53 13.63 13.67 13.69 13.73 13.81 13.92 14.02 14.07 14.12 14.21 14.30 14.36 14.43 14.49 14.59 14.90 15.14
13.26 11.57 12.03 14.95 18.22 20.28 17.53 13.74 11.50 10.19 8.77 6.09 5.92 10.91 14.72 16.29 18.15 17.89 17.49 16.85 15.79 15.03 13.65 12.84 12.50 11.92 11.85 12.64 13.04 12.88 12.75 12.73 12.73 12.73 12.68 12.75 12.93 13.08 13.20 13.32 13.46 13.54 13.57 13.61 13.71 13.87 14.02 14.13 14.20 14.30 14.37 14.41 14.47 14.54 14.65 14.85 15.00
17.93 15.86 13.50 11.16 10.82 15.35 19.89 20.09 16.54 14.47 13.45 10.87 7.80 7.69 9.98 9.92 13.04 15.27 16.33 17.98 17.61 16.52 15.37 13.98 13.35 12.89 12.39 12.57 12.98 13.04 12.79 12.59 12.43 12.50 12.62 12.62 12.71 12.93 13.10 13.20 13.30 13.40 13.46 13.48 13.54 13.68 13.88 14.06 14.14 14.22 14.34 14.41 14.48 14.57 14.64 14.78 14.88
17.50 18.42 17.97 14.02 10.48 9.82 14.30 22.54 25.58 23.12 18.82 14.03 9.25 6.69 7.26 7.90 8.81 10.36 10.82 13.21 15.84 16.49 16.24 15.16 14.49 14.19 13.74 13.45 13.71 13.70 13.26 12.80 12.39 12.34 12.36 12.44 12.71 13.06 13.32 13.41 13.45 13.46 13.50 13.48 13.44 13.46 13.56 13.73 13.94 14.15 14.35 14.39 14.36 14.49 14.61 14.71 14.80
12.65 15.19 18.02 15.60 14.20 12.77 11.11 15.08 23.39 28.51 28.13 23.23 17.65 13.69 12.90 13.46 12.85 12.78 11.87 10.83 11.22 12.72 14.50 15.99 16.16 15.14 14.64 14.13 13.55 13.24 13.44 13.66 13.36 12.96 12.79 12.60 12.77 13.04 13.32 13.51 13.58 13.58 13.56 13.56 13.52 13.48 13.53 13.67 13.88 14.05 14.19 14.30 14.29 14.38 14.46 14.59 14.74
