autotest/output/original/cli_wxModelInitialization_local_model/mackay_07-12-2013_0300_393m_vel.asc
ncols	57
nrows	71
xllcorner	279635.000000
yllcorner	4850745.000000
cellsize	393.466398
NODATA_value	-9999.000000
3.55	3.66	3.71	3.58	3.58	3.64	3.60	3.56	3.55	3.60	3.77	4.04	4.35	4.82	5.50	5.85	5.85	5.76	5.46	4.56	3.72	4.42	4.93	4.62	3.89	2.89	2.78	3.62	4.51	4.88	4.75	4.05	2.89	2.45	2.51	1.71	1.28	2.75	3.54	3.43	2.68	1.88	2.39	3.25	3.18	2.29	1.76	1.66	1.54	1.70	1.80	1.62	1.68	1.78	1.84	2.05	2.15	
3.36	3.47	3.60	3.53	3.48	3.52	3.53	3.51	3.50	3.50	3.56	3.69	3.89	4.14	4.53	4.95	5.12	4.95	4.90	4.76	3.99	3.98	4.24	4.24	4.14	3.65	3.08	2.98	3.29	3.78	4.18	4.36	3.26	2.30	2.88	2.15	1.02	1.76	2.74	3.39	2.96	1.92	1.72	2.39	3.29	2.91	2.02	1.71	1.67	1.85	1.83	1.56	1.63	1.75	1.71	1.81	1.90	
3.14	3.21	3.37	3.43	3.39	3.36	3.39	3.38	3.34	3.28	3.20	3.13	3.07	2.95	2.85	3.04	3.56	3.59	3.75	4.52	3.78	2.93	3.05	3.33	3.80	3.74	2.97	2.16	1.50	1.87	3.03	4.51	4.32	2.70	3.22	3.06	0.95	0.69	1.71	3.25	3.07	2.17	1.04	1.12	3.12	3.54	2.50	2.12	2.21	2.29	2.03	1.58	1.55	1.69	1.64	1.46	1.39	
3.15	3.21	3.28	3.30	3.30	3.27	3.24	3.23	3.18	3.10	3.03	2.92	2.72	2.47	2.24	2.14	2.44	2.89	3.17	3.91	3.46	2.21	2.43	2.74	3.06	2.67	2.48	2.57	1.59	1.12	1.66	3.24	4.76	3.80	3.17	3.44	1.74	1.01	1.52	3.21	3.38	2.82	1.73	0.87	2.44	3.36	2.39	1.88	2.02	2.26	2.19	1.69	1.54	1.70	1.82	1.53	1.32	
3.13	3.20	3.26	3.22	3.21	3.19	3.15	3.13	3.08	3.00	2.95	2.87	2.71	2.47	2.22	1.98	2.08	2.66	2.83	3.21	3.31	2.73	2.47	2.36	2.71	2.20	1.67	2.53	2.53	1.42	0.89	1.93	4.23	4.43	3.39	3.63	3.59	2.27	1.84	2.81	3.78	3.79	2.55	1.26	1.83	2.83	2.72	2.23	1.93	1.87	1.93	1.79	1.67	1.75	1.91	1.64	1.41	
3.04	3.11	3.20	3.17	3.16	3.14	3.11	3.07	3.01	2.94	2.87	2.79	2.66	2.43	2.17	1.82	1.75	2.47	3.07	3.23	3.52	3.72	3.02	2.25	2.60	2.31	1.03	1.29	2.39	2.26	1.26	1.60	3.44	4.26	3.15	2.54	3.47	3.45	2.51	2.01	3.15	4.33	3.44	2.18	1.76	2.05	2.83	3.01	2.12	1.61	1.60	1.71	1.84	1.89	1.89	1.46	1.24	
2.98	3.05	3.14	3.12	3.10	3.08	3.06	3.02	2.96	2.90	2.83	2.73	2.64	2.48	2.24	1.97	1.71	2.05	3.24	4.21	4.79	5.34	5.10	3.73	3.35	3.13	1.42	0.64	1.32	2.30	1.93	1.11	2.01	3.95	2.95	1.29	1.42	2.56	3.18	2.64	2.74	4.57	4.13	2.79	2.00	1.74	2.78	3.54	2.85	2.15	1.79	1.65	1.77	2.04	2.08	1.51	1.23	
2.95	3.02	3.11	3.09	3.08	3.06	3.03	2.99	2.94	2.90	2.80	2.67	2.61	2.55	2.37	2.17	1.97	1.82	2.34	3.53	4.47	5.30	5.93	5.86	5.64	5.02	2.82	1.34	1.03	1.53	2.00	1.24	1.74	3.84	3.78	2.05	0.99	1.10	2.34	3.08	3.14	4.82	4.99	3.37	2.48	2.08	2.65	3.53	3.21	2.52	2.12	1.87	1.75	1.93	2.31	1.94	1.55	
2.93	3.00	3.11	3.10	3.09	3.06	3.02	2.95	2.91	2.90	2.80	2.63	2.59	2.59	2.50	2.34	2.13	1.80	1.54	1.64	2.17	3.01	4.06	4.93	5.78	6.37	5.38	3.03	1.88	1.85	1.96	1.58	1.73	3.06	4.07	3.59	2.54	1.37	1.26	2.10	2.88	4.10	5.01	4.23	2.70	1.86	2.07	3.11	3.14	2.60	2.28	2.16	1.86	1.57	1.90	2.12	1.95	
2.90	2.96	3.06	3.08	3.07	3.03	2.98	2.91	2.85	2.89	2.84	2.62	2.58	2.61	2.55	2.42	2.14	1.85	1.54	1.31	1.32	1.67	2.47	3.14	3.67	5.18	6.36	5.18	3.54	3.49	2.96	1.94	1.49	1.95	3.09	3.15	2.96	2.17	1.54	1.66	2.45	3.13	4.31	4.22	2.49	2.04	2.19	2.24	2.75	2.35	1.71	1.87	2.11	1.50	1.12	1.81	2.16	
2.90	2.95	3.01	3.00	3.00	2.99	2.95	2.90	2.84	2.88	2.89	2.68	2.62	2.63	2.57	2.49	2.23	1.92	1.73	1.55	1.38	1.40	1.67	2.28	2.90	3.43	4.75	5.34	4.60	4.40	4.19	2.92	2.00	2.23	2.68	2.12	2.01	2.07	1.74	1.65	2.39	3.46	4.39	3.85	2.60	2.63	2.50	1.50	1.99	2.10	1.24	1.21	2.06	1.87	0.96	1.40	2.01	
2.90	2.95	3.00	2.96	2.92	2.92	2.92	2.91	2.89	2.90	2.92	2.80	2.69	2.63	2.53	2.46	2.29	2.00	1.82	1.72	1.56	1.48	1.41	1.71	2.47	2.77	3.08	3.95	3.70	3.48	4.49	3.81	2.54	2.56	3.02	2.33	1.60	1.71	1.80	1.70	2.22	3.53	4.37	4.22	3.53	3.20	2.45	1.45	1.61	2.13	1.60	0.86	1.43	1.93	1.28	1.18	1.55	
2.93	2.97	3.07	3.05	2.96	2.93	2.94	2.98	2.99	2.93	2.87	2.81	2.75	2.69	2.55	2.41	2.29	2.03	1.85	1.80	1.71	1.60	1.47	1.43	1.81	2.34	2.68	3.00	2.77	3.18	4.44	4.38	3.12	2.09	2.71	3.07	2.22	1.79	1.86	1.91	2.44	3.14	3.67	4.39	4.47	3.64	2.87	2.08	1.66	2.15	1.97	1.03	1.07	1.59	1.36	0.95	1.01	
2.97	2.94	3.01	3.06	2.99	2.94	2.91	2.94	2.96	2.85	2.78	2.76	2.78	2.83	2.69	2.50	2.38	2.11	1.90	1.81	1.73	1.67	1.54	1.42	1.48	1.97	2.57	2.71	2.63	3.20	3.80	4.30	4.19	2.42	1.71	2.63	2.63	1.87	1.56	1.95	2.53	2.79	2.78	3.80	4.67	3.80	3.10	2.35	1.83	2.21	2.04	1.46	1.29	1.48	1.21	0.74	0.65	
3.07	2.93	2.83	2.88	2.84	2.76	2.72	2.76	2.85	2.78	2.70	2.66	2.72	2.94	2.83	2.58	2.52	2.25	2.01	1.84	1.74	1.75	1.68	1.55	1.52	1.84	2.29	2.58	2.68	2.87	3.08	3.55	4.59	3.80	1.71	1.64	2.19	1.94	1.60	1.88	2.30	2.50	2.47	3.61	4.50	3.57	3.01	2.76	2.04	2.30	2.15	1.62	1.54	1.55	1.19	0.78	0.70	
3.26	3.10	2.85	2.75	2.68	2.57	2.56	2.65	2.73	2.74	2.65	2.54	2.51	2.80	2.89	2.64	2.57	2.40	2.19	1.87	1.74	1.81	1.77	1.65	1.61	1.85	2.08	2.45	2.71	2.51	2.57	2.76	3.87	4.48	2.86	1.88	2.06	2.50	2.58	1.81	1.80	2.52	2.65	3.49	4.34	3.55	2.68	2.52	2.18	2.37	2.41	1.72	1.45	1.46	1.09	0.66	0.53	
3.43	3.27	2.99	2.81	2.69	2.56	2.47	2.52	2.62	2.65	2.61	2.49	2.31	2.43	2.67	2.60	2.48	2.43	2.37	1.97	1.75	1.86	1.86	1.81	1.77	1.85	2.08	2.40	2.59	2.43	2.34	2.23	2.85	4.10	3.39	2.37	2.16	2.91	3.35	1.96	1.76	2.51	2.55	3.15	4.41	4.29	2.54	1.98	2.10	2.52	2.56	1.83	1.32	1.35	1.27	0.73	0.49	
3.65	3.40	3.06	2.85	2.69	2.56	2.39	2.33	2.44	2.52	2.54	2.52	2.35	2.30	2.45	2.50	2.37	2.36	2.45	2.09	1.81	1.90	1.94	1.95	1.94	1.95	2.11	2.33	2.45	2.44	2.29	2.05	2.29	3.07	3.01	2.65	2.19	2.69	3.66	2.84	2.43	2.15	1.95	2.73	4.18	5.01	3.77	2.26	2.17	2.70	2.54	1.80	1.32	1.34	1.37	0.90	0.64	
3.94	3.60	3.24	3.05	2.75	2.57	2.40	2.19	2.22	2.33	2.42	2.48	2.41	2.33	2.39	2.46	2.34	2.33	2.47	2.19	1.88	1.92	2.00	2.02	2.06	2.13	2.19	2.26	2.38	2.43	2.29	2.06	2.05	2.00	2.09	2.44	2.32	2.65	3.49	3.60	3.14	1.64	1.18	2.10	3.54	4.59	4.56	3.38	2.15	2.45	2.82	1.97	1.35	1.41	1.33	0.77	0.58	
4.13	3.79	3.49	3.42	3.07	2.71	2.53	2.20	2.01	2.13	2.28	2.37	2.36	2.30	2.34	2.41	2.31	2.32	2.51	2.30	1.95	1.95	2.03	2.06	2.12	2.24	2.29	2.30	2.37	2.39	2.29	2.14	1.97	1.44	1.20	1.63	2.08	2.47	3.13	3.93	3.59	1.57	1.07	1.62	2.92	3.94	4.18	3.92	2.53	2.00	2.71	2.49	1.76	1.66	1.45	0.73	0.50	
4.08	3.89	3.66	3.67	3.46	3.00	2.82	2.45	1.95	1.96	2.18	2.30	2.33	2.30	2.29	2.30	2.23	2.26	2.51	2.40	2.03	2.00	2.08	2.11	2.15	2.23	2.32	2.37	2.38	2.34	2.27	2.20	1.97	1.36	0.96	1.14	1.74	2.24	2.91	4.12	3.55	1.68	1.26	1.51	2.80	4.17	4.02	3.44	2.99	2.25	2.07	2.51	2.40	2.08	1.68	0.83	0.47	
3.86	3.86	3.90	3.88	3.65	3.28	3.21	2.91	2.16	1.90	2.06	2.22	2.30	2.42	2.40	2.15	2.07	2.18	2.43	2.40	2.10	2.05	2.13	2.18	2.20	2.24	2.33	2.38	2.39	2.36	2.30	2.21	2.03	1.53	1.07	1.19	1.66	2.00	2.77	4.04	3.38	1.57	1.29	1.96	3.19	4.21	4.24	2.87	2.24	2.46	2.02	2.18	2.44	2.37	2.01	1.03	0.50	
3.58	3.70	4.11	4.30	3.88	3.54	3.60	3.39	2.62	2.11	2.06	2.16	2.23	2.57	2.66	2.11	1.92	2.09	2.26	2.28	2.10	2.09	2.16	2.22	2.23	2.29	2.34	2.35	2.38	2.41	2.38	2.26	2.10	1.74	1.29	1.37	1.73	1.87	2.51	3.84	3.12	1.41	1.42	2.60	3.05	3.67	4.67	3.26	1.40	1.94	2.46	2.36	2.09	2.13	2.29	1.42	0.77	
3.27	3.40	3.99	4.55	4.24	3.86	3.99	3.85	3.20	2.55	2.28	2.17	2.24	2.85	2.95	2.19	2.01	2.11	2.04	2.02	1.99	2.04	2.16	2.22	2.24	2.33	2.36	2.33	2.37	2.41	2.44	2.34	2.18	1.96	1.61	1.58	1.82	1.82	2.20	3.28	2.77	1.52	1.96	2.86	2.74	3.26	4.66	3.64	1.47	1.68	2.83	2.84	1.91	1.48	2.05	1.96	1.43	
3.01	3.00	3.42	4.15	4.05	3.76	3.92	3.97	3.58	3.00	2.58	2.21	2.35	3.31	3.25	2.27	2.23	2.34	1.99	1.71	1.77	1.92	2.10	2.21	2.24	2.34	2.39	2.35	2.38	2.42	2.44	2.40	2.27	2.14	1.92	1.76	1.86	1.84	2.05	2.55	2.48	2.07	2.32	2.76	2.57	3.40	4.39	2.93	1.62	1.88	3.32	2.93	1.84	1.16	1.38	2.08	2.08	
3.04	2.94	3.15	3.68	3.70	3.48	3.56	3.69	3.61	3.28	2.81	2.31	2.51	3.71	3.53	2.35	2.32	2.62	2.24	1.61	1.55	1.76	1.96	2.16	2.24	2.31	2.40	2.42	2.43	2.43	2.46	2.43	2.34	2.28	2.13	1.94	1.91	1.90	2.02	2.17	2.33	2.61	2.49	2.57	2.48	3.46	4.03	2.12	1.42	2.59	3.66	2.56	1.93	1.41	1.22	2.06	2.29	
3.21	3.20	3.40	3.71	3.81	3.67	3.54	3.36	3.40	3.35	2.81	2.34	2.68	4.07	3.81	2.69	2.32	2.63	2.66	1.90	1.54	1.58	1.77	2.03	2.22	2.29	2.36	2.47	2.50	2.46	2.47	2.47	2.41	2.36	2.27	2.11	2.01	2.02	2.10	2.09	2.40	2.88	2.54	2.39	2.44	3.23	3.48	1.64	1.43	3.37	3.76	2.19	2.06	1.94	1.51	1.84	1.86	
3.27	3.28	3.39	3.74	3.95	3.93	3.90	3.33	3.01	3.03	2.69	2.19	2.38	3.74	4.19	3.25	2.42	2.46	2.87	2.54	1.83	1.46	1.59	1.92	2.13	2.26	2.35	2.48	2.55	2.49	2.48	2.51	2.47	2.43	2.37	2.24	2.13	2.17	2.24	2.16	2.41	2.84	2.53	2.39	2.46	2.94	2.94	1.50	1.86	3.61	3.67	2.19	2.04	2.41	1.84	1.49	1.38	
3.38	3.25	3.19	3.53	3.77	3.90	4.10	3.68	2.85	2.28	2.56	2.83	2.42	2.91	3.96	3.49	2.52	2.25	2.81	3.18	2.35	1.44	1.49	1.89	2.06	2.20	2.36	2.49	2.54	2.52	2.50	2.54	2.53	2.49	2.46	2.36	2.26	2.30	2.38	2.26	2.29	2.62	2.65	2.60	2.54	2.69	2.55	1.92	2.43	3.03	3.40	2.70	1.91	2.44	2.17	1.33	1.12	
3.60	3.25	3.18	3.61	3.93	4.17	4.18	4.04	3.17	1.62	1.93	3.36	3.46	3.00	3.51	3.31	2.60	2.11	2.50	3.39	2.87	1.63	1.49	1.92	2.06	2.16	2.35	2.48	2.52	2.53	2.55	2.58	2.55	2.55	2.53	2.46	2.38	2.40	2.47	2.36	2.23	2.43	2.75	2.78	2.63	2.57	2.42	2.43	2.54	2.30	3.07	3.14	1.82	2.18	2.34	1.38	1.03	
3.79	3.23	3.09	3.64	4.27	4.75	4.56	4.39	3.73	1.73	0.86	2.57	4.05	3.64	3.21	3.03	2.48	2.18	2.34	3.04	2.99	2.02	1.63	1.96	2.14	2.20	2.32	2.44	2.51	2.54	2.60	2.62	2.58	2.60	2.61	2.56	2.49	2.48	2.52	2.45	2.24	2.33	2.77	2.85	2.69	2.60	2.50	2.57	2.44	2.22	2.88	3.03	1.85	2.02	2.38	1.51	1.08	
3.94	3.21	2.66	3.22	4.10	4.87	5.12	4.99	4.29	2.56	1.01	1.72	3.83	3.86	3.03	2.90	2.47	2.52	2.63	2.65	2.61	2.20	1.85	2.00	2.22	2.29	2.35	2.42	2.49	2.53	2.63	2.65	2.61	2.65	2.68	2.64	2.58	2.56	2.55	2.52	2.30	2.34	2.79	2.83	2.67	2.65	2.60	2.56	2.47	2.42	2.68	2.64	2.08	2.15	2.22	1.64	1.32	
4.15	3.35	2.25	2.53	3.42	4.04	4.85	5.48	4.69	2.95	1.92	2.00	3.39	3.51	3.19	2.98	2.58	2.88	2.98	2.60	2.27	2.14	2.03	2.06	2.26	2.36	2.42	2.45	2.49	2.53	2.62	2.66	2.64	2.69	2.74	2.70	2.65	2.63	2.59	2.57	2.40	2.44	2.75	2.74	2.64	2.70	2.71	2.64	2.54	2.50	2.47	2.36	2.26	2.22	2.06	1.80	1.67	
4.35	3.70	2.22	2.23	3.32	3.54	3.89	5.50	5.00	3.12	2.57	2.56	2.80	2.76	3.23	3.14	2.57	3.07	3.20	2.64	2.21	2.11	2.13	2.14	2.28	2.40	2.47	2.51	2.52	2.53	2.60	2.66	2.68	2.73	2.78	2.75	2.70	2.68	2.64	2.60	2.53	2.51	2.62	2.65	2.66	2.76	2.79	2.69	2.58	2.50	2.39	2.27	2.25	2.19	2.05	1.96	1.91	
4.55	4.16	2.24	1.65	3.57	4.06	3.57	5.14	5.13	3.39	3.16	2.84	2.36	2.33	2.80	3.03	2.54	2.97	3.39	2.70	2.24	2.18	2.23	2.29	2.34	2.39	2.47	2.55	2.57	2.57	2.60	2.67	2.71	2.75	2.80	2.78	2.75	2.72	2.68	2.63	2.60	2.54	2.54	2.64	2.74	2.81	2.80	2.71	2.60	2.49	2.37	2.26	2.23	2.20	2.13	2.08	2.04	
4.84	4.48	2.45	0.94	2.66	4.44	4.51	5.09	4.94	3.66	3.45	3.08	2.49	2.54	2.55	2.72	2.60	2.78	3.19	2.73	2.32	2.26	2.34	2.47	2.43	2.40	2.46	2.55	2.59	2.60	2.62	2.68	2.73	2.77	2.81	2.80	2.77	2.74	2.71	2.67	2.65	2.60	2.59	2.68	2.77	2.81	2.78	2.71	2.62	2.49	2.36	2.28	2.26	2.24	2.21	2.16	2.13	
4.71	4.68	3.03	1.16	1.45	3.12	5.30	5.88	4.76	3.76	3.44	3.02	2.74	2.72	2.60	2.73	2.79	2.78	2.87	2.55	2.34	2.34	2.45	2.56	2.52	2.51	2.51	2.53	2.57	2.61	2.65	2.70	2.74	2.79	2.81	2.81	2.78	2.75	2.73	2.72	2.71	2.67	2.66	2.70	2.77	2.79	2.76	2.71	2.63	2.50	2.39	2.34	2.33	2.31	2.28	2.24	2.20	
4.07	4.79	4.15	2.04	1.29	1.55	4.19	6.41	4.87	3.79	3.41	2.89	2.79	2.69	2.69	2.84	2.94	2.82	2.78	2.46	2.27	2.39	2.49	2.51	2.58	2.75	2.69	2.50	2.50	2.60	2.66	2.72	2.76	2.80	2.82	2.81	2.79	2.77	2.77	2.76	2.76	2.73	2.71	2.73	2.76	2.78	2.76	2.71	2.63	2.53	2.45	2.42	2.40	2.37	2.34	2.30	2.26	
3.34	4.38	4.83	2.72	1.35	1.33	3.39	5.93	5.45	4.22	3.44	2.98	2.84	2.75	2.84	2.85	2.88	2.84	2.75	2.47	2.29	2.40	2.46	2.37	2.63	3.04	2.90	2.49	2.41	2.56	2.68	2.73	2.78	2.81	2.83	2.81	2.80	2.80	2.81	2.81	2.80	2.77	2.75	2.75	2.77	2.78	2.77	2.72	2.64	2.58	2.53	2.49	2.46	2.43	2.40	2.36	2.32	
3.16	4.24	5.03	3.11	1.43	1.85	3.52	4.62	5.38	5.04	4.00	3.56	3.18	2.99	3.04	2.97	2.98	2.89	2.71	2.46	2.31	2.39	2.38	2.23	2.66	3.26	3.04	2.53	2.35	2.53	2.70	2.74	2.79	2.82	2.84	2.83	2.82	2.83	2.84	2.84	2.83	2.81	2.78	2.78	2.80	2.80	2.79	2.74	2.67	2.63	2.61	2.57	2.52	2.48	2.46	2.41	2.37	
3.16	4.49	5.44	3.39	1.68	2.88	3.95	3.19	3.82	4.73	4.45	4.41	3.99	3.46	3.35	3.27	3.25	3.02	2.73	2.44	2.27	2.36	2.38	2.24	2.67	3.29	3.18	2.65	2.37	2.52	2.72	2.75	2.79	2.83	2.86	2.85	2.85	2.86	2.87	2.87	2.87	2.85	2.82	2.82	2.83	2.83	2.81	2.76	2.71	2.68	2.67	2.63	2.58	2.53	2.51	2.46	2.41	
2.54	4.04	5.63	4.68	3.06	3.73	3.67	2.73	2.81	3.33	3.64	4.04	4.30	3.90	3.59	3.58	3.50	3.47	2.97	2.41	2.31	2.36	2.42	2.39	2.65	3.14	3.22	2.77	2.45	2.58	2.74	2.77	2.81	2.85	2.87	2.87	2.88	2.89	2.90	2.90	2.90	2.88	2.86	2.86	2.86	2.86	2.84	2.79	2.75	2.73	2.72	2.68	2.63	2.58	2.55	2.50	2.46	
2.20	3.13	4.80	5.08	4.54	4.20	3.41	2.95	2.86	2.94	3.36	3.51	3.68	3.82	3.63	3.49	3.61	3.73	3.04	2.51	2.54	2.53	2.43	2.47	2.73	3.02	3.13	2.86	2.61	2.68	2.76	2.81	2.85	2.88	2.89	2.89	2.90	2.91	2.92	2.93	2.93	2.91	2.90	2.90	2.90	2.90	2.87	2.82	2.79	2.78	2.77	2.73	2.68	2.63	2.59	2.54	2.51	
2.78	3.14	4.38	4.71	4.38	4.43	3.81	3.41	3.18	3.16	3.81	3.79	2.94	3.26	3.57	3.04	3.66	3.54	2.87	2.84	2.81	2.73	2.45	2.49	2.81	3.03	3.00	2.86	2.79	2.76	2.80	2.86	2.88	2.92	2.91	2.91	2.91	2.93	2.94	2.95	2.96	2.96	2.95	2.95	2.94	2.92	2.90	2.86	2.83	2.83	2.81	2.77	2.73	2.68	2.64	2.58	2.55	
3.44	3.89	4.91	4.35	3.35	3.67	3.97	4.05	3.55	3.67	4.50	4.01	2.69	2.87	3.37	2.81	3.36	3.21	2.70	3.13	3.04	2.77	2.59	2.52	2.90	3.16	2.99	2.85	2.86	2.83	2.85	2.91	2.93	2.95	2.94	2.93	2.92	2.94	2.97	2.98	3.00	3.00	3.01	3.01	2.98	2.95	2.93	2.90	2.87	2.87	2.85	2.80	2.77	2.73	2.68	2.63	2.60	
3.22	4.41	5.42	4.10	3.17	3.04	2.76	3.65	4.18	4.66	5.05	4.17	3.02	2.66	3.00	2.90	2.78	2.94	2.77	3.01	2.99	2.71	2.68	2.67	3.13	3.32	3.09	2.84	2.79	2.86	2.87	3.00	3.00	2.94	2.98	2.99	2.94	2.95	2.99	3.01	3.04	3.04	3.06	3.05	3.01	2.98	2.97	2.93	2.92	2.91	2.88	2.84	2.80	2.77	2.72	2.68	2.66	
2.73	4.52	5.83	4.21	3.62	3.42	2.14	1.91	3.43	5.14	5.71	4.82	3.62	2.95	2.90	2.71	2.58	3.11	3.03	2.77	2.64	2.57	2.59	2.86	3.44	3.46	3.17	2.73	2.73	2.94	2.91	3.11	3.03	2.90	3.11	3.07	2.94	2.94	3.00	3.04	3.08	3.09	3.10	3.08	3.03	3.02	3.01	2.98	2.96	2.95	2.91	2.86	2.83	2.80	2.77	2.74	2.72	
2.82	4.41	5.58	4.65	4.08	3.88	2.67	1.52	2.01	3.95	5.65	5.53	4.41	3.75	3.01	2.38	2.87	3.27	3.04	2.77	2.55	2.55	2.53	2.89	3.60	3.59	3.00	2.60	2.94	3.10	2.96	3.14	3.04	2.96	3.20	3.10	2.91	2.94	3.00	3.07	3.11	3.13	3.13	3.11	3.08	3.08	3.06	3.03	2.99	2.96	2.91	2.86	2.83	2.81	2.82	2.81	2.80	
3.25	4.10	5.09	4.87	4.39	3.94	3.34	2.21	2.07	2.96	4.45	5.50	5.08	4.10	3.16	2.84	3.19	3.19	3.01	2.91	2.77	2.74	2.67	2.95	3.50	3.40	2.72	2.74	3.36	3.21	2.99	3.06	2.99	3.08	3.29	3.18	2.95	2.92	2.99	3.07	3.12	3.17	3.19	3.17	3.15	3.13	3.10	3.06	2.99	2.94	2.90	2.85	2.78	2.74	2.80	2.91	2.95	
4.23	4.37	4.76	4.64	4.11	3.90	3.56	2.99	2.57	2.77	3.45	4.99	5.46	3.73	2.86	3.41	3.58	3.26	3.11	3.08	2.95	2.89	2.82	3.04	3.21	2.89	2.62	3.14	3.57	3.22	3.11	3.02	2.96	3.21	3.44	3.33	3.00	2.81	2.89	3.05	3.14	3.22	3.30	3.26	3.21	3.17	3.12	3.08	2.99	2.90	2.81	2.75	2.60	2.62	2.91	3.13	3.21	
5.39	5.24	4.91	3.96	3.46	3.63	3.68	3.62	3.23	2.94	2.96	4.23	5.27	3.76	2.65	3.44	3.96	3.50	3.15	3.18	3.00	2.90	2.92	3.08	3.00	2.64	2.70	3.46	3.53	3.22	3.35	3.26	3.30	3.44	3.49	3.32	2.86	2.52	2.71	3.11	3.24	3.33	3.43	3.34	3.24	3.20	3.15	3.10	2.98	2.84	2.68	2.70	2.70	2.84	3.19	3.35	3.37	
6.09	6.14	5.05	3.45	3.07	3.07	3.39	3.97	3.81	3.40	3.09	3.57	4.55	3.81	2.78	3.40	4.23	3.72	3.21	3.21	3.07	2.95	2.86	2.99	2.99	2.83	3.00	3.65	3.60	3.28	3.69	3.86	3.60	3.31	3.08	2.97	2.57	2.25	2.66	3.27	3.44	3.49	3.50	3.38	3.30	3.25	3.19	3.11	3.02	2.86	2.76	3.05	3.17	3.15	3.28	3.34	3.36	
5.67	6.29	5.28	3.43	2.95	2.67	2.80	3.73	4.52	4.05	3.34	2.94	3.41	3.44	2.77	3.54	4.37	3.79	3.49	3.48	3.22	2.99	2.80	2.79	3.00	3.29	3.51	3.92	3.83	3.42	3.93	3.98	3.07	2.70	2.57	2.59	2.50	2.31	2.78	3.47	3.82	3.77	3.46	3.39	3.44	3.34	3.22	3.15	3.11	2.99	3.08	3.34	3.23	3.01	3.15	3.32	3.36	
4.69	6.31	5.82	3.71	2.93	2.65	2.52	2.93	4.58	4.66	3.66	2.72	2.61	2.81	2.49	3.63	4.35	3.55	3.73	3.95	3.43	3.00	2.84	2.67	3.10	3.82	4.08	4.20	3.78	3.36	3.66	3.50	2.57	2.36	2.46	2.46	2.50	2.49	2.85	3.74	4.52	4.11	3.35	3.39	3.61	3.46	3.30	3.21	3.18	3.16	3.24	3.23	3.05	2.98	3.17	3.34	3.35	
3.64	6.18	6.79	4.33	3.26	3.01	2.84	3.25	4.19	4.34	3.92	3.09	2.57	2.52	2.44	3.54	4.16	3.17	3.73	4.17	3.51	3.23	3.04	3.03	3.66	4.18	4.23	4.03	3.41	3.11	3.13	2.94	2.37	2.26	2.60	2.58	2.61	2.74	2.91	4.23	5.24	4.14	3.26	3.54	3.68	3.55	3.36	3.21	3.21	3.26	3.24	3.17	3.12	3.10	3.21	3.35	3.34	
2.76	5.79	7.45	5.11	3.95	3.52	3.21	3.55	3.77	3.63	3.44	3.20	3.08	2.87	2.71	3.42	3.83	3.12	3.73	3.92	3.45	3.60	3.44	3.67	3.92	3.89	3.81	3.53	3.29	2.99	2.66	2.58	2.38	2.40	2.72	2.70	2.97	3.23	3.30	4.72	5.50	4.00	3.32	3.53	3.50	3.50	3.32	3.13	3.21	3.30	3.28	3.26	3.21	3.17	3.34	3.42	3.31	
2.09	4.59	7.16	6.12	4.67	3.98	3.43	3.42	3.47	3.31	2.79	3.07	3.69	3.39	2.92	3.35	3.59	3.39	3.77	3.40	3.48	3.88	3.56	3.90	3.73	3.46	3.45	3.21	3.18	2.93	2.53	2.54	2.68	2.78	2.68	2.75	3.52	3.67	3.56	4.80	5.40	3.97	3.11	3.15	3.23	3.36	3.28	3.14	3.23	3.34	3.37	3.35	3.27	3.26	3.42	3.36	3.16	
2.42	3.36	6.09	7.14	5.52	4.39	3.81	3.26	3.08	3.06	2.76	3.22	4.14	3.56	3.05	3.44	3.82	3.82	3.69	3.08	3.43	3.96	3.52	3.82	3.70	3.25	3.19	2.98	2.96	2.97	2.71	2.64	3.02	3.10	2.71	2.87	3.74	3.74	3.54	4.77	5.17	3.90	3.00	3.02	3.17	3.28	3.43	3.33	3.32	3.46	3.48	3.42	3.32	3.25	3.24	3.20	3.13	
3.22	2.56	4.21	7.63	7.09	5.36	4.28	2.98	2.38	2.46	2.73	3.46	4.31	3.57	3.05	3.58	4.26	4.11	3.47	2.94	3.10	3.90	3.72	3.64	3.60	3.24	2.99	2.75	2.80	3.12	3.11	2.75	3.09	3.38	2.94	2.96	3.50	3.44	3.60	4.98	5.14	3.95	3.32	3.24	3.17	3.47	3.69	3.41	3.44	3.60	3.53	3.44	3.34	3.21	3.15	3.26	3.33	
3.66	2.22	2.43	6.64	8.20	6.18	4.10	3.00	2.29	2.40	2.71	3.35	4.15	3.80	3.06	3.75	4.44	3.85	3.29	2.92	3.11	3.97	4.03	3.64	3.45	3.39	2.88	2.50	2.81	3.28	3.42	2.83	3.07	3.55	3.17	2.96	3.16	2.93	3.77	5.59	5.30	4.15	3.74	3.41	3.32	3.66	3.51	3.25	3.65	3.71	3.50	3.44	3.36	3.25	3.29	3.37	3.34	
3.62	2.50	2.02	5.16	8.45	6.88	3.93	3.10	2.71	2.90	2.96	3.03	3.72	3.94	3.48	3.91	4.17	3.59	3.16	2.95	3.37	4.16	4.29	3.94	3.54	3.48	2.76	2.25	2.85	3.47	3.59	2.95	3.03	3.57	3.34	3.00	2.93	2.78	4.18	6.15	5.50	4.47	3.89	3.41	3.38	3.14	2.92	3.50	3.96	3.60	3.44	3.47	3.39	3.32	3.35	3.30	3.16	
3.39	2.81	2.78	4.97	7.98	7.56	4.66	3.28	2.90	3.02	3.26	3.17	3.47	4.06	4.09	3.84	3.65	3.77	3.17	2.82	3.53	4.45	4.77	4.30	3.51	3.13	2.67	2.19	2.84	3.71	3.69	2.84	2.97	3.67	3.46	2.94	2.81	3.18	4.71	6.58	5.93	4.34	3.43	3.05	2.89	2.35	2.79	4.13	3.99	3.45	3.64	3.60	3.44	3.35	3.28	3.19	3.13	
3.59	3.33	3.75	5.19	6.64	6.89	5.67	4.01	3.04	2.92	3.10	3.66	4.07	4.45	4.24	3.56	3.49	4.04	3.23	2.55	3.82	5.19	5.18	3.98	2.86	2.78	2.84	2.37	2.85	3.68	3.67	2.79	3.02	3.79	3.31	2.87	2.82	3.68	5.87	7.11	5.55	3.41	2.66	2.67	2.61	2.27	3.19	4.37	3.73	3.63	4.03	3.75	3.45	3.29	3.23	3.23	3.24	
4.89	4.18	4.20	5.18	5.51	5.40	5.64	4.84	3.20	2.85	2.68	3.64	5.10	4.72	3.79	3.60	4.04	3.99	2.80	2.58	4.42	5.92	4.78	3.09	2.57	2.97	2.93	2.52	3.08	3.37	3.49	3.28	3.30	3.53	3.02	3.13	3.16	4.43	7.12	6.56	4.22	2.70	2.36	2.93	3.03	2.63	3.34	4.20	4.04	4.40	4.46	3.80	3.33	3.21	3.25	3.29	3.31	
6.33	4.72	4.02	4.79	4.71	4.23	4.67	4.91	3.33	2.64	2.60	3.52	5.40	4.97	3.89	4.16	4.47	3.44	2.44	2.97	5.16	6.18	3.97	2.60	2.99	3.28	2.69	2.64	3.44	3.13	3.28	3.82	3.51	2.95	2.93	3.67	4.11	6.21	7.33	5.08	3.14	2.52	2.74	3.36	3.11	2.69	3.26	4.53	5.24	5.09	4.30	3.57	3.19	3.13	3.25	3.34	3.41	
6.58	5.00	3.92	4.53	4.74	4.33	3.98	4.14	3.16	2.51	3.01	3.77	4.62	5.04	4.77	4.92	4.10	2.84	2.52	3.27	5.85	6.20	3.14	2.59	3.74	3.29	2.30	2.91	3.65	3.09	3.16	3.83	3.78	2.86	3.27	4.82	5.59	6.91	5.83	3.21	2.61	2.94	3.51	2.99	2.75	3.34	4.00	5.46	5.73	4.34	3.49	3.27	2.93	2.83	3.06	3.37	3.55	
6.24	4.64	4.22	5.23	5.65	4.99	3.58	2.86	2.61	2.66	3.30	3.91	4.07	4.52	5.34	5.25	3.66	2.94	2.59	3.72	6.59	5.64	2.81	3.01	4.24	3.22	1.91	3.12	3.90	3.09	2.98	3.63	4.18	3.63	4.70	6.39	6.26	5.76	4.19	2.93	3.54	4.19	3.76	2.32	2.85	4.60	4.99	5.55	4.92	3.61	3.14	2.81	2.44	2.48	2.97	3.56	3.93	
5.66	3.91	3.84	5.98	6.32	4.94	3.17	2.09	2.24	2.95	3.14	3.96	4.33	3.90	4.84	5.16	3.97	3.37	2.74	4.81	6.75	4.66	2.96	3.71	4.31	2.93	1.85	3.27	4.14	2.93	2.69	3.76	4.96	5.28	6.15	6.42	5.14	4.27	3.88	4.03	4.81	4.52	3.07	2.29	3.76	5.41	5.18	4.75	4.04	3.12	2.45	2.33	2.42	2.75	3.27	3.90	4.39	
5.13	3.42	3.30	6.18	6.46	4.87	3.74	2.35	2.14	3.09	3.37	4.25	4.29	3.46	4.47	4.67	4.20	3.71	3.27	5.62	6.36	3.90	3.11	4.31	4.02	2.78	2.48	3.65	3.95	2.62	2.64	4.42	6.27	6.40	5.73	5.10	4.00	3.58	3.86	4.37	4.43	3.37	2.13	2.94	4.73	5.01	4.60	4.11	3.31	2.55	2.41	2.94	3.31	3.67	3.96	4.22	4.54	
4.78	3.69	3.54	5.71	5.82	4.95	4.49	3.21	2.53	3.40	4.18	4.51	3.94	3.70	4.81	4.57	4.29	4.13	4.07	5.48	5.29	3.43	3.45	4.41	3.68	3.05	3.43	3.91	4.01	3.52	3.95	5.38	6.16	5.00	3.95	3.85	3.44	3.37	3.66	3.86	3.74	2.98	2.39	3.60	4.41	3.78	4.04	3.88	2.96	2.83	3.36	3.90	3.95	4.06	4.18	4.15	4.23	
4.68	3.83	3.75	5.09	5.34	5.12	5.05	3.96	2.95	3.92	4.66	4.49	4.08	4.56	5.17	4.62	4.51	4.70	4.66	5.09	4.68	3.51	3.67	4.33	3.66	3.42	3.88	4.14	4.55	4.99	5.58	6.11	5.48	4.01	3.56	3.63	3.42	3.40	3.57	3.65	3.57	3.10	2.87	3.87	3.91	3.32	3.83	3.73	2.89	3.12	3.71	3.92	3.78	3.82	3.92	3.88	3.94	
