autotest/output/original/cli_wxModelInitialization_local_model/mackay_07-12-2013_0000_393m_vel.asc
ncols	57
nrows	71
xllcorner	279635.000000
yllcorner	4850745.000000
cellsize	393.466398
NODATA_value	-9999.000000
3.40	3.56	3.67	3.57	3.63	3.73	3.68	3.62	3.60	3.61	3.80	4.12	4.46	4.91	5.69	6.15	6.17	6.11	5.81	4.71	3.21	4.16	5.24	4.97	4.15	2.97	2.72	4.01	5.46	6.17	6.17	5.48	4.01	3.30	3.52	2.58	1.67	3.57	4.62	4.53	3.63	2.37	2.65	4.00	4.23	3.31	2.76	2.61	2.39	2.59	2.74	2.48	2.56	2.70	2.83	3.18	3.36	
3.20	3.38	3.58	3.52	3.48	3.58	3.60	3.56	3.54	3.49	3.53	3.70	3.90	4.04	4.43	5.00	5.24	5.07	5.24	5.22	3.72	3.58	4.43	4.71	4.65	3.95	3.19	3.31	3.90	4.67	5.29	5.78	4.46	3.08	3.99	3.00	1.28	2.15	3.59	4.67	4.07	2.44	1.89	2.94	4.49	4.03	2.76	2.37	2.37	2.74	2.76	2.36	2.49	2.68	2.67	2.85	3.02	
3.00	3.15	3.37	3.42	3.38	3.40	3.47	3.47	3.40	3.27	3.18	3.14	3.05	2.80	2.65	2.92	3.65	3.85	4.36	5.41	3.97	2.69	3.49	4.18	4.69	4.42	3.42	2.57	1.84	2.19	3.64	5.80	5.67	3.49	4.39	4.27	1.22	0.50	2.43	4.74	4.27	2.89	1.33	1.60	4.44	4.94	3.36	2.80	3.02	3.30	3.00	2.36	2.37	2.62	2.61	2.38	2.29	
3.02	3.14	3.27	3.32	3.35	3.35	3.36	3.37	3.28	3.14	3.09	3.02	2.80	2.49	2.22	2.09	2.71	3.60	3.97	4.88	4.14	2.69	3.32	3.73	4.05	3.40	2.99	3.18	1.97	1.19	1.95	4.25	6.35	4.97	4.24	4.72	2.16	0.67	2.01	4.48	4.50	3.79	2.47	1.42	3.57	4.79	3.34	2.62	2.88	3.31	3.24	2.54	2.36	2.65	2.90	2.51	2.18	
2.98	3.13	3.28	3.27	3.30	3.32	3.31	3.31	3.21	3.08	3.06	3.02	2.84	2.54	2.29	1.95	2.31	3.45	3.69	4.13	4.26	3.60	3.35	3.20	3.70	3.02	2.06	3.03	2.99	1.59	1.09	2.65	5.69	5.87	4.33	4.45	4.13	2.23	2.10	3.61	4.88	5.11	3.55	1.84	2.71	4.06	3.89	3.25	2.90	2.82	2.89	2.68	2.55	2.73	3.06	2.70	2.36	
2.91	3.07	3.26	3.26	3.28	3.31	3.30	3.26	3.16	3.07	3.04	2.99	2.88	2.63	2.39	2.01	2.03	3.11	3.81	3.99	4.44	4.76	3.98	3.06	3.62	3.31	1.54	1.57	2.91	2.73	1.47	1.85	4.50	5.89	4.31	3.01	4.03	3.99	3.05	2.46	4.11	5.90	4.74	3.06	2.54	2.95	4.10	4.44	3.22	2.45	2.39	2.56	2.81	2.98	3.06	2.46	2.15	
2.88	3.05	3.23	3.24	3.26	3.28	3.28	3.22	3.12	3.09	3.06	2.98	2.91	2.78	2.54	2.28	2.03	2.32	3.63	4.65	5.26	5.99	5.85	4.35	4.18	4.20	1.96	0.74	1.68	2.89	2.37	1.21	2.95	5.92	4.39	1.98	1.96	3.11	3.90	3.18	3.53	6.31	5.77	3.93	2.84	2.42	3.98	5.18	4.17	3.13	2.64	2.49	2.73	3.25	3.40	2.59	2.20	
2.87	3.04	3.23	3.24	3.26	3.27	3.26	3.19	3.13	3.15	3.11	2.96	2.91	2.89	2.71	2.51	2.22	1.80	2.27	3.61	4.61	5.60	6.49	6.37	6.31	6.03	3.34	1.31	1.22	2.14	2.76	1.67	2.84	5.68	5.26	2.86	1.42	1.25	2.81	3.81	4.04	6.64	7.00	4.77	3.40	2.69	3.69	5.16	4.70	3.68	3.16	2.86	2.76	3.16	3.84	3.36	2.81	
2.87	3.04	3.23	3.26	3.28	3.29	3.25	3.17	3.13	3.22	3.19	2.94	2.87	2.92	2.85	2.66	2.32	1.79	1.47	1.77	2.38	3.31	4.62	5.50	6.44	7.41	6.22	3.27	2.01	2.51	2.92	2.54	2.88	4.31	5.37	4.55	3.06	1.52	1.51	2.67	3.78	5.64	7.07	5.99	3.69	2.47	2.99	4.58	4.61	3.84	3.45	3.36	2.95	2.59	3.25	3.74	3.57	
2.89	3.03	3.21	3.26	3.29	3.29	3.24	3.17	3.12	3.27	3.29	2.92	2.85	2.95	2.92	2.77	2.38	1.97	1.62	1.49	1.61	2.10	3.07	3.76	4.35	6.16	7.46	5.87	3.75	4.06	4.02	3.17	2.43	2.88	4.29	4.11	3.67	2.66	1.97	2.15	3.29	4.46	6.34	6.15	3.52	2.93	3.27	3.32	4.02	3.46	2.60	2.95	3.32	2.42	1.96	3.26	4.00	
2.93	3.05	3.20	3.23	3.26	3.27	3.23	3.19	3.15	3.31	3.34	2.93	2.87	2.98	2.94	2.87	2.53	2.10	1.86	1.73	1.65	1.84	2.12	2.79	3.62	4.19	5.67	6.24	4.92	4.91	5.36	3.78	2.46	3.07	3.83	2.91	2.58	2.62	2.27	2.16	3.28	5.00	6.49	5.66	3.77	3.88	3.72	2.20	2.91	3.07	1.79	1.82	3.24	3.02	1.70	2.58	3.75	
2.97	3.09	3.24	3.25	3.22	3.22	3.21	3.22	3.24	3.32	3.28	3.03	2.98	3.02	2.94	2.90	2.66	2.21	1.99	1.96	1.86	1.85	1.78	2.15	3.15	3.48	3.93	5.05	4.32	4.22	6.00	4.94	3.17	3.37	4.08	3.15	2.09	2.20	2.36	2.22	3.07	5.13	6.35	6.10	5.16	4.76	3.64	2.13	2.37	3.14	2.30	1.18	2.20	3.13	2.23	2.28	3.04	
3.03	3.12	3.31	3.34	3.23	3.20	3.20	3.27	3.36	3.31	3.18	3.09	3.10	3.13	3.04	2.89	2.70	2.30	2.07	2.10	2.04	1.96	1.87	1.91	2.44	3.14	3.72	4.15	3.66	4.39	6.15	5.90	4.18	2.81	3.59	4.06	2.90	2.36	2.43	2.52	3.49	4.59	5.32	6.36	6.57	5.40	4.26	3.09	2.49	3.22	2.95	1.56	1.61	2.49	2.22	1.83	2.12	
3.13	3.12	3.26	3.37	3.25	3.19	3.16	3.28	3.40	3.24	3.11	3.08	3.13	3.30	3.20	2.93	2.79	2.42	2.20	2.16	2.10	2.09	2.04	1.98	2.12	2.85	3.70	3.80	3.63	4.44	5.18	5.76	5.66	3.29	2.30	3.48	3.47	2.52	2.05	2.72	3.71	4.10	4.05	5.58	6.90	5.66	4.60	3.50	2.78	3.35	3.15	2.29	2.02	2.28	1.95	1.47	1.51	
3.32	3.20	3.16	3.26	3.18	3.10	3.10	3.22	3.34	3.21	3.08	3.00	3.05	3.43	3.33	2.97	2.93	2.62	2.40	2.24	2.13	2.24	2.24	2.15	2.20	2.77	3.38	3.68	3.80	4.01	4.18	4.78	6.21	5.15	2.32	2.20	2.93	2.62	2.22	2.74	3.38	3.70	3.66	5.36	6.68	5.33	4.51	4.15	3.11	3.52	3.32	2.52	2.44	2.55	2.14	1.75	1.76	
3.57	3.43	3.23	3.19	3.14	3.03	3.03	3.14	3.21	3.20	3.07	2.93	2.88	3.29	3.40	3.05	3.01	2.84	2.68	2.32	2.15	2.37	2.41	2.34	2.38	2.75	3.05	3.53	3.87	3.54	3.55	3.76	5.25	6.08	3.86	2.57	2.80	3.42	3.66	2.66	2.67	3.73	3.93	5.20	6.47	5.26	3.98	3.80	3.35	3.65	3.67	2.62	2.28	2.44	1.95	1.33	1.27	
3.78	3.64	3.40	3.27	3.19	3.06	2.96	3.01	3.11	3.15	3.09	2.99	2.80	2.97	3.23	3.13	2.98	2.94	2.96	2.46	2.22	2.47	2.54	2.55	2.55	2.69	3.00	3.45	3.68	3.41	3.25	3.06	3.89	5.57	4.58	3.23	2.95	4.03	4.76	2.84	2.61	3.69	3.78	4.76	6.67	6.49	3.83	3.00	3.23	3.81	3.84	2.85	2.24	2.39	2.34	1.50	1.32	
4.03	3.82	3.53	3.36	3.23	3.11	2.95	2.87	2.98	3.06	3.08	3.09	2.88	2.83	3.05	3.12	2.94	2.95	3.13	2.66	2.33	2.54	2.64	2.69	2.71	2.78	3.03	3.31	3.45	3.40	3.18	2.81	3.13	4.18	4.10	3.61	2.99	3.77	5.24	4.10	3.52	3.11	2.94	4.19	6.43	7.76	5.85	3.48	3.35	4.14	3.91	2.93	2.45	2.58	2.66	2.15	1.88	
4.31	4.00	3.69	3.59	3.33	3.19	3.04	2.81	2.81	2.92	3.01	3.07	2.95	2.85	2.99	3.11	2.94	2.96	3.20	2.85	2.46	2.57	2.70	2.76	2.84	2.97	3.08	3.17	3.32	3.36	3.15	2.82	2.78	2.71	2.86	3.36	3.22	3.77	5.05	5.22	4.50	2.37	1.92	3.33	5.51	7.17	7.18	5.32	3.41	4.03	4.70	3.45	2.64	2.63	2.36	1.71	1.60	
4.46	4.14	3.87	3.93	3.66	3.33	3.23	2.90	2.65	2.75	2.90	2.98	2.94	2.88	2.98	3.08	2.94	2.97	3.27	3.03	2.56	2.60	2.74	2.79	2.90	3.07	3.15	3.18	3.28	3.29	3.14	2.92	2.68	1.94	1.62	2.26	2.92	3.55	4.55	5.68	5.13	2.39	1.87	2.66	4.52	5.92	6.33	6.15	4.14	3.39	4.71	4.62	3.41	2.98	2.52	1.56	1.40	
4.35	4.18	4.01	4.18	4.06	3.60	3.52	3.20	2.57	2.53	2.78	2.90	2.93	2.95	2.99	3.01	2.89	2.93	3.31	3.17	2.66	2.65	2.79	2.85	2.93	3.05	3.18	3.24	3.26	3.20	3.10	2.99	2.68	1.83	1.28	1.54	2.39	3.18	4.21	5.90	5.09	2.68	2.21	2.48	4.22	6.07	5.79	5.19	4.94	3.94	3.80	4.78	4.63	3.89	3.12	1.94	1.60	
4.04	4.09	4.25	4.42	4.28	3.84	3.87	3.63	2.70	2.42	2.64	2.80	2.89	3.11	3.21	2.92	2.76	2.90	3.25	3.19	2.75	2.71	2.84	2.92	2.97	3.05	3.17	3.24	3.25	3.22	3.13	3.01	2.75	2.05	1.41	1.56	2.22	2.75	3.90	5.72	4.86	2.61	2.31	3.02	4.61	6.21	6.21	4.09	3.55	4.34	3.80	4.05	4.60	4.59	3.91	2.31	1.64	
3.67	3.83	4.41	4.86	4.45	4.01	4.21	4.05	3.10	2.56	2.59	2.71	2.78	3.31	3.58	2.90	2.65	2.89	3.09	3.05	2.76	2.75	2.87	2.96	3.00	3.09	3.17	3.18	3.22	3.27	3.24	3.07	2.85	2.34	1.70	1.79	2.26	2.46	3.42	5.38	4.49	2.39	2.33	3.65	4.32	5.48	6.99	4.82	2.35	3.53	4.36	3.91	3.46	4.10	4.58	2.97	1.88	
3.29	3.45	4.24	5.08	4.71	4.23	4.54	4.46	3.68	2.95	2.74	2.61	2.69	3.67	3.95	2.97	2.81	3.00	2.90	2.77	2.65	2.70	2.88	2.96	2.99	3.14	3.18	3.14	3.21	3.27	3.31	3.18	2.95	2.63	2.14	2.05	2.33	2.33	2.90	4.55	4.00	2.37	2.68	3.85	3.91	4.81	6.89	5.62	3.01	3.30	4.76	4.37	2.88	2.85	4.46	4.22	3.03	
3.08	3.12	3.79	4.78	4.61	4.24	4.52	4.60	4.12	3.45	3.02	2.49	2.69	4.23	4.31	3.04	3.04	3.28	2.87	2.44	2.42	2.57	2.80	2.94	2.99	3.13	3.21	3.17	3.22	3.27	3.31	3.25	3.07	2.89	2.55	2.30	2.39	2.35	2.65	3.44	3.45	2.84	3.00	3.65	3.57	4.84	6.36	4.81	3.40	3.67	5.17	4.46	2.99	2.08	2.97	4.48	4.51	
3.20	3.19	3.64	4.36	4.37	4.13	4.24	4.35	4.22	3.82	3.21	2.43	2.82	4.75	4.66	3.12	3.11	3.55	3.09	2.29	2.17	2.38	2.62	2.87	2.98	3.09	3.21	3.25	3.28	3.29	3.32	3.28	3.17	3.07	2.86	2.57	2.50	2.45	2.61	2.84	3.09	3.41	3.14	3.29	3.29	4.80	5.85	3.82	3.21	4.37	5.50	4.15	3.38	2.29	1.71	4.04	5.21	
3.36	3.44	3.81	4.27	4.44	4.33	4.25	4.03	4.03	3.94	3.14	2.41	3.00	5.15	4.93	3.51	3.09	3.47	3.47	2.54	2.13	2.18	2.39	2.71	2.94	3.06	3.16	3.32	3.36	3.31	3.34	3.34	3.25	3.19	3.05	2.82	2.65	2.62	2.70	2.67	3.09	3.71	3.18	2.97	3.11	4.41	5.02	3.05	2.92	5.14	5.67	3.91	3.88	3.32	2.22	3.52	4.48	
3.40	3.51	3.74	4.21	4.52	4.58	4.68	4.08	3.67	3.58	3.03	2.45	2.96	4.79	5.34	4.15	3.12	3.13	3.63	3.26	2.45	2.01	2.15	2.55	2.83	3.01	3.14	3.32	3.41	3.34	3.34	3.38	3.34	3.27	3.19	3.00	2.82	2.82	2.88	2.72	3.06	3.70	3.28	3.00	3.04	3.87	4.14	2.42	2.74	5.26	5.72	3.87	3.81	4.39	3.28	3.09	3.49	
3.55	3.49	3.53	4.02	4.38	4.63	4.99	4.56	3.55	2.67	2.86	3.42	3.28	3.98	5.20	4.47	3.16	2.77	3.47	4.05	3.07	1.91	1.95	2.49	2.72	2.91	3.15	3.32	3.39	3.37	3.36	3.42	3.40	3.35	3.30	3.15	2.99	3.00	3.08	2.87	2.91	3.46	3.52	3.36	3.16	3.41	3.39	2.49	2.99	4.23	5.47	4.50	3.23	4.50	4.32	3.28	3.27	
3.81	3.46	3.46	4.02	4.51	4.95	5.08	4.98	3.98	1.96	2.11	4.01	4.38	4.08	4.72	4.28	3.21	2.55	3.10	4.33	3.67	2.07	1.90	2.50	2.71	2.85	3.11	3.29	3.37	3.38	3.42	3.45	3.43	3.42	3.39	3.29	3.15	3.15	3.22	3.04	2.84	3.17	3.67	3.66	3.39	3.27	3.04	2.96	3.08	2.99	4.57	4.90	3.09	4.02	4.63	3.60	3.40	
4.00	3.40	3.27	3.93	4.76	5.50	5.41	5.33	4.65	2.28	1.21	3.24	5.14	4.75	4.22	3.88	3.08	2.72	3.03	3.93	3.81	2.53	2.06	2.53	2.80	2.90	3.06	3.23	3.34	3.38	3.47	3.50	3.45	3.49	3.49	3.41	3.29	3.26	3.30	3.18	2.88	3.04	3.68	3.79	3.57	3.40	3.17	3.21	3.07	2.76	3.88	4.55	3.15	3.59	4.50	3.85	3.65	
4.15	3.38	2.78	3.45	4.54	5.53	5.92	5.95	5.26	3.16	1.38	2.42	5.07	5.02	3.85	3.64	3.08	3.19	3.43	3.45	3.34	2.78	2.35	2.59	2.89	2.99	3.08	3.18	3.28	3.36	3.49	3.53	3.48	3.54	3.57	3.51	3.41	3.36	3.34	3.29	2.97	3.02	3.66	3.75	3.60	3.59	3.47	3.37	3.21	3.08	3.55	3.88	3.33	3.54	4.06	3.95	3.92	
4.37	3.55	2.39	2.80	3.96	4.72	5.67	6.58	5.73	3.53	2.34	2.78	4.53	4.44	3.94	3.69	3.18	3.63	3.81	3.33	2.90	2.72	2.60	2.67	2.93	3.07	3.17	3.22	3.27	3.33	3.46	3.53	3.51	3.58	3.64	3.59	3.51	3.46	3.40	3.36	3.11	3.11	3.57	3.66	3.60	3.71	3.71	3.57	3.42	3.34	3.37	3.42	3.47	3.61	3.73	3.88	4.00	
4.55	3.96	2.43	2.45	3.89	4.28	4.71	6.73	6.12	3.78	3.26	3.50	3.73	3.45	3.99	3.88	3.17	3.86	4.07	3.36	2.80	2.69	2.74	2.77	2.94	3.10	3.22	3.29	3.31	3.32	3.41	3.52	3.54	3.61	3.68	3.65	3.58	3.55	3.48	3.41	3.29	3.23	3.44	3.58	3.62	3.76	3.82	3.71	3.57	3.49	3.40	3.32	3.45	3.57	3.61	3.77	3.87	
4.74	4.54	2.54	1.65	4.02	4.78	4.38	6.39	6.29	4.11	4.01	3.71	3.06	2.99	3.57	3.79	3.15	3.74	4.29	3.42	2.83	2.78	2.87	2.96	3.01	3.09	3.22	3.33	3.35	3.36	3.40	3.50	3.56	3.63	3.69	3.68	3.64	3.61	3.55	3.48	3.43	3.33	3.35	3.52	3.67	3.80	3.84	3.77	3.65	3.55	3.46	3.39	3.45	3.55	3.61	3.70	3.74	
5.11	4.94	2.78	0.84	2.96	5.08	5.35	6.33	6.12	4.48	4.26	3.81	3.11	3.23	3.27	3.43	3.27	3.53	4.05	3.45	2.93	2.89	3.02	3.18	3.12	3.09	3.19	3.32	3.37	3.39	3.43	3.50	3.57	3.64	3.70	3.71	3.67	3.64	3.60	3.56	3.51	3.43	3.40	3.51	3.68	3.80	3.82	3.78	3.70	3.58	3.48	3.44	3.48	3.55	3.62	3.67	3.68	
5.09	5.13	3.32	1.28	1.80	3.62	6.25	7.18	5.93	4.64	4.22	3.71	3.38	3.38	3.24	3.43	3.53	3.53	3.65	3.23	2.96	3.00	3.15	3.29	3.26	3.24	3.23	3.26	3.33	3.40	3.46	3.52	3.59	3.66	3.70	3.71	3.69	3.66	3.64	3.62	3.59	3.53	3.49	3.54	3.67	3.77	3.80	3.78	3.73	3.60	3.50	3.48	3.51	3.56	3.61	3.66	3.67	
4.41	5.23	4.59	2.37	1.66	1.91	5.03	7.79	5.98	4.68	4.20	3.55	3.44	3.33	3.35	3.57	3.70	3.57	3.53	3.12	2.89	3.06	3.19	3.23	3.35	3.56	3.44	3.18	3.22	3.36	3.46	3.54	3.61	3.67	3.70	3.70	3.69	3.68	3.68	3.67	3.66	3.61	3.57	3.60	3.67	3.74	3.77	3.76	3.71	3.63	3.54	3.51	3.53	3.56	3.61	3.66	3.67	
3.51	4.77	5.47	3.14	1.53	1.59	4.14	7.17	6.55	5.08	4.15	3.60	3.47	3.38	3.54	3.58	3.62	3.57	3.46	3.11	2.90	3.05	3.13	3.06	3.43	3.92	3.70	3.14	3.05	3.28	3.44	3.53	3.60	3.66	3.69	3.68	3.68	3.68	3.70	3.70	3.68	3.65	3.62	3.64	3.68	3.72	3.74	3.73	3.67	3.63	3.58	3.53	3.53	3.55	3.60	3.65	3.65	
3.22	4.64	5.77	3.55	1.52	2.25	4.47	5.67	6.36	5.89	4.67	4.23	3.83	3.65	3.74	3.68	3.72	3.61	3.39	3.08	2.90	3.02	3.02	2.86	3.43	4.17	3.89	3.21	2.96	3.20	3.43	3.50	3.58	3.64	3.67	3.67	3.67	3.69	3.71	3.71	3.70	3.68	3.65	3.66	3.69	3.72	3.73	3.70	3.65	3.63	3.61	3.57	3.53	3.53	3.58	3.63	3.64	
3.26	4.90	6.13	3.82	1.89	3.62	5.00	4.02	4.57	5.50	5.12	5.13	4.73	4.16	4.08	4.01	4.02	3.76	3.40	3.02	2.83	2.97	3.01	2.83	3.37	4.20	4.07	3.36	2.99	3.18	3.44	3.48	3.54	3.61	3.66	3.66	3.66	3.68	3.70	3.71	3.71	3.69	3.66	3.67	3.70	3.73	3.72	3.68	3.64	3.63	3.63	3.60	3.54	3.52	3.55	3.61	3.62	
2.68	4.41	6.25	5.21	3.54	4.58	4.51	3.33	3.39	3.96	4.26	4.73	5.06	4.65	4.33	4.36	4.31	4.30	3.68	3.00	2.88	2.95	3.03	2.98	3.31	3.97	4.12	3.55	3.12	3.25	3.45	3.49	3.54	3.59	3.63	3.64	3.66	3.68	3.70	3.71	3.71	3.69	3.68	3.69	3.71	3.73	3.72	3.67	3.64	3.64	3.65	3.62	3.57	3.53	3.53	3.58	3.59	
2.36	3.45	5.37	5.71	5.20	4.93	4.03	3.48	3.39	3.50	4.00	4.18	4.36	4.54	4.35	4.23	4.41	4.57	3.78	3.16	3.18	3.14	3.00	3.07	3.39	3.76	3.96	3.66	3.33	3.36	3.46	3.52	3.56	3.59	3.61	3.63	3.64	3.67	3.69	3.71	3.71	3.70	3.70	3.70	3.71	3.72	3.71	3.67	3.64	3.65	3.65	3.62	3.59	3.55	3.53	3.54	3.55	
2.96	3.47	5.01	5.44	5.03	5.06	4.37	3.95	3.71	3.71	4.51	4.50	3.48	3.86	4.24	3.64	4.42	4.33	3.59	3.56	3.50	3.39	3.05	3.09	3.50	3.77	3.75	3.61	3.52	3.45	3.49	3.55	3.57	3.62	3.61	3.61	3.62	3.65	3.68	3.69	3.71	3.72	3.71	3.71	3.70	3.70	3.70	3.67	3.65	3.66	3.66	3.63	3.60	3.57	3.54	3.52	3.52	
3.66	4.27	5.59	5.01	3.85	4.18	4.52	4.64	4.09	4.27	5.29	4.73	3.17	3.37	3.98	3.33	4.02	3.90	3.35	3.88	3.77	3.47	3.26	3.17	3.63	3.94	3.69	3.52	3.55	3.52	3.53	3.59	3.60	3.62	3.61	3.60	3.59	3.63	3.67	3.69	3.71	3.72	3.74	3.73	3.69	3.68	3.68	3.66	3.65	3.66	3.66	3.63	3.61	3.58	3.55	3.52	3.50	
3.44	4.85	6.08	4.64	3.61	3.47	3.16	4.16	4.78	5.40	5.89	4.88	3.53	3.10	3.52	3.41	3.30	3.52	3.30	3.61	3.67	3.43	3.42	3.40	3.90	4.09	3.77	3.46	3.44	3.56	3.57	3.69	3.65	3.59	3.64	3.62	3.56	3.58	3.66	3.69	3.72	3.73	3.75	3.74	3.69	3.67	3.67	3.64	3.65	3.66	3.65	3.63	3.61	3.58	3.55	3.52	3.50	
2.95	4.97	6.47	4.70	4.07	3.88	2.44	2.18	3.92	5.92	6.64	5.63	4.24	3.44	3.38	3.20	3.10	3.69	3.57	3.29	3.19	3.19	3.25	3.61	4.27	4.22	3.84	3.36	3.40	3.63	3.58	3.80	3.69	3.54	3.75	3.64	3.49	3.53	3.63	3.69	3.72	3.75	3.76	3.75	3.69	3.67	3.66	3.63	3.63	3.63	3.63	3.62	3.60	3.58	3.57	3.54	3.52	
3.04	4.82	6.17	5.18	4.55	4.37	3.02	1.70	2.28	4.53	6.53	6.43	5.16	4.42	3.57	2.87	3.44	3.89	3.65	3.36	3.08	3.06	3.04	3.51	4.39	4.38	3.73	3.36	3.69	3.75	3.55	3.81	3.71	3.58	3.83	3.68	3.43	3.48	3.58	3.69	3.73	3.76	3.77	3.74	3.71	3.69	3.66	3.63	3.60	3.60	3.60	3.61	3.59	3.59	3.58	3.56	3.55	
3.50	4.45	5.58	5.39	4.88	4.43	3.77	2.49	2.31	3.32	5.09	6.34	5.86	4.80	3.82	3.44	3.78	3.80	3.62	3.53	3.33	3.24	3.11	3.42	4.14	4.18	3.57	3.59	4.18	3.89	3.59	3.69	3.67	3.76	3.94	3.75	3.42	3.39	3.52	3.66	3.74	3.80	3.80	3.75	3.72	3.69	3.65	3.62	3.57	3.56	3.58	3.57	3.56	3.62	3.65	3.60	3.55	
4.54	4.71	5.18	5.08	4.54	4.34	3.98	3.34	2.84	3.06	3.90	5.70	6.24	4.32	3.46	4.11	4.27	3.87	3.72	3.67	3.49	3.43	3.33	3.55	3.80	3.58	3.39	3.94	4.39	4.02	3.83	3.65	3.58	3.87	4.07	3.83	3.37	3.22	3.44	3.67	3.77	3.85	3.89	3.78	3.70	3.67	3.63	3.60	3.53	3.50	3.52	3.55	3.48	3.63	3.86	3.66	3.45	
5.80	5.64	5.30	4.30	3.78	3.99	4.07	4.01	3.55	3.21	3.25	4.75	5.98	4.38	3.17	4.09	4.69	4.12	3.72	3.77	3.57	3.46	3.50	3.70	3.63	3.25	3.32	4.18	4.28	3.98	4.12	3.88	3.70	3.79	3.98	3.87	3.30	3.01	3.37	3.82	3.88	3.93	3.99	3.82	3.68	3.63	3.59	3.57	3.46	3.38	3.38	3.58	3.49	3.54	3.94	3.75	3.40	
6.58	6.60	5.41	3.71	3.30	3.34	3.75	4.42	4.20	3.68	3.30	3.88	5.12	4.42	3.33	4.01	4.96	4.36	3.78	3.77	3.61	3.46	3.40	3.64	3.67	3.43	3.52	4.23	4.17	3.80	4.26	4.28	3.83	3.56	3.58	3.77	3.44	3.06	3.46	4.08	4.13	4.03	4.02	3.86	3.70	3.59	3.54	3.50	3.40	3.24	3.19	3.53	3.52	3.42	3.84	3.89	3.66	
6.12	6.77	5.66	3.65	3.13	2.84	3.05	4.18	5.03	4.41	3.54	3.11	3.76	3.95	3.31	4.18	5.10	4.49	4.18	4.09	3.72	3.45	3.29	3.36	3.69	3.93	3.95	4.27	4.12	3.64	4.34	4.45	3.51	3.31	3.31	3.52	3.56	3.28	3.69	4.38	4.57	4.23	3.84	3.86	3.86	3.59	3.45	3.41	3.37	3.17	3.14	3.44	3.48	3.39	3.71	3.98	3.99	
5.02	6.76	6.26	3.99	3.13	2.80	2.64	3.15	5.02	5.14	4.03	2.93	2.82	3.17	2.92	4.20	5.01	4.22	4.52	4.70	4.03	3.52	3.34	3.18	3.68	4.39	4.47	4.43	3.92	3.52	4.11	4.21	3.33	3.23	3.39	3.36	3.45	3.41	3.80	4.75	5.26	4.39	3.45	3.71	4.01	3.69	3.38	3.30	3.33	3.24	3.22	3.32	3.29	3.30	3.63	4.02	4.14	
3.85	6.58	7.28	4.68	3.51	3.19	2.96	3.35	4.39	4.71	4.39	3.48	2.85	2.76	2.65	3.90	4.65	3.65	4.36	4.89	4.23	3.91	3.57	3.37	3.90	4.49	4.64	4.49	3.83	3.48	3.66	3.73	3.30	3.24	3.57	3.42	3.39	3.45	3.63	5.14	5.97	4.28	3.16	3.59	3.92	3.82	3.43	3.19	3.28	3.34	3.27	3.20	3.18	3.23	3.58	4.03	4.15	
2.91	6.15	7.96	5.47	4.20	3.70	3.34	3.66	3.91	3.85	3.78	3.60	3.44	3.11	2.85	3.65	4.16	3.40	4.12	4.44	4.04	4.19	3.90	3.94	4.07	4.17	4.33	4.24	4.05	3.68	3.38	3.42	3.24	3.18	3.54	3.56	3.68	3.64	3.51	5.31	6.30	4.24	3.14	3.46	3.64	3.84	3.57	3.20	3.27	3.38	3.32	3.20	3.13	3.16	3.52	3.93	4.01	
2.25	4.89	7.65	6.56	4.96	4.19	3.59	3.60	3.72	3.60	3.12	3.47	4.10	3.70	3.14	3.60	3.86	3.59	4.00	3.68	3.85	4.28	3.93	4.31	4.10	3.86	4.00	3.87	3.96	3.79	3.38	3.39	3.42	3.29	3.18	3.45	4.22	4.06	3.67	5.26	6.24	4.54	3.28	3.35	3.52	3.74	3.66	3.35	3.32	3.41	3.38	3.27	3.11	3.12	3.47	3.80	3.85	
2.40	3.46	6.49	7.68	5.93	4.66	3.92	3.33	3.32	3.51	3.27	3.68	4.56	3.93	3.43	3.84	4.17	4.02	3.84	3.22	3.68	4.35	3.89	4.25	4.16	3.71	3.74	3.63	3.73	3.80	3.45	3.30	3.68	3.63	2.99	3.16	4.35	4.42	4.01	5.40	5.99	4.59	3.43	3.34	3.54	3.68	3.77	3.50	3.38	3.47	3.42	3.31	3.14	3.08	3.35	3.65	3.72	
2.94	2.43	4.46	8.20	7.61	5.64	4.43	3.06	2.53	2.76	3.11	3.86	4.73	3.97	3.46	4.03	4.67	4.45	3.78	3.22	3.43	4.36	4.14	4.02	4.05	3.70	3.48	3.34	3.51	3.88	3.74	3.21	3.67	3.96	3.22	3.09	3.93	4.28	4.53	5.88	5.88	4.43	3.59	3.39	3.39	3.77	3.90	3.51	3.49	3.55	3.41	3.31	3.17	3.02	3.16	3.54	3.67	
3.29	2.09	2.62	7.10	8.69	6.46	4.36	3.34	2.58	2.59	2.86	3.60	4.54	4.21	3.40	4.08	4.81	4.27	3.80	3.43	3.58	4.47	4.50	4.02	3.82	3.78	3.22	2.94	3.38	3.91	4.02	3.25	3.53	4.11	3.57	3.19	3.50	3.58	4.75	6.55	5.88	4.37	3.75	3.34	3.27	3.77	3.85	3.61	3.80	3.60	3.33	3.29	3.17	2.99	3.04	3.39	3.54	
3.24	2.39	2.05	5.26	8.82	7.27	4.29	3.50	3.12	3.22	3.20	3.25	4.05	4.34	3.81	4.19	4.52	3.99	3.61	3.44	3.86	4.69	4.78	4.30	3.78	3.75	3.02	2.59	3.35	4.02	4.10	3.34	3.45	4.11	3.80	3.33	3.29	3.12	4.73	6.97	6.00	4.48	3.73	3.22	3.25	3.36	3.65	4.14	4.19	3.57	3.32	3.26	3.12	3.02	3.02	3.23	3.34	
2.98	2.59	2.61	4.81	8.21	8.05	5.16	3.68	3.25	3.40	3.67	3.54	3.82	4.43	4.42	4.10	4.00	4.18	3.52	3.18	3.95	4.91	5.12	4.48	3.69	3.49	3.06	2.45	3.23	4.26	4.15	3.20	3.44	4.20	3.89	3.32	3.21	3.42	4.96	7.09	6.25	4.32	3.48	3.18	3.15	2.84	3.56	4.82	4.32	3.57	3.54	3.25	3.04	2.99	2.97	3.04	3.10	
3.14	2.96	3.46	4.96	6.68	7.30	6.22	4.45	3.41	3.31	3.58	4.19	4.50	4.77	4.54	3.89	3.79	4.36	3.55	2.90	4.19	5.49	5.35	4.14	3.20	3.29	3.29	2.61	3.08	4.15	4.26	3.20	3.39	4.28	3.79	3.34	3.22	4.01	6.07	7.23	5.69	3.70	3.24	3.33	3.13	2.59	3.64	5.10	4.35	3.90	3.90	3.26	2.87	2.84	2.89	2.90	2.92	
4.52	3.78	3.84	4.94	5.43	5.60	6.06	5.28	3.61	3.27	3.16	4.19	5.58	5.04	4.13	3.96	4.28	4.20	3.15	2.97	4.73	6.17	4.98	3.37	2.96	3.33	3.28	2.84	3.32	3.67	4.08	3.74	3.46	3.93	3.65	3.71	3.42	4.55	7.14	6.49	4.41	3.19	3.05	3.63	3.38	2.61	3.67	5.02	4.69	4.48	4.13	3.22	2.64	2.63	2.79	2.79	2.79	
6.11	4.42	3.71	4.59	4.60	4.21	4.81	5.20	3.70	3.10	3.05	3.90	5.88	5.52	4.33	4.43	4.65	3.70	2.84	3.33	5.46	6.47	4.22	2.96	3.28	3.47	2.93	2.96	3.73	3.33	3.67	4.30	3.75	3.20	3.47	4.19	4.15	5.90	7.16	5.17	3.60	3.14	3.14	3.70	3.54	2.89	3.51	4.98	5.24	4.65	3.99	3.25	2.55	2.48	2.71	2.72	2.71	
6.43	4.92	3.86	4.44	4.63	4.15	3.82	4.21	3.48	2.93	3.32	3.96	5.01	5.69	5.32	5.22	4.36	3.22	2.92	3.58	6.14	6.47	3.38	2.94	3.98	3.36	2.46	3.21	3.95	3.26	3.37	4.26	4.21	2.93	3.26	4.70	5.09	6.52	5.97	3.94	3.44	3.44	3.58	3.17	3.49	3.73	3.67	5.15	5.49	4.13	3.64	3.42	2.71	2.46	2.69	2.73	2.72	
6.04	4.75	4.57	5.36	5.53	4.71	3.28	2.77	2.80	2.89	3.47	4.10	4.30	4.87	5.87	5.80	4.16	3.39	2.97	3.99	6.78	5.85	3.05	3.20	4.39	3.25	1.97	3.47	4.22	3.23	3.24	4.06	4.59	3.50	3.97	5.42	5.28	5.61	4.96	3.86	3.94	3.95	3.47	2.50	3.59	4.94	4.32	4.93	4.94	3.81	3.41	3.39	3.05	2.72	2.83	2.82	2.79	
5.36	3.99	4.23	6.13	6.28	4.90	3.18	2.11	2.32	3.05	3.26	4.11	4.43	4.00	5.22	5.80	4.63	3.88	3.09	4.97	6.85	4.81	3.22	3.82	4.36	2.98	1.81	3.46	4.42	3.05	3.01	4.20	5.14	4.73	5.05	5.42	4.46	4.18	4.35	4.30	4.66	4.11	2.80	2.32	4.00	5.62	4.88	4.39	4.17	3.66	3.27	3.30	3.29	3.15	3.11	2.92	2.82	
4.77	3.29	3.33	6.15	6.52	5.11	4.00	2.54	2.27	3.21	3.42	4.22	4.34	3.61	4.70	5.02	4.72	4.21	3.52	5.64	6.39	4.10	3.45	4.46	4.09	2.88	2.28	3.48	4.17	2.97	2.99	4.64	5.94	5.41	4.68	4.51	3.70	3.40	3.76	4.42	4.75	3.88	2.44	2.67	4.39	5.24	5.32	4.47	3.55	3.29	3.36	3.47	3.32	3.43	3.49	3.04	2.84	
4.51	3.48	3.36	5.60	5.86	5.13	4.70	3.41	2.65	3.43	4.08	4.35	3.89	3.68	4.74	4.45	4.29	4.17	3.93	5.39	5.49	4.02	3.95	4.73	4.07	3.32	3.20	3.51	3.84	3.23	3.44	4.88	5.66	4.64	3.90	4.08	3.76	3.56	3.74	4.10	4.29	3.71	2.74	3.49	4.31	4.12	5.02	4.88	3.74	3.41	3.62	3.84	3.49	3.51	3.74	3.35	3.11	
4.53	3.67	3.59	4.99	5.32	5.22	5.22	4.15	3.02	3.80	4.45	4.30	3.91	4.27	4.89	4.35	4.24	4.39	4.24	4.98	5.16	4.38	4.25	4.85	4.41	3.87	3.71	3.64	3.93	3.90	4.20	5.01	5.15	4.60	4.24	4.25	4.04	3.89	3.90	3.97	4.04	3.68	3.16	3.96	4.11	3.68	4.49	4.84	4.13	3.63	3.71	3.95	3.67	3.52	3.76	3.53	3.32	
