autotest/output/original/cli_wxModelInitialization_local_model/mackay_07-14-2013_1200_393m_vel.asc
ncols	57
nrows	71
xllcorner	279635.000000
yllcorner	4850745.000000
cellsize	393.466398
NODATA_value	-9999.000000
[rows 0 to 51 of 71, columns 0 to 56 of 57]
9.22 10.04 10.90 11.01 11.48 11.98 11.97 11.93 12.01 12.24 13.00 14.16 15.30 16.93 19.41 20.80 20.88 20.68 19.57 16.13 12.76 15.61 17.95 16.89 14.27 10.76 10.55 13.79 17.12 18.51 17.98 15.27 10.96 9.21 8.98 5.92 5.08 10.47 13.36 12.97 10.31 8.53 11.29 13.97 13.12 9.38 6.57 5.72 5.71 6.42 6.76 6.64 7.42 7.93 8.32 9.25 9.71
8.43 9.30 10.41 10.64 10.84 11.32 11.55 11.61 11.69 11.76 12.10 12.75 13.53 14.30 15.64 17.35 18.09 17.52 17.49 17.10 13.93 13.94 15.36 15.52 15.19 13.49 11.56 11.40 12.61 14.44 15.83 16.20 12.07 8.55 10.27 7.73 4.48 7.33 10.52 12.34 10.96 8.25 8.43 10.57 12.94 11.70 8.89 7.79 7.49 7.41 7.01 6.70 7.35 7.68 7.55 8.09 8.61
7.51 8.24 9.36 9.91 10.09 10.40 10.76 10.92 10.90 10.72 10.59 10.52 10.39 9.91 9.58 10.38 12.42 12.76 13.65 16.57 13.55 10.32 11.12 12.31 13.90 13.62 10.96 8.12 5.88 7.26 11.39 16.56 15.74 9.91 11.31 10.52 3.96 3.90 6.47 10.96 10.77 8.21 4.87 4.89 11.15 13.15 10.42 9.58 9.87 9.54 8.32 6.98 6.84 7.18 6.90 6.40 6.51
7.34 7.94 8.76 9.29 9.69 9.91 10.12 10.30 10.21 9.97 9.92 9.74 9.14 8.35 7.62 7.37 8.79 10.90 11.94 14.58 12.86 8.32 9.09 10.26 11.31 9.83 9.13 9.39 5.94 4.34 6.31 11.88 17.23 13.86 11.38 12.05 6.78 5.43 6.78 11.73 12.58 10.45 6.42 3.29 8.15 11.78 8.98 7.29 7.70 8.56 8.53 7.13 6.88 7.62 8.11 7.31 7.15
7.12 7.73 8.54 8.91 9.30 9.60 9.75 9.88 9.79 9.58 9.59 9.52 9.02 8.24 7.48 6.68 7.39 10.05 10.79 12.10 12.44 10.27 9.14 8.83 10.15 8.22 6.11 9.04 9.11 5.26 3.46 7.20 15.32 16.05 12.88 14.32 14.76 10.80 9.14 11.73 14.92 14.16 9.26 4.52 5.86 9.92 9.72 7.60 5.97 5.76 6.94 7.81 8.15 8.48 9.11 8.57 8.35
6.89 7.50 8.34 8.71 9.07 9.38 9.54 9.60 9.47 9.33 9.29 9.17 8.85 8.15 7.39 6.26 6.20 9.17 11.42 12.01 13.18 13.92 11.31 8.53 9.74 8.60 3.79 4.62 8.61 8.21 4.76 6.22 12.73 15.15 11.64 10.72 14.67 15.10 11.39 9.44 13.09 16.30 12.77 8.00 6.00 7.45 10.16 10.22 6.89 6.33 7.75 9.03 9.67 9.54 9.18 8.40 8.25
6.78 7.37 8.16 8.53 8.87 9.16 9.34 9.36 9.24 9.21 9.15 8.96 8.79 8.38 7.69 6.87 6.10 7.46 11.82 15.30 17.45 19.55 18.72 13.78 12.44 11.57 5.23 2.33 4.75 8.34 7.13 4.47 7.42 13.17 9.45 4.31 5.96 11.41 14.26 12.79 12.37 17.37 15.17 10.07 7.36 7.47 11.67 14.21 12.98 11.64 10.12 9.51 10.15 11.23 11.07 9.61 8.92
6.75 7.32 8.09 8.46 8.80 9.07 9.21 9.22 9.18 9.24 9.12 8.79 8.70 8.64 8.13 7.53 6.88 6.41 8.35 12.74 16.31 19.57 22.07 21.94 21.17 18.66 10.31 4.86 3.82 5.58 7.24 4.97 6.46 13.26 13.31 7.78 5.67 7.09 11.36 14.58 14.38 19.30 19.01 12.81 11.47 12.25 13.83 15.38 15.12 13.18 12.05 11.57 11.67 12.65 13.65 12.22 10.54
6.78 7.30 8.09 8.47 8.79 9.05 9.13 9.07 9.08 9.30 9.19 8.65 8.58 8.74 8.53 8.05 7.36 6.28 5.46 6.06 8.23 11.55 15.65 19.02 22.25 24.38 20.48 11.53 7.19 6.81 6.94 5.97 7.35 12.15 16.05 15.33 12.46 8.47 7.11 9.92 12.88 17.06 19.75 17.11 13.39 10.97 9.81 12.38 14.00 13.66 14.02 13.93 12.19 10.73 12.01 13.17 12.58
6.79 7.23 7.95 8.39 8.73 8.97 9.00 8.95 8.94 9.29 9.31 8.56 8.51 8.74 8.64 8.27 7.37 6.45 5.53 4.90 5.12 6.56 9.68 12.41 14.57 20.46 25.06 20.74 14.72 14.20 11.30 7.89 7.60 8.37 11.71 13.07 13.41 10.73 7.86 8.03 10.61 11.92 14.45 14.61 10.65 8.56 7.22 8.36 11.51 11.32 10.58 11.34 10.73 8.01 7.69 11.42 13.71
6.85 7.23 7.83 8.18 8.53 8.83 8.91 8.93 8.90 9.24 9.43 8.73 8.61 8.78 8.70 8.50 7.67 6.74 6.21 5.72 5.26 5.49 6.70 9.16 11.66 14.06 19.55 22.28 20.61 19.72 17.45 13.30 10.67 9.67 9.25 7.85 8.72 9.81 8.44 8.02 10.35 12.93 14.30 12.74 9.53 8.07 6.26 3.53 6.04 6.78 4.54 5.90 9.55 9.42 7.01 9.25 12.87
6.91 7.28 7.84 8.10 8.30 8.61 8.81 8.94 9.04 9.24 9.43 9.09 8.83 8.74 8.50 8.36 7.89 7.03 6.58 6.34 5.89 5.75 5.81 7.13 10.10 11.59 12.92 16.35 16.98 16.28 18.16 15.85 11.77 11.17 11.77 9.29 7.42 8.48 8.88 8.58 9.95 13.85 17.00 17.02 13.41 10.01 6.85 3.99 4.56 5.99 4.22 3.46 6.40 9.39 8.18 8.81 11.30
7.03 7.37 8.03 8.32 8.36 8.56 8.79 9.11 9.34 9.31 9.23 9.14 9.07 8.95 8.55 8.17 7.86 7.16 6.69 6.64 6.47 6.24 5.95 5.94 7.29 9.42 10.53 11.70 11.89 12.57 16.29 16.86 12.24 8.81 11.60 13.19 10.60 8.84 9.43 9.91 10.62 12.01 14.85 17.98 17.06 13.35 10.82 8.42 7.25 8.29 8.15 5.63 3.52 5.22 5.94 6.86 8.52
7.14 7.27 7.84 8.34 8.41 8.54 8.66 8.98 9.25 9.04 8.92 8.98 9.18 9.39 9.01 8.52 8.20 7.42 6.87 6.64 6.51 6.40 6.03 5.68 5.97 7.59 9.57 10.47 10.47 11.78 14.34 16.95 16.00 9.72 7.81 11.76 12.34 8.91 7.81 8.36 9.05 9.75 10.53 13.70 16.08 14.22 11.85 10.25 9.94 9.90 8.76 6.48 4.87 4.70 5.04 5.93 6.71
7.46 7.26 7.33 7.78 7.92 7.98 8.09 8.41 8.84 8.77 8.61 8.66 9.03 9.80 9.51 8.88 8.73 7.95 7.20 6.73 6.55 6.62 6.40 6.07 5.95 6.47 7.77 8.97 9.30 10.18 11.84 14.39 17.98 14.96 8.03 7.93 10.27 8.92 6.07 5.22 6.88 8.05 7.80 10.53 13.53 12.74 12.50 12.37 9.44 8.48 7.74 6.54 7.68 8.43 8.22 8.30 8.60
7.99 7.72 7.38 7.38 7.40 7.37 7.51 7.95 8.38 8.54 8.39 8.21 8.28 9.30 9.71 9.07 8.89 8.41 7.66 6.78 6.48 6.62 6.47 6.03 5.59 5.80 6.41 7.47 8.31 8.18 8.97 10.61 15.14 17.71 13.00 9.29 10.03 11.40 9.51 5.29 5.61 8.17 8.60 11.26 13.66 10.87 8.54 9.31 8.45 8.45 8.66 8.03 7.83 7.49 6.19 5.51 6.34
8.48 8.19 7.72 7.50 7.38 7.21 7.14 7.46 7.90 8.16 8.18 7.91 7.43 7.86 8.72 8.72 8.46 8.37 8.08 7.01 6.43 6.56 6.47 6.15 5.69 5.67 6.20 6.99 7.69 7.56 7.49 7.83 10.59 16.14 15.53 11.86 11.35 13.82 13.86 8.24 7.59 11.76 14.17 16.01 18.32 15.72 8.06 6.55 7.61 9.31 9.96 9.03 7.96 7.82 7.67 6.65 7.95
9.09 8.57 7.89 7.58 7.32 7.10 6.78 6.73 7.19 7.64 7.85 7.89 7.43 7.29 7.78 8.08 7.90 7.93 8.08 7.21 6.49 6.55 6.56 6.43 6.19 5.91 5.98 6.55 7.11 7.23 7.01 6.67 7.92 12.31 14.77 14.38 13.05 14.27 17.13 14.77 13.50 13.72 14.11 15.28 19.41 21.72 15.93 10.31 11.83 12.83 11.29 9.85 9.89 10.44 11.42 11.24 10.51
9.91 9.16 8.43 8.10 7.42 7.04 6.62 6.12 6.31 6.84 7.30 7.60 7.50 7.34 7.56 7.79 7.63 7.65 7.87 7.22 6.52 6.51 6.64 6.69 6.67 6.53 6.34 6.45 6.85 7.12 6.97 6.50 6.86 8.63 11.70 15.11 15.74 16.22 18.42 18.19 15.08 11.17 10.43 12.87 17.43 21.66 22.17 18.46 15.54 15.86 16.14 12.93 11.45 10.98 9.77 8.30 7.98
10.49 9.78 9.23 9.21 8.37 7.39 6.86 5.92 5.46 6.02 6.66 7.02 7.08 7.02 7.20 7.48 7.41 7.54 7.89 7.37 6.62 6.58 6.69 6.74 6.87 7.09 7.11 7.02 7.15 7.36 7.38 7.12 6.98 7.08 8.54 11.61 14.12 14.78 15.12 15.52 14.18 11.37 10.62 11.37 14.09 16.12 18.09 19.65 16.11 14.23 17.28 17.39 13.71 10.82 8.55 7.14 7.42
10.47 10.15 9.75 9.96 9.53 8.33 7.76 6.61 5.21 5.42 6.25 6.71 6.83 6.75 6.64 6.76 6.88 7.18 7.78 7.57 6.87 6.73 6.80 6.77 6.78 6.97 7.24 7.36 7.38 7.40 7.49 7.54 7.36 6.90 7.00 7.65 8.96 10.49 12.33 14.56 14.41 12.71 11.37 10.48 12.12 13.41 12.88 14.98 17.68 16.05 15.33 17.87 16.90 13.48 11.20 9.78 9.50
10.01 10.20 10.50 10.58 10.13 9.29 9.07 8.11 5.97 5.29 5.84 6.39 6.70 6.89 6.51 5.85 6.01 6.53 7.20 7.43 7.05 6.89 6.94 6.96 6.98 7.10 7.34 7.60 7.82 7.84 7.74 7.72 7.59 6.87 6.32 6.22 6.69 8.15 10.48 13.48 13.67 12.31 12.08 12.37 13.98 16.03 14.87 11.29 12.83 16.20 14.43 14.28 16.17 16.54 14.17 10.60 9.30
9.43 9.99 11.32 11.99 11.08 10.38 10.51 9.74 7.55 6.10 5.88 6.15 6.45 7.13 6.87 5.35 4.89 5.39 6.11 6.72 6.82 6.96 7.15 7.31 7.47 7.61 7.73 7.91 8.21 8.44 8.42 8.10 7.75 6.98 6.07 5.78 6.02 6.70 8.33 11.72 12.35 11.26 12.13 12.88 13.27 15.17 17.33 13.04 9.63 12.27 13.72 11.49 11.73 15.13 15.76 11.14 8.84
8.73 9.38 11.22 12.93 12.50 11.67 11.92 11.44 9.59 7.68 6.77 6.54 6.84 7.76 7.37 5.43 4.60 4.32 4.45 5.36 6.21 6.81 7.26 7.49 7.67 7.89 7.94 8.01 8.24 8.47 8.62 8.42 7.93 7.22 6.13 5.27 4.81 4.73 5.82 9.70 11.24 10.42 10.37 10.85 11.22 12.73 16.30 15.69 12.44 12.14 13.80 12.31 10.84 12.50 16.76 15.33 11.69
7.99 8.12 9.28 11.37 11.53 10.99 11.46 11.69 10.75 9.13 7.92 7.19 7.54 9.05 8.23 5.96 5.71 5.12 3.96 4.13 5.31 6.34 7.11 7.52 7.71 8.02 8.21 8.16 8.20 8.29 8.39 8.36 8.07 7.52 6.48 5.22 4.29 3.65 3.75 6.02 8.45 8.66 8.14 8.73 9.90 11.85 14.21 14.65 13.75 13.71 14.14 13.34 11.86 10.75 13.47 16.60 16.21
7.99 7.66 7.95 9.44 9.88 9.52 9.84 10.51 10.68 9.94 8.96 8.03 8.16 10.03 9.07 6.65 6.76 7.22 5.93 4.54 4.74 5.69 6.70 7.53 7.91 8.21 8.52 8.57 8.42 8.36 8.38 8.33 8.13 7.77 7.06 6.08 5.15 4.39 4.17 4.87 5.99 6.71 6.81 7.65 8.49 10.54 13.07 13.41 13.96 14.57 14.14 13.42 12.15 9.24 7.73 13.74 18.60
8.54 8.50 8.99 9.94 10.43 10.14 9.66 9.32 9.91 10.12 9.12 8.29 9.05 11.63 10.61 8.25 7.75 8.50 8.21 6.02 4.82 5.15 6.18 7.19 7.89 8.23 8.46 8.69 8.65 8.55 8.58 8.55 8.32 8.06 7.66 7.05 6.44 5.95 5.67 5.91 6.53 6.81 6.11 6.04 6.88 9.12 11.64 11.94 13.27 14.81 14.70 13.90 13.82 11.06 7.16 11.48 16.78
8.82 8.86 9.27 10.29 10.98 11.00 10.59 8.73 8.03 8.83 8.38 7.07 7.41 10.87 12.43 10.56 9.00 9.09 9.69 8.23 6.09 5.63 6.10 6.78 7.38 7.88 8.13 8.38 8.58 8.55 8.55 8.62 8.52 8.35 8.12 7.74 7.32 6.97 6.60 6.27 6.56 7.11 6.24 5.11 5.05 7.20 9.62 9.42 10.61 13.83 15.09 13.04 13.81 14.79 11.73 11.96 14.49
9.14 8.79 8.60 9.40 10.05 10.37 10.64 9.10 6.84 6.64 8.37 8.50 6.17 7.02 10.34 10.65 9.51 9.50 10.67 10.67 8.36 6.90 6.65 6.87 7.11 7.60 8.07 8.34 8.54 8.61 8.57 8.60 8.63 8.55 8.40 8.10 7.72 7.35 6.92 6.22 5.96 6.73 6.90 5.93 4.77 5.15 6.92 7.37 8.02 10.76 14.79 13.81 12.43 15.50 15.72 14.41 15.23
9.78 8.98 8.87 9.91 10.64 10.94 10.65 9.99 7.64 5.34 8.08 11.26 10.58 8.04 8.90 10.05 9.78 9.18 10.07 11.58 10.42 8.14 7.30 7.33 7.35 7.52 7.98 8.38 8.56 8.66 8.69 8.69 8.69 8.66 8.51 8.24 7.90 7.61 7.33 6.81 6.42 6.80 7.38 7.00 5.97 5.24 5.26 5.52 5.47 6.49 11.01 13.22 11.34 13.29 15.24 15.07 16.19
10.47 9.23 9.16 10.69 12.27 13.23 12.41 11.58 9.65 5.66 5.15 8.21 11.49 10.44 9.30 9.08 8.21 7.31 7.02 8.90 10.30 9.19 7.95 7.68 7.65 7.48 7.55 7.91 8.29 8.54 8.67 8.70 8.67 8.67 8.57 8.35 8.07 7.83 7.68 7.41 7.00 7.08 7.65 7.82 7.48 6.82 5.73 4.83 4.31 4.13 6.39 9.55 9.04 10.66 13.60 15.15 16.77
11.02 9.18 8.17 9.89 12.26 14.42 15.02 13.95 11.80 8.41 5.23 4.98 8.68 9.74 8.58 8.36 7.86 7.52 6.54 6.40 7.95 8.66 8.10 7.73 7.74 7.63 7.49 7.54 7.86 8.24 8.53 8.63 8.60 8.63 8.60 8.45 8.20 7.96 7.81 7.67 7.35 7.36 7.88 8.28 8.34 8.01 7.13 6.16 5.37 4.52 5.09 7.21 7.88 9.03 11.41 14.27 16.28
11.86 9.54 6.83 7.51 9.46 11.35 13.77 14.59 12.48 9.68 8.09 6.99 8.46 10.31 10.31 9.76 9.64 9.74 9.11 7.98 7.45 7.68 7.78 7.66 7.75 7.81 7.77 7.67 7.62 7.78 8.14 8.42 8.51 8.58 8.62 8.52 8.34 8.12 7.90 7.76 7.47 7.33 7.63 7.88 7.93 8.05 7.88 7.46 6.88 6.23 5.95 6.55 7.43 8.40 9.84 12.57 14.46
12.83 10.50 6.62 7.03 8.68 8.68 9.92 13.31 12.39 9.31 7.97 6.94 7.25 8.89 10.87 10.86 10.07 10.17 9.38 8.28 7.94 7.82 7.70 7.46 7.42 7.65 7.85 7.88 7.79 7.74 7.90 8.18 8.36 8.50 8.59 8.57 8.45 8.30 8.08 7.87 7.51 7.04 7.09 7.48 7.74 7.99 8.14 8.03 7.78 7.56 7.36 7.30 7.76 8.60 9.65 11.46 12.65
13.79 11.58 6.61 7.08 10.79 11.05 9.13 11.70 12.34 10.03 9.00 7.15 5.67 5.47 6.97 8.68 8.42 9.20 9.99 8.94 8.31 8.07 7.79 7.39 7.18 7.38 7.76 7.98 8.03 7.99 7.98 8.09 8.23 8.35 8.45 8.48 8.43 8.34 8.17 7.94 7.67 7.31 7.19 7.51 7.89 8.13 8.26 8.27 8.19 8.14 8.16 8.27 8.64 9.20 9.96 11.02 11.62
14.48 12.39 7.37 5.75 9.00 13.30 12.71 11.74 11.61 10.29 9.84 8.99 7.48 6.66 6.04 6.33 6.38 6.98 8.65 9.08 8.61 8.23 8.07 7.96 7.63 7.38 7.50 7.81 8.00 8.08 8.11 8.14 8.19 8.26 8.35 8.40 8.40 8.36 8.28 8.13 7.96 7.75 7.61 7.64 7.84 8.09 8.30 8.40 8.43 8.44 8.51 8.65 8.96 9.46 10.14 10.91 11.27
13.54 13.09 9.19 5.24 5.21 9.42 14.36 13.93 10.63 8.85 8.47 8.58 8.71 8.39 7.84 7.56 7.16 6.78 6.96 7.30 7.83 8.24 8.44 8.53 8.23 7.61 7.20 7.38 7.82 8.09 8.20 8.24 8.27 8.32 8.39 8.45 8.49 8.50 8.49 8.44 8.34 8.13 7.89 7.78 7.86 8.06 8.29 8.48 8.59 8.63 8.70 8.90 9.24 9.65 10.17 10.76 11.05
11.72 13.34 11.37 6.31 4.80 5.17 10.30 14.66 11.18 9.12 8.97 8.64 8.20 7.79 7.84 8.11 8.16 7.84 7.71 7.60 7.87 8.33 8.50 8.53 8.44 7.91 7.12 7.00 7.54 8.02 8.24 8.35 8.43 8.49 8.55 8.61 8.66 8.70 8.71 8.71 8.67 8.53 8.34 8.16 8.08 8.17 8.35 8.53 8.70 8.84 8.92 9.08 9.38 9.71 10.11 10.61 10.86
10.54 12.20 12.03 7.96 6.25 5.60 8.45 14.61 15.13 12.70 10.50 8.90 7.97 7.56 7.29 6.96 7.13 7.46 7.89 8.22 8.24 8.28 8.47 8.75 9.09 8.96 8.24 7.60 7.54 7.89 8.17 8.36 8.51 8.59 8.65 8.71 8.77 8.84 8.88 8.90 8.88 8.81 8.70 8.60 8.53 8.50 8.58 8.71 8.87 9.04 9.13 9.20 9.41 9.71 10.08 10.49 10.71
11.29 11.93 11.78 8.60 6.69 6.60 8.26 12.52 16.90 17.11 14.16 11.83 10.08 9.09 8.65 8.38 8.26 8.17 8.17 8.17 8.29 8.49 8.61 8.99 9.70 9.99 9.27 8.33 7.85 7.90 8.10 8.24 8.42 8.58 8.69 8.76 8.85 8.93 8.99 9.02 9.03 9.00 8.94 8.89 8.87 8.87 8.89 8.96 9.06 9.17 9.27 9.32 9.43 9.66 10.01 10.40 10.59
11.54 13.42 14.07 9.66 6.61 6.71 6.82 6.33 10.41 15.92 17.60 17.63 15.81 14.06 13.44 12.47 11.13 9.39 8.40 8.56 8.97 9.21 9.14 9.00 9.50 10.25 9.97 9.02 8.47 8.28 8.25 8.24 8.33 8.49 8.65 8.76 8.86 8.95 9.04 9.10 9.12 9.11 9.08 9.06 9.07 9.09 9.12 9.15 9.21 9.31 9.40 9.44 9.47 9.59 9.87 10.27 10.47
9.15 12.13 15.82 14.19 9.64 7.76 6.55 4.97 5.10 7.91 11.30 14.59 16.39 16.18 15.53 14.83 14.11 13.31 12.04 10.91 9.75 9.13 9.31 9.26 9.17 9.88 10.50 9.97 9.10 8.64 8.53 8.47 8.40 8.44 8.58 8.72 8.83 8.92 9.00 9.09 9.14 9.14 9.14 9.15 9.18 9.22 9.27 9.31 9.35 9.41 9.47 9.53 9.57 9.60 9.75 10.09 10.30
7.09 8.37 12.29 14.50 13.58 11.19 8.61 7.06 5.65 4.78 5.03 5.54 8.52 11.69 12.55 13.29 13.91 13.94 12.85 11.24 10.03 9.17 8.76 8.69 8.56 8.65 9.23 9.47 9.06 8.66 8.52 8.48 8.47 8.47 8.51 8.62 8.73 8.84 8.94 9.02 9.09 9.12 9.13 9.16 9.21 9.29 9.35 9.38 9.42 9.48 9.54 9.59 9.64 9.69 9.77 10.00 10.16
8.25 7.32 7.82 9.57 11.58 12.99 11.28 8.88 7.48 6.66 5.83 4.09 3.87 7.10 9.55 10.54 11.78 11.64 11.38 10.97 10.28 9.79 8.89 8.38 8.19 7.83 7.80 8.33 8.59 8.49 8.42 8.42 8.43 8.44 8.42 8.48 8.60 8.72 8.80 8.89 8.99 9.04 9.06 9.08 9.15 9.25 9.35 9.42 9.47 9.53 9.59 9.62 9.67 9.73 9.81 9.96 10.06
11.23 10.05 8.72 7.20 6.96 9.91 12.83 12.96 10.69 9.38 8.77 7.05 5.00 4.98 6.50 6.45 8.51 9.96 10.64 11.72 11.49 10.78 10.04 9.15 8.77 8.48 8.16 8.28 8.56 8.61 8.45 8.33 8.25 8.31 8.39 8.40 8.47 8.62 8.74 8.81 8.89 8.95 8.99 9.00 9.04 9.14 9.27 9.38 9.44 9.49 9.57 9.63 9.67 9.74 9.80 9.91 9.98
10.96 11.69 11.61 9.05 6.78 6.34 9.16 14.51 16.50 14.95 12.24 9.13 5.99 4.33 4.74 5.17 5.77 6.79 7.08 8.64 10.36 10.79 10.64 9.96 9.53 9.34 9.04 8.86 9.05 9.06 8.78 8.49 8.23 8.20 8.22 8.28 8.47 8.71 8.89 8.96 8.99 9.00 9.02 9.01 8.98 9.00 9.06 9.17 9.31 9.45 9.57 9.61 9.60 9.68 9.78 9.86 9.92
7.97 9.79 11.81 10.12 9.14 8.19 7.04 9.64 15.09 18.50 18.32 15.12 11.48 8.89 8.39 8.78 8.40 8.37 7.78 7.10 7.36 8.35 9.51 10.50 10.63 9.97 9.65 9.33 8.96 8.77 8.90 9.06 8.88 8.61 8.51 8.40 8.53 8.72 8.91 9.04 9.09 9.09 9.07 9.07 9.04 9.01 9.04 9.13 9.27 9.38 9.47 9.56 9.55 9.60 9.68 9.78 9.87
8.89 10.86 13.55 13.57 13.00 12.54 10.02 7.54 7.69 13.04 18.60 19.37 17.72 15.63 12.85 10.82 10.77 10.59 9.91 8.86 7.73 7.78 8.81 10.36 11.81 11.91 11.02 10.00 9.12 8.56 8.66 9.02 9.01 8.86 8.78 8.57 8.34 8.52 8.76 8.92 8.97 8.97 8.96 8.98 9.03 9.10 9.16 9.18 9.19 9.23 9.32 9.40 9.32 9.30 9.39 9.58 9.73
9.40 10.69 13.36 14.28 13.75 12.90 11.86 9.28 7.03 7.20 11.22 15.33 15.19 14.46 14.14 12.48 10.60 9.81 9.65 9.94 10.15 9.98 9.58 9.60 10.48 11.33 11.24 10.84 10.40 9.32 8.37 8.23 8.41 8.07 7.66 7.76 8.06 8.40 8.65 8.79 8.80 8.70 8.65 8.72 8.87 8.98 9.04 9.06 9.09 9.14 9.19 9.24 9.23 8.98 8.47 8.49 8.80
6.27 5.53 6.30 8.00 9.43 10.05 9.47 8.21 6.60 5.57 7.31 11.65 12.85 11.58 12.50 13.61 12.63 11.64 11.69 11.68 11.33 10.82 9.81 8.64 8.01 8.48 9.44 10.18 10.41 9.97 8.99 8.01 8.03 8.69 8.83 8.49 8.43 8.62 8.69 8.50 8.34 8.30 8.24 8.25 8.43 8.65 8.81 8.95 9.06 9.13 9.10 8.84 8.53 8.51 8.18 7.83 8.07
8.72 6.63 4.56 3.83 4.70 6.50 7.15 6.29 4.89 4.42 5.73 9.47 12.93 12.75 11.62 12.52 13.07 11.92 11.10 10.80 10.16 9.74 9.61 9.12 8.42 8.13 8.51 9.31 9.93 10.63 11.11 10.71 10.89 12.06 12.95 12.32 10.67 9.48 8.97 8.49 7.99 7.92 7.98 7.94 7.99 8.22 8.50 8.74 8.93 9.16 9.44 9.54 9.34 9.77 10.36 9.74 9.30
13.90 10.84 5.90 3.83 4.31 6.35 8.83 9.49 7.15 4.81 4.53 6.60 10.89 12.50 11.85 11.80 11.89 10.43 8.87 8.34 8.38 8.55 8.96 9.74 10.01 9.53 9.37 10.29 11.25 12.19 13.26 13.82 13.84 13.16 12.57 12.61 11.66 10.07 9.18 8.71 8.05 7.61 7.62 7.55 7.44 7.65 8.05 8.41 8.73 9.18 9.98 11.05 11.73 11.89 11.82 10.89 10.05
