autotest/output/original/cli_wxModelInitialization_local_model/mackay_07-13-2013_2100_393m_ang.asc
ncols	57
nrows	71
xllcorner	279635.000000
yllcorner	4850745.000000
cellsize	393.466398
NODATA_value	-9999.000000
280	278	275	273	269	269	272	274	276	275	269	264	260	251	242	242	241	242	260	287	310	280	260	275	295	311	303	246	220	216	218	237	255	264	281	301	279	233	238	266	295	316	306	274	286	312	327	326	320	308	303	303	298	290	281	275	273	
282	280	277	275	275	275	276	277	278	277	274	272	269	265	261	256	256	262	270	278	292	293	276	278	282	284	274	242	229	224	226	246	262	271	272	281	289	261	259	273	287	303	309	290	284	295	312	315	307	298	297	298	291	282	278	274	272	
284	282	279	279	281	281	280	280	279	279	279	280	280	282	284	281	277	279	278	269	266	291	282	271	260	245	226	243	264	258	249	256	261	265	260	266	299	316	285	278	275	277	303	307	282	274	281	285	281	283	285	283	275	271	271	271	270	
284	283	282	282	281	281	281	280	280	280	280	281	283	285	288	290	285	279	276	266	257	264	267	258	252	241	234	259	280	291	275	261	255	254	264	275	294	322	298	279	268	271	290	308	283	269	262	267	276	276	272	270	271	269	267	268	269	
285	284	283	283	282	281	281	280	280	280	281	283	284	286	289	292	289	278	269	256	247	253	262	256	254	260	275	273	273	291	295	271	259	268	285	287	287	308	302	281	262	266	278	294	284	261	244	257	274	275	271	273	272	268	268	271	271	
285	284	283	283	282	281	281	280	280	281	282	283	283	285	286	289	289	272	255	248	248	254	262	264	267	279	299	291	271	277	297	291	274	279	290	296	285	284	286	278	261	261	263	268	268	247	242	260	276	285	287	281	268	264	273	278	277	
285	284	283	282	282	281	281	280	280	281	282	283	282	282	283	284	284	272	256	257	259	257	261	269	272	278	296	309	287	275	288	305	286	278	279	291	294	281	268	256	253	256	255	257	258	251	257	271	282	288	287	278	269	269	275	279	276	
285	284	282	282	281	281	281	280	280	281	281	282	281	280	280	281	282	287	286	276	268	261	261	262	262	268	283	305	297	283	285	303	298	280	271	278	294	299	267	234	231	248	253	262	275	290	282	277	277	276	272	273	282	282	274	265	261	
285	284	282	282	281	281	280	280	280	279	280	282	281	279	279	281	284	292	297	290	280	274	267	259	255	259	262	278	293	288	290	303	304	290	276	274	278	288	199	204	228	251	260	268	279	292	290	279	269	270	271	272	284	287	272	260	260	
284	283	282	281	281	280	280	279	279	279	280	282	281	279	279	281	284	290	293	293	292	287	276	266	264	259	254	264	284	282	291	302	303	295	282	271	260	237	150	183	240	261	270	271	269	280	289	287	274	272	275	272	273	279	281	270	266	
283	283	282	281	281	280	279	278	279	281	281	281	280	280	280	281	284	288	291	293	295	293	287	279	275	271	266	268	279	283	286	294	299	288	277	266	250	218	156	183	248	267	273	269	262	277	286	292	277	267	279	286	272	271	285	279	271	
283	282	281	281	281	280	278	279	282	283	281	278	279	279	280	281	283	288	290	292	294	294	295	292	283	279	280	275	277	286	277	267	276	277	265	253	238	187	166	214	267	274	267	256	260	274	277	276	267	265	279	301	285	271	274	279	275	
283	282	281	281	281	280	281	283	284	282	278	277	277	278	280	282	283	287	290	292	293	294	296	296	290	284	284	280	278	282	269	254	259	271	260	246	221	165	179	260	281	274	257	251	262	269	268	265	265	273	279	290	285	274	273	276	273	
283	284	283	282	282	283	284	283	281	278	276	277	277	278	282	283	283	286	290	291	292	292	294	296	296	292	286	281	280	277	266	255	254	260	264	244	213	178	215	273	276	265	254	261	266	264	263	268	277	276	269	261	269	276	276	270	263	
282	283	283	282	282	283	283	280	277	276	278	280	281	281	281	282	281	284	288	290	291	291	292	295	297	293	285	279	278	275	267	260	253	249	243	218	199	203	263	280	269	261	265	271	270	268	267	268	268	258	255	263	275	276	272	261	254	
281	281	283	282	282	282	281	279	278	279	280	283	285	282	279	279	280	281	284	289	291	290	290	292	293	289	283	281	277	274	271	265	258	249	227	187	192	231	271	287	273	270	278	275	271	274	275	262	245	249	264	278	280	269	261	256	255	
280	280	281	281	281	281	282	281	281	281	282	283	285	282	277	277	279	280	282	286	289	288	288	288	288	286	285	282	277	273	272	269	264	251	223	189	202	245	266	284	289	288	284	272	262	260	263	252	247	266	275	275	267	254	251	253	254	
279	279	279	280	280	281	283	284	283	282	282	282	282	281	279	278	279	280	280	284	288	287	286	285	284	285	284	280	275	272	271	270	268	251	219	206	233	259	267	279	292	294	278	257	251	249	249	258	268	270	270	264	253	252	260	260	256	
279	278	276	277	279	281	283	286	286	284	283	281	280	280	280	279	280	280	279	282	286	285	284	283	282	281	280	277	274	272	270	269	268	254	228	238	260	272	272	275	280	279	253	245	249	250	254	262	273	265	256	252	249	260	267	263	257	
277	276	274	274	277	280	282	286	288	286	283	281	280	281	281	280	281	280	280	282	285	284	283	282	280	279	277	276	274	272	269	268	269	266	267	270	274	275	271	269	267	251	223	240	256	265	266	260	257	259	252	242	243	257	261	257	251	
275	273	271	272	274	278	280	285	290	288	284	281	280	280	282	282	282	282	280	281	283	283	281	280	279	277	275	274	273	271	270	270	272	280	292	291	284	277	272	269	262	236	215	246	269	272	272	264	251	249	246	239	239	248	254	253	249	
274	271	268	271	275	278	279	282	288	288	285	282	279	278	281	285	285	283	282	280	281	281	279	278	278	277	276	274	272	271	272	274	276	284	296	298	292	285	278	270	258	226	222	267	276	269	266	267	258	245	236	243	244	245	250	251	247	
275	271	268	273	277	278	277	278	282	285	284	281	277	276	280	286	286	286	284	281	280	280	279	278	278	277	276	274	273	273	274	275	277	282	293	298	295	291	282	270	256	228	255	276	274	266	260	256	246	237	241	256	260	249	247	246	245	
280	278	275	275	276	275	273	272	275	279	282	280	274	274	278	282	284	287	288	285	283	281	280	279	278	276	275	275	274	274	274	275	276	279	288	295	293	292	285	270	256	249	274	275	268	266	262	251	213	222	252	264	266	252	243	244	247	
283	283	281	275	271	270	270	269	270	274	279	277	267	270	277	282	283	285	291	293	289	285	281	279	278	276	275	275	275	275	274	274	274	277	282	288	289	289	287	275	264	268	279	275	270	270	264	242	206	231	261	264	260	256	252	254	255	
279	280	277	271	268	269	271	269	269	273	276	267	258	270	278	285	285	284	289	296	294	289	284	280	278	277	275	275	275	274	273	273	273	275	277	281	283	285	285	281	277	278	282	278	274	272	261	230	214	252	264	257	253	262	279	270	264	
276	276	273	270	269	270	273	275	274	274	269	257	264	273	278	285	289	285	282	289	295	294	288	283	279	277	275	274	274	274	273	272	272	273	274	276	279	281	284	284	282	280	281	280	277	272	260	230	234	262	262	248	248	259	279	276	269	
278	277	274	270	268	268	271	277	278	270	257	268	283	277	276	284	289	284	276	278	291	297	292	284	280	276	275	274	273	273	272	271	271	272	273	274	277	279	281	284	282	276	275	279	282	275	263	244	260	266	258	248	250	255	262	267	265	
278	277	272	268	265	266	268	272	277	273	262	276	288	285	280	281	285	283	273	274	285	296	291	284	280	277	275	274	273	272	271	271	271	271	272	273	275	277	278	281	280	274	271	276	281	279	269	267	276	267	255	252	254	255	253	255	258	
277	274	268	263	261	265	268	270	278	294	291	279	283	290	286	282	281	282	278	275	277	286	287	281	279	278	276	274	272	271	271	271	271	271	271	272	273	275	275	276	277	274	271	272	274	276	276	279	279	273	265	258	252	256	255	254	257	
275	275	268	261	260	264	268	272	279	299	311	285	279	286	287	280	275	278	284	279	272	273	279	278	277	278	276	274	272	271	271	271	270	270	270	271	272	273	273	273	274	273	271	270	270	271	275	278	278	281	277	265	254	260	258	255	256	
275	277	273	266	265	265	266	272	279	291	310	296	283	281	278	272	270	275	281	282	275	270	273	276	276	275	275	275	273	272	271	270	270	269	270	270	271	272	272	272	272	273	271	269	267	266	268	271	274	279	278	268	262	265	262	257	258	
274	277	282	277	273	270	266	270	277	285	298	301	289	278	270	272	273	275	278	279	276	271	272	275	274	274	274	274	274	273	271	270	269	269	269	269	270	270	270	270	271	273	271	268	265	265	266	267	269	271	271	268	266	265	263	260	260	
272	278	291	285	274	275	272	270	274	280	290	298	292	280	273	273	275	272	272	273	272	271	272	273	274	273	273	273	273	273	272	270	270	269	269	269	268	269	269	269	270	271	270	266	265	266	265	265	265	265	265	265	264	263	262	261	260	
273	280	297	300	271	273	277	274	275	280	285	289	286	283	280	274	273	270	268	269	268	268	269	272	274	275	273	272	272	272	271	271	270	269	269	268	268	267	267	268	268	269	268	267	266	266	265	264	263	263	262	261	261	261	260	259	259	
276	281	295	321	279	267	271	277	278	281	282	279	278	280	280	274	273	276	272	267	264	265	268	271	274	275	274	273	272	271	270	270	269	269	268	267	267	266	266	266	267	267	268	268	267	265	264	263	262	261	260	260	260	259	259	258	258	
271	272	280	309	299	272	264	271	278	278	277	276	277	276	272	271	274	277	273	268	264	266	270	270	270	272	274	274	272	270	270	269	269	268	268	267	266	265	265	265	265	266	267	267	266	265	263	262	261	260	259	259	259	259	258	258	257	
261	259	267	293	306	291	266	267	272	274	276	277	274	271	271	273	273	272	270	269	269	270	270	268	266	269	274	276	273	270	269	268	268	267	267	266	265	265	265	265	265	265	265	265	265	264	263	262	260	259	259	259	259	258	258	257	257	
259	261	271	288	303	298	279	271	268	270	271	268	268	269	272	273	272	271	272	271	271	271	269	265	263	268	273	275	274	270	269	268	267	267	266	265	265	264	264	264	264	264	264	263	263	263	262	261	260	259	259	259	258	258	257	257	256	
268	272	276	282	294	294	293	283	268	259	252	256	262	266	269	270	272	274	274	272	271	269	268	265	265	267	270	271	271	270	269	268	267	266	266	265	264	264	264	263	263	263	262	262	262	262	261	260	259	259	258	258	258	258	257	256	256	
267	268	268	270	287	294	294	293	275	258	248	251	257	262	264	265	267	270	272	272	270	267	266	267	268	266	266	267	268	268	268	268	267	266	265	265	264	264	263	263	263	262	262	261	261	261	260	259	259	258	258	258	258	257	257	256	256	
264	262	260	261	280	290	288	285	282	274	265	261	259	260	260	261	260	263	268	267	265	266	267	268	269	266	263	263	264	266	267	266	266	266	265	265	264	264	263	263	262	262	261	261	260	260	259	259	258	258	257	257	257	257	256	256	255	
269	268	265	267	275	279	276	271	274	276	276	279	273	264	263	262	263	265	261	256	259	265	267	267	268	268	264	261	262	265	266	266	266	266	265	265	264	263	263	262	262	261	261	261	260	259	259	258	258	257	257	256	256	256	256	255	255	
272	274	279	281	276	265	258	261	263	263	272	284	288	277	272	269	266	262	251	252	259	263	263	264	265	266	265	263	263	264	265	265	265	265	265	265	264	263	263	262	262	261	261	261	260	259	258	258	257	257	256	256	256	255	255	254	254	
267	273	281	284	278	264	252	251	253	260	272	281	290	287	278	275	268	258	251	256	258	257	257	258	261	264	266	265	264	264	264	265	265	265	265	264	264	263	262	262	262	261	261	261	260	259	258	257	257	256	256	255	255	255	254	254	253	
266	270	273	272	270	273	268	252	246	257	267	270	277	282	275	273	268	262	266	266	259	254	251	253	260	264	265	265	263	262	262	264	265	265	264	265	264	263	262	261	261	261	261	260	260	259	258	258	257	256	255	255	254	254	254	253	253	
266	267	266	262	265	274	286	276	256	254	255	257	260	267	272	267	259	264	269	269	263	257	252	254	260	264	264	261	260	262	262	263	263	263	264	265	264	262	262	261	261	261	260	260	259	259	258	258	257	256	255	254	254	253	253	253	252	
267	266	264	262	267	269	273	291	284	264	256	253	252	256	260	255	258	263	260	259	260	261	261	260	260	260	257	253	258	263	264	263	262	262	264	264	264	263	261	261	261	260	260	259	259	258	258	257	256	256	255	254	253	253	253	252	252	
273	272	269	266	265	263	263	273	289	282	266	257	257	256	245	246	258	259	256	256	258	262	265	267	264	257	248	249	258	262	263	263	261	262	265	265	264	262	261	260	260	260	261	260	259	259	258	257	256	255	254	253	252	252	253	254	253	
273	276	278	274	266	262	261	266	278	283	273	262	260	255	243	246	253	255	256	257	258	259	261	265	264	256	249	254	258	257	259	262	261	261	263	265	264	261	259	259	260	261	262	262	261	259	258	257	255	254	253	252	251	251	254	254	253	
269	275	282	281	273	265	261	266	275	283	283	271	261	250	243	249	253	257	258	258	258	257	257	258	258	255	255	259	259	255	256	258	261	260	257	255	255	254	254	258	261	262	263	263	262	260	259	257	255	252	250	249	250	249	250	250	248	
267	272	279	281	276	269	260	260	269	281	291	283	264	250	242	250	255	256	258	259	259	259	257	254	253	254	259	261	260	257	257	259	259	257	253	249	246	245	251	257	261	264	264	263	263	262	260	258	255	252	248	248	247	246	247	247	247	
262	267	273	278	279	277	268	258	259	270	283	286	268	253	242	249	254	251	250	256	259	258	256	253	251	256	264	267	265	260	259	260	255	251	250	248	246	245	250	257	263	266	264	261	262	264	261	258	256	254	252	252	249	247	248	249	250	
260	263	265	269	275	279	281	274	265	262	263	270	269	258	247	252	254	247	246	250	252	252	252	251	252	257	262	266	266	263	260	255	247	245	246	247	247	246	249	255	264	269	264	259	259	261	261	259	256	256	257	256	253	250	250	252	253	
259	259	258	258	263	270	280	290	283	267	257	254	259	263	264	264	259	250	251	251	246	246	249	253	258	259	257	256	255	258	257	250	242	240	245	247	248	248	247	253	262	266	261	259	256	255	256	256	256	256	256	256	254	252	252	254	254	
251	254	254	253	258	265	272	278	279	273	262	251	254	265	275	275	267	261	262	257	250	250	252	258	263	262	258	252	249	249	248	247	245	244	245	244	250	254	253	256	259	257	255	258	256	254	253	253	255	255	255	255	255	253	253	254	253	
248	251	252	253	259	265	268	266	261	259	251	247	255	262	266	270	271	273	273	265	260	261	260	261	262	261	259	255	251	248	245	245	249	253	250	245	250	256	261	264	261	255	253	256	257	257	254	254	255	256	255	255	255	254	254	254	253	
261	257	253	251	253	260	269	271	259	245	237	244	254	254	251	255	261	270	272	269	265	264	264	263	260	259	257	253	250	249	249	248	250	254	254	252	252	253	257	266	266	261	256	255	256	256	257	257	256	256	256	255	254	254	254	253	252	
262	258	252	249	249	256	262	264	259	249	245	250	254	250	248	251	255	258	258	258	261	262	264	266	262	260	258	251	247	249	252	252	252	253	255	257	256	250	251	261	266	263	258	256	253	253	256	255	257	258	256	254	253	252	250	250	250	
256	249	245	250	253	258	255	246	242	252	260	259	255	252	253	259	261	256	251	248	252	259	262	265	264	262	258	251	250	252	253	252	252	254	254	256	256	248	248	258	263	260	258	256	253	252	251	252	258	260	258	255	253	251	249	249	249	
252	246	251	262	258	252	245	239	236	245	254	259	257	255	258	264	261	256	253	249	250	256	259	261	261	260	255	248	251	255	256	252	251	254	254	253	253	250	253	258	259	256	253	250	251	249	247	253	260	261	260	258	255	252	251	250	250	
252	253	269	276	262	249	238	238	241	243	244	248	253	257	261	262	255	254	255	251	252	257	261	261	257	252	250	246	249	253	255	251	250	254	255	251	250	254	263	264	260	253	248	247	248	243	245	255	259	258	261	261	257	253	251	249	247	
263	269	280	280	268	252	241	239	239	239	236	239	250	260	261	256	255	258	255	248	255	264	268	263	253	249	250	249	253	254	252	249	250	254	252	250	250	255	267	271	264	251	245	246	248	242	246	253	253	255	261	262	257	251	248	245	243	
275	283	289	281	272	258	247	242	237	235	230	237	252	260	256	253	259	261	251	245	258	268	269	260	252	254	252	248	256	257	252	252	255	252	246	249	252	257	268	270	258	245	240	243	244	240	246	251	250	252	255	254	250	247	245	242	240	
273	279	286	280	275	269	259	251	240	232	233	244	251	249	249	257	262	255	244	248	261	267	263	251	255	259	253	249	256	255	251	253	256	251	244	249	255	266	267	258	246	241	242	245	243	241	245	250	252	249	245	243	240	241	242	238	236	
263	261	261	267	272	280	278	260	241	233	243	253	250	244	247	257	258	248	244	250	263	266	256	246	256	258	247	250	257	255	254	253	254	251	249	253	256	262	261	250	244	244	246	241	239	247	251	254	253	247	242	239	235	236	240	237	234	
256	247	240	251	264	275	282	267	247	245	251	254	255	250	249	251	246	246	246	253	266	265	250	250	258	254	238	247	255	254	251	253	256	257	263	264	258	251	242	237	240	241	236	225	234	249	257	258	251	242	239	238	236	238	241	236	231	
253	241	236	251	258	258	255	251	250	254	255	257	261	259	254	249	243	246	245	257	265	259	244	251	257	248	232	247	253	248	244	251	259	265	272	271	263	248	236	232	236	234	223	218	233	245	248	253	249	242	239	239	238	238	241	234	224	
256	251	252	259	255	247	243	240	245	254	262	268	264	258	260	255	247	246	246	259	261	247	239	250	251	242	239	250	250	241	242	252	261	266	262	258	254	254	253	248	244	236	222	226	239	240	239	240	239	234	232	233	230	229	232	227	220	
259	261	273	266	253	242	239	238	250	266	274	277	274	272	272	269	262	258	257	258	248	233	233	240	235	233	241	251	253	250	255	259	256	245	238	240	241	247	257	259	254	246	243	254	257	250	243	234	222	221	224	227	224	226	230	228	227	
256	261	279	272	251	238	234	233	255	279	280	279	285	290	281	276	277	274	269	256	237	226	231	232	225	228	237	248	259	265	269	263	247	229	228	235	238	243	248	252	253	252	260	270	269	267	253	231	217	218	225	227	224	228	233	232	232	
