autotest/output/original/cli_wxModelInitialization_local_model/mackay_07-14-2013_0900_393m_vel.asc
ncols	57
nrows	71
xllcorner	279635.000000
yllcorner	4850745.000000
cellsize	393.466398
NODATA_value	-9999.000000
1.05	1.08	1.10	1.06	1.06	1.13	1.17	1.19	1.21	1.18	1.13	1.11	1.12	1.01	0.98	1.05	0.99	0.99	1.30	1.65	1.55	1.12	1.15	1.44	1.62	1.59	1.26	0.80	0.62	0.65	0.67	0.88	0.94	0.89	1.03	0.99	0.68	0.62	0.79	1.20	1.58	1.77	1.66	1.48	1.71	1.96	1.99	1.79	1.56	1.43	1.46	1.52	1.53	1.44	1.43	1.50	1.52	
1.07	1.09	1.09	1.07	1.11	1.19	1.21	1.22	1.23	1.18	1.14	1.16	1.17	1.10	1.13	1.14	1.12	1.24	1.48	1.58	1.24	1.13	1.36	1.48	1.36	1.12	0.84	0.62	0.62	0.63	0.61	0.94	1.07	0.93	0.96	0.85	0.71	0.78	1.00	1.38	1.47	1.38	1.39	1.50	1.66	1.68	1.70	1.56	1.37	1.31	1.39	1.40	1.30	1.21	1.25	1.35	1.40	
1.07	1.08	1.10	1.12	1.18	1.23	1.24	1.24	1.22	1.15	1.13	1.19	1.22	1.20	1.22	1.20	1.29	1.46	1.52	1.43	0.93	0.96	1.30	1.17	0.85	0.48	0.21	0.39	0.67	0.72	0.78	1.14	1.16	0.79	0.80	0.92	0.89	0.96	1.17	1.49	1.19	0.96	1.11	1.31	1.37	1.23	1.16	1.16	1.18	1.30	1.33	1.10	0.92	0.93	0.99	1.19	1.39	
1.06	1.09	1.13	1.17	1.20	1.22	1.23	1.23	1.18	1.11	1.13	1.20	1.22	1.20	1.20	1.17	1.27	1.46	1.39	1.24	0.83	0.63	0.88	0.77	0.67	0.41	0.23	0.64	0.83	0.82	0.88	1.03	0.97	0.70	0.90	1.35	1.23	1.18	1.48	1.56	1.10	1.03	1.17	1.09	1.09	0.93	0.59	0.56	0.80	1.01	0.95	0.85	0.93	1.05	1.12	1.44	1.79	
1.08	1.12	1.16	1.18	1.20	1.21	1.21	1.21	1.15	1.10	1.16	1.23	1.23	1.22	1.23	1.19	1.23	1.38	1.11	0.81	0.69	0.64	0.71	0.63	0.69	0.63	0.67	0.92	0.91	0.87	0.85	0.81	0.94	1.30	1.81	1.87	1.65	1.64	1.79	1.48	1.08	1.11	1.06	0.90	0.83	0.51	0.12	0.23	0.52	0.68	0.84	1.10	1.20	1.22	1.40	1.73	1.96	
1.09	1.13	1.18	1.18	1.19	1.20	1.21	1.19	1.12	1.12	1.20	1.23	1.22	1.20	1.19	1.14	1.13	1.06	0.71	0.52	0.61	0.72	0.70	0.62	0.87	1.05	0.98	0.90	0.85	0.90	0.94	1.04	1.36	1.91	2.05	1.67	1.54	1.60	1.45	1.05	0.92	0.98	0.89	0.67	0.38	0.11	0.17	0.66	1.00	1.35	1.52	1.49	1.36	1.31	1.58	1.82	1.86	
1.10	1.14	1.18	1.17	1.18	1.19	1.20	1.16	1.12	1.16	1.22	1.21	1.19	1.17	1.13	1.10	1.02	0.81	0.72	0.87	1.02	1.03	1.00	0.96	1.10	1.21	0.98	0.83	0.86	0.94	1.07	1.09	1.39	1.88	1.45	1.09	1.18	1.24	1.20	1.04	0.85	0.73	0.56	0.46	0.47	0.65	1.08	1.75	2.07	2.02	1.70	1.46	1.46	1.66	1.92	1.89	1.75	
1.10	1.15	1.17	1.17	1.18	1.20	1.19	1.15	1.13	1.18	1.21	1.19	1.16	1.14	1.10	1.06	0.98	0.90	1.05	1.27	1.29	1.29	1.38	1.36	1.26	1.28	1.05	0.87	0.83	0.95	1.13	1.17	1.67	1.92	1.44	1.23	1.30	1.19	1.04	0.96	0.79	0.69	0.72	0.99	1.47	1.76	2.02	2.13	2.03	1.76	1.65	1.69	1.93	2.25	2.18	1.80	1.61	
1.12	1.15	1.17	1.17	1.19	1.20	1.17	1.14	1.13	1.17	1.22	1.19	1.13	1.10	1.09	1.09	1.04	1.04	1.11	1.15	1.10	1.20	1.34	1.22	1.24	1.34	1.16	0.94	0.89	1.10	1.36	1.83	2.27	2.07	1.74	1.58	1.40	1.05	0.65	0.52	0.58	0.92	1.31	1.62	1.72	1.70	1.86	1.79	1.58	1.73	1.92	2.00	2.09	2.09	1.82	1.65	1.59	
1.12	1.14	1.16	1.17	1.18	1.17	1.15	1.12	1.09	1.17	1.27	1.17	1.08	1.09	1.11	1.11	1.08	1.07	1.06	1.06	1.08	1.18	1.21	1.05	1.10	1.22	1.19	1.29	1.36	1.44	1.87	2.39	2.19	1.73	1.58	1.23	1.02	0.79	0.54	0.46	0.45	0.75	1.22	1.29	1.04	1.21	1.61	1.54	1.44	1.49	1.50	1.58	1.56	1.42	1.35	1.47	1.57	
1.12	1.14	1.15	1.16	1.16	1.16	1.12	1.08	1.10	1.26	1.30	1.11	1.05	1.11	1.13	1.13	1.11	1.08	1.05	1.08	1.14	1.20	1.14	1.10	1.22	1.26	1.38	1.65	1.80	1.89	2.21	2.25	1.75	1.45	1.25	0.79	0.57	0.54	0.53	0.46	0.52	0.90	1.29	1.05	0.73	1.13	1.40	0.98	0.80	0.66	0.73	1.08	1.33	1.40	1.34	1.30	1.43	
1.11	1.12	1.13	1.16	1.16	1.13	1.08	1.09	1.23	1.35	1.23	1.04	1.05	1.11	1.11	1.15	1.15	1.08	1.06	1.12	1.19	1.21	1.19	1.27	1.38	1.36	1.50	1.70	1.62	1.87	1.99	1.43	1.20	1.19	1.01	0.71	0.52	0.47	0.55	0.54	0.82	1.45	1.49	1.08	1.03	1.35	1.15	0.69	0.50	0.60	0.92	1.15	1.29	1.34	1.32	1.32	1.44	
1.10	1.10	1.14	1.18	1.15	1.11	1.12	1.23	1.35	1.28	1.07	1.01	1.05	1.09	1.14	1.19	1.16	1.08	1.09	1.18	1.21	1.22	1.25	1.31	1.34	1.37	1.55	1.61	1.43	1.63	1.56	1.01	0.91	0.94	0.88	0.75	0.58	0.50	0.59	0.87	1.39	1.48	1.05	1.00	1.36	1.40	1.14	0.93	0.93	1.34	1.49	1.20	0.82	0.72	0.89	1.05	1.24	
1.11	1.12	1.16	1.19	1.14	1.15	1.21	1.28	1.26	1.09	1.01	1.04	1.04	1.15	1.26	1.21	1.15	1.10	1.14	1.20	1.19	1.20	1.26	1.29	1.34	1.51	1.66	1.56	1.43	1.47	1.26	0.97	0.96	0.89	0.77	0.64	0.50	0.42	0.51	0.98	1.21	0.95	0.68	1.00	1.30	1.10	0.99	1.25	1.56	1.55	1.09	0.72	0.70	0.91	0.97	1.03	1.16	
1.12	1.12	1.15	1.16	1.16	1.17	1.18	1.18	1.12	1.05	1.07	1.08	1.11	1.28	1.30	1.17	1.15	1.13	1.17	1.19	1.17	1.23	1.29	1.34	1.43	1.57	1.54	1.38	1.39	1.33	1.12	0.98	0.94	0.84	0.60	0.34	0.39	0.31	0.44	0.78	0.70	0.53	0.61	1.01	1.22	1.21	1.31	1.45	1.20	0.58	0.44	0.83	1.38	1.55	1.45	1.42	1.48	
1.11	1.11	1.12	1.14	1.15	1.13	1.11	1.11	1.10	1.12	1.13	1.16	1.22	1.29	1.23	1.12	1.13	1.12	1.18	1.18	1.16	1.24	1.29	1.33	1.36	1.37	1.28	1.30	1.32	1.15	1.03	0.93	0.90	0.81	0.54	0.38	0.44	0.39	0.66	0.71	0.59	0.73	1.04	1.34	1.38	1.19	0.82	0.54	0.33	0.44	1.06	1.48	1.49	1.15	0.84	0.94	1.18	
1.09	1.09	1.10	1.12	1.12	1.11	1.11	1.11	1.14	1.16	1.17	1.21	1.20	1.17	1.12	1.09	1.10	1.11	1.20	1.16	1.15	1.23	1.26	1.26	1.25	1.23	1.25	1.30	1.23	1.06	0.97	0.86	0.83	0.74	0.49	0.53	0.58	0.79	0.91	0.91	1.22	1.92	2.06	1.84	1.47	0.92	0.31	0.07	0.43	1.25	1.64	1.46	1.16	0.98	0.96	1.18	1.59	
1.04	1.05	1.06	1.07	1.09	1.11	1.12	1.13	1.17	1.18	1.19	1.20	1.13	1.08	1.09	1.11	1.09	1.12	1.19	1.15	1.15	1.21	1.21	1.19	1.18	1.19	1.22	1.18	1.08	0.99	0.91	0.82	0.76	0.62	0.56	0.74	0.94	1.16	1.37	1.63	2.21	2.35	1.87	1.38	1.20	1.08	0.94	1.16	1.73	1.90	1.59	1.33	1.32	1.47	1.83	1.96	1.89	
0.99	1.00	1.00	1.05	1.08	1.11	1.15	1.16	1.17	1.18	1.17	1.14	1.09	1.07	1.11	1.14	1.11	1.12	1.18	1.17	1.15	1.17	1.17	1.15	1.15	1.16	1.14	1.07	1.01	0.96	0.87	0.78	0.72	0.62	0.74	1.15	1.48	1.73	1.91	2.06	2.11	1.55	1.09	1.03	1.17	1.48	1.88	2.15	2.27	2.10	1.84	1.57	1.54	1.67	1.69	1.42	1.33	
0.94	0.94	0.95	1.03	1.08	1.10	1.16	1.18	1.17	1.15	1.12	1.10	1.07	1.08	1.13	1.15	1.12	1.13	1.20	1.20	1.14	1.14	1.14	1.13	1.13	1.13	1.08	1.04	1.02	0.96	0.87	0.82	0.81	0.81	0.99	1.33	1.65	1.78	1.68	1.63	1.55	1.14	1.01	0.97	1.12	1.59	1.97	2.04	1.86	1.78	1.91	1.85	1.64	1.47	1.25	1.19	1.30	
0.86	0.86	0.89	1.02	1.10	1.10	1.18	1.24	1.17	1.11	1.09	1.08	1.07	1.08	1.13	1.16	1.14	1.15	1.23	1.21	1.13	1.12	1.11	1.10	1.08	1.05	1.03	1.03	1.00	0.93	0.89	0.92	0.96	1.01	1.13	1.26	1.41	1.43	1.39	1.53	1.42	1.10	0.95	0.87	1.17	1.57	1.69	1.65	1.78	1.80	1.71	1.78	1.73	1.53	1.51	1.62	1.68	
0.77	0.77	0.85	1.05	1.16	1.14	1.24	1.27	1.12	1.06	1.06	1.06	1.02	1.04	1.16	1.19	1.14	1.16	1.24	1.20	1.10	1.08	1.08	1.07	1.06	1.05	1.06	1.04	0.99	0.97	1.00	1.04	1.08	1.12	1.15	1.23	1.34	1.38	1.46	1.52	1.24	0.96	1.03	1.35	1.84	1.82	1.64	1.50	1.47	1.57	1.36	1.36	1.66	1.86	1.76	1.63	1.57	
0.69	0.72	0.89	1.18	1.27	1.19	1.24	1.23	1.07	1.01	1.02	1.01	0.93	1.04	1.23	1.16	1.09	1.18	1.23	1.17	1.07	1.07	1.09	1.10	1.10	1.10	1.10	1.06	1.05	1.08	1.11	1.13	1.13	1.13	1.15	1.26	1.38	1.40	1.39	1.37	1.05	0.91	1.31	1.78	1.84	1.60	1.53	1.40	1.09	0.94	0.95	1.10	1.53	1.78	1.66	1.41	1.41	
0.71	0.78	1.04	1.34	1.29	1.14	1.19	1.18	1.05	0.98	1.01	0.97	0.86	1.08	1.24	1.04	1.06	1.20	1.21	1.15	1.09	1.10	1.13	1.13	1.12	1.12	1.10	1.09	1.11	1.13	1.15	1.14	1.12	1.12	1.16	1.23	1.26	1.21	1.20	1.21	0.97	1.04	1.45	1.63	1.42	1.32	1.47	1.38	1.06	0.93	1.10	1.52	1.67	1.70	1.84	1.74	1.62	
0.76	0.85	1.09	1.26	1.09	1.00	1.10	1.10	1.01	0.99	1.04	0.88	0.75	1.11	1.27	1.09	1.13	1.27	1.27	1.19	1.15	1.14	1.15	1.14	1.12	1.12	1.12	1.12	1.14	1.14	1.13	1.12	1.11	1.13	1.13	1.12	1.10	1.03	1.00	0.96	0.91	1.12	1.36	1.39	1.31	1.39	1.39	1.11	1.12	1.19	1.55	1.76	1.66	1.61	1.84	1.94	1.85	
0.74	0.80	0.95	1.03	0.96	0.96	1.05	1.05	1.03	1.10	1.04	0.70	0.62	1.22	1.41	1.22	1.28	1.40	1.37	1.24	1.18	1.17	1.16	1.16	1.16	1.17	1.16	1.15	1.15	1.14	1.12	1.11	1.11	1.10	1.09	1.07	1.04	0.99	0.98	0.95	0.96	1.17	1.31	1.32	1.28	1.33	1.22	1.04	1.26	1.48	1.66	1.59	1.44	1.33	1.36	1.56	1.88	
0.69	0.76	0.88	0.96	1.01	1.04	1.10	1.13	1.15	1.13	0.83	0.57	0.80	1.49	1.54	1.43	1.48	1.45	1.31	1.18	1.18	1.19	1.19	1.18	1.19	1.18	1.15	1.14	1.15	1.15	1.13	1.12	1.10	1.09	1.09	1.08	1.07	1.08	1.12	1.13	1.20	1.29	1.25	1.18	1.18	1.21	1.15	1.11	1.41	1.68	1.68	1.54	1.49	1.32	1.14	1.21	1.69	
0.67	0.76	0.86	0.95	1.02	1.03	1.15	1.17	1.12	0.87	0.51	0.66	1.24	1.63	1.68	1.63	1.52	1.34	1.19	1.16	1.26	1.26	1.19	1.18	1.16	1.13	1.11	1.13	1.14	1.13	1.12	1.11	1.10	1.10	1.11	1.11	1.12	1.15	1.19	1.21	1.22	1.20	1.07	1.04	1.08	1.13	1.10	1.07	1.41	1.67	1.51	1.37	1.55	1.64	1.47	1.41	1.63	
0.67	0.73	0.77	0.83	0.88	0.96	1.10	1.12	0.99	0.68	0.63	1.11	1.43	1.58	1.72	1.58	1.39	1.24	1.17	1.31	1.38	1.27	1.17	1.15	1.13	1.11	1.13	1.15	1.14	1.12	1.10	1.11	1.12	1.12	1.13	1.13	1.14	1.16	1.17	1.14	1.09	1.04	1.01	1.04	1.05	1.02	0.97	1.09	1.40	1.44	1.38	1.47	1.61	1.74	1.77	1.75	1.84	
0.66	0.65	0.66	0.72	0.80	0.97	1.09	1.16	1.13	0.99	1.19	1.47	1.65	1.77	1.83	1.56	1.29	1.17	1.26	1.44	1.36	1.17	1.11	1.13	1.12	1.14	1.16	1.16	1.13	1.11	1.12	1.13	1.13	1.12	1.13	1.13	1.14	1.14	1.14	1.11	1.07	1.04	1.05	1.06	1.02	0.98	0.98	1.11	1.15	1.04	1.21	1.46	1.42	1.44	1.52	1.68	1.90	
0.64	0.63	0.63	0.67	0.84	1.07	1.20	1.34	1.42	1.28	1.22	1.41	1.74	1.86	1.70	1.30	0.97	0.97	1.19	1.32	1.20	1.07	1.07	1.10	1.12	1.13	1.13	1.12	1.11	1.11	1.13	1.13	1.12	1.12	1.12	1.13	1.13	1.13	1.12	1.11	1.08	1.07	1.09	1.10	1.08	1.06	1.03	0.98	0.89	0.86	0.94	0.96	0.92	1.07	1.30	1.59	1.90	
0.61	0.61	0.60	0.72	1.00	1.22	1.32	1.51	1.61	1.38	1.16	1.33	1.76	1.64	1.19	0.98	0.88	1.01	1.19	1.19	1.05	0.96	1.00	1.06	1.09	1.10	1.10	1.10	1.11	1.12	1.12	1.11	1.11	1.11	1.12	1.12	1.12	1.12	1.11	1.10	1.08	1.10	1.15	1.16	1.12	1.08	1.02	0.97	0.92	0.90	0.84	0.73	0.78	0.91	1.07	1.42	1.75	
0.57	0.59	0.59	0.76	1.06	1.19	1.28	1.55	1.57	1.31	1.35	1.65	1.88	1.45	1.11	1.13	1.13	1.26	1.32	1.19	1.01	0.92	0.97	1.04	1.07	1.08	1.09	1.10	1.10	1.09	1.10	1.10	1.10	1.11	1.12	1.11	1.11	1.11	1.10	1.08	1.08	1.12	1.13	1.07	1.00	1.00	1.03	1.04	1.02	0.96	0.87	0.81	0.81	0.84	0.90	1.21	1.50	
0.51	0.61	0.71	0.79	0.99	1.13	1.21	1.56	1.52	1.23	1.41	1.73	1.63	1.23	1.22	1.27	1.20	1.21	1.15	1.03	0.95	0.95	0.97	0.99	1.03	1.07	1.09	1.10	1.10	1.10	1.09	1.09	1.10	1.11	1.11	1.11	1.10	1.10	1.09	1.07	1.06	1.05	1.02	0.97	0.98	1.04	1.07	1.07	1.05	1.03	0.99	0.94	0.91	0.93	1.03	1.24	1.41	
0.50	0.75	0.89	0.83	1.01	1.17	1.23	1.63	1.59	1.34	1.53	1.48	1.12	1.00	1.10	1.10	1.00	1.05	1.10	1.00	0.94	0.92	0.92	0.96	1.04	1.08	1.09	1.10	1.10	1.10	1.10	1.10	1.10	1.10	1.10	1.09	1.09	1.08	1.06	1.04	1.02	1.01	1.00	1.03	1.07	1.09	1.08	1.07	1.07	1.06	1.06	1.06	1.08	1.12	1.20	1.33	1.43	
0.65	0.90	0.93	0.80	1.03	1.17	1.32	1.70	1.66	1.44	1.43	1.22	1.04	1.09	1.01	0.88	0.86	1.00	1.08	0.96	0.88	0.87	0.93	1.04	1.08	1.08	1.08	1.09	1.10	1.09	1.10	1.10	1.09	1.09	1.08	1.08	1.07	1.06	1.04	1.03	1.02	1.04	1.06	1.08	1.08	1.08	1.08	1.08	1.08	1.09	1.10	1.12	1.16	1.22	1.30	1.41	1.48	
0.74	0.83	0.77	0.78	1.00	1.07	1.33	1.66	1.51	1.23	1.14	1.09	1.11	1.08	0.94	0.94	1.02	1.03	0.95	0.81	0.80	0.91	1.03	1.08	1.04	1.03	1.06	1.08	1.09	1.09	1.09	1.09	1.09	1.09	1.08	1.08	1.07	1.06	1.05	1.05	1.06	1.07	1.08	1.08	1.09	1.09	1.09	1.09	1.10	1.11	1.14	1.18	1.24	1.30	1.37	1.45	1.50	
0.58	0.64	0.76	0.89	0.98	0.90	1.15	1.59	1.33	1.20	1.21	1.11	0.98	0.89	0.93	1.05	1.08	1.00	0.95	0.91	0.94	1.02	1.06	1.00	0.95	0.99	1.07	1.09	1.09	1.09	1.09	1.10	1.10	1.10	1.10	1.09	1.08	1.08	1.08	1.09	1.09	1.10	1.10	1.10	1.10	1.10	1.10	1.11	1.13	1.16	1.20	1.25	1.30	1.35	1.41	1.46	1.51	
0.32	0.56	1.03	1.02	0.85	0.83	1.28	1.71	1.50	1.34	1.11	0.87	0.82	0.85	0.94	0.96	0.94	0.96	1.01	1.02	1.02	1.03	1.02	0.96	0.97	1.09	1.16	1.14	1.10	1.09	1.09	1.10	1.11	1.11	1.10	1.10	1.09	1.10	1.11	1.11	1.11	1.12	1.13	1.13	1.13	1.13	1.14	1.16	1.18	1.21	1.25	1.29	1.33	1.38	1.43	1.48	1.51	
0.38	0.72	1.22	0.93	0.68	1.03	1.81	1.90	1.56	1.21	0.87	0.85	0.93	0.98	1.04	1.04	1.09	1.12	1.09	1.04	1.02	1.03	1.02	1.01	1.09	1.20	1.18	1.12	1.09	1.08	1.09	1.10	1.10	1.10	1.10	1.11	1.11	1.12	1.12	1.13	1.13	1.14	1.15	1.15	1.16	1.18	1.19	1.20	1.22	1.25	1.28	1.31	1.35	1.39	1.44	1.49	1.52	
0.49	0.82	1.13	0.75	0.71	1.47	1.92	1.48	1.15	1.04	1.03	1.17	1.26	1.33	1.33	1.27	1.21	1.11	1.08	1.09	1.09	1.07	1.04	1.07	1.16	1.18	1.14	1.11	1.09	1.09	1.10	1.09	1.10	1.10	1.11	1.11	1.12	1.13	1.13	1.14	1.14	1.15	1.16	1.17	1.19	1.20	1.21	1.23	1.25	1.28	1.31	1.34	1.37	1.40	1.44	1.49	1.52	
0.50	0.74	0.98	0.90	1.10	1.64	1.47	1.00	0.92	0.93	0.99	1.15	1.28	1.35	1.33	1.30	1.26	1.32	1.33	1.20	1.06	1.03	1.08	1.12	1.15	1.16	1.15	1.11	1.08	1.09	1.10	1.10	1.10	1.10	1.11	1.12	1.13	1.13	1.13	1.14	1.14	1.15	1.17	1.18	1.20	1.22	1.24	1.26	1.28	1.30	1.33	1.36	1.38	1.41	1.44	1.48	1.52	
0.44	0.63	0.98	1.17	1.36	1.40	1.06	0.82	0.81	0.80	0.88	1.00	1.01	0.99	1.08	1.17	1.27	1.36	1.18	0.96	0.94	1.03	1.05	1.03	1.05	1.07	1.03	0.99	1.02	1.06	1.08	1.08	1.10	1.11	1.11	1.12	1.12	1.13	1.14	1.14	1.14	1.15	1.17	1.19	1.22	1.24	1.25	1.27	1.29	1.32	1.34	1.37	1.39	1.42	1.45	1.49	1.52	
0.38	0.61	1.15	1.38	1.24	1.02	0.77	0.72	0.68	0.70	0.99	1.15	0.98	0.97	1.10	1.09	1.14	1.02	0.77	0.79	0.97	1.02	0.97	0.94	0.94	0.93	0.91	0.92	0.98	1.03	1.05	1.08	1.09	1.10	1.10	1.11	1.11	1.12	1.12	1.13	1.14	1.16	1.17	1.20	1.22	1.24	1.26	1.28	1.31	1.33	1.35	1.38	1.40	1.43	1.46	1.49	1.52	
0.40	0.73	1.32	1.28	0.92	0.79	0.70	0.70	0.64	0.80	1.21	1.24	1.04	1.02	1.02	0.88	0.91	0.79	0.78	0.98	1.06	1.00	0.94	0.90	0.90	0.94	0.98	1.00	1.02	1.04	1.05	1.05	1.07	1.09	1.09	1.10	1.11	1.12	1.12	1.13	1.14	1.16	1.18	1.20	1.22	1.24	1.26	1.29	1.31	1.33	1.36	1.38	1.41	1.44	1.46	1.50	1.53	
0.50	0.88	1.24	0.97	0.76	0.81	0.80	0.80	0.80	1.06	1.23	1.05	0.90	0.87	0.86	0.80	0.68	0.63	0.78	0.94	0.95	0.91	0.87	0.84	0.94	1.04	1.07	1.08	1.06	1.04	1.03	1.04	1.06	1.06	1.07	1.10	1.13	1.14	1.15	1.15	1.16	1.17	1.19	1.20	1.22	1.23	1.25	1.27	1.30	1.34	1.36	1.38	1.40	1.43	1.46	1.50	1.53	
0.50	0.89	1.16	0.81	0.80	0.97	0.89	0.84	0.95	1.13	1.17	1.09	0.99	0.99	1.06	0.93	0.75	0.88	0.93	0.84	0.74	0.71	0.79	0.91	1.05	1.10	1.12	1.05	0.98	0.99	1.04	1.09	1.11	1.08	1.11	1.14	1.15	1.15	1.16	1.17	1.18	1.19	1.20	1.21	1.22	1.24	1.26	1.28	1.31	1.34	1.36	1.38	1.40	1.42	1.45	1.50	1.53	
0.50	0.85	1.10	0.95	0.98	1.01	0.87	0.81	0.88	1.03	1.17	1.19	1.14	1.18	1.09	0.86	0.93	1.02	0.90	0.78	0.73	0.79	0.93	1.08	1.20	1.23	1.10	0.91	0.91	1.02	1.07	1.09	1.08	1.10	1.14	1.14	1.12	1.14	1.15	1.16	1.17	1.18	1.19	1.21	1.23	1.26	1.28	1.30	1.32	1.33	1.35	1.36	1.37	1.39	1.43	1.48	1.52	
0.71	0.89	1.07	1.02	0.97	0.86	0.79	0.76	0.85	0.97	1.01	0.97	0.99	0.96	0.80	0.78	0.88	0.82	0.76	0.83	0.95	1.04	1.08	1.13	1.18	1.07	0.90	0.90	1.04	1.06	1.01	1.00	0.98	0.97	0.99	1.04	1.11	1.14	1.14	1.15	1.15	1.15	1.16	1.19	1.23	1.26	1.28	1.30	1.31	1.32	1.32	1.33	1.34	1.30	1.26	1.34	1.44	
0.90	0.93	1.02	0.98	0.82	0.76	0.72	0.69	0.77	0.86	0.85	0.92	0.97	0.76	0.66	0.77	0.87	0.91	0.97	1.03	1.06	1.04	1.00	0.99	0.89	0.73	0.73	0.92	1.04	0.98	0.94	0.92	0.94	1.03	1.11	1.15	1.17	1.16	1.12	1.08	1.07	1.09	1.13	1.17	1.21	1.24	1.27	1.29	1.31	1.31	1.29	1.24	1.18	1.16	1.17	1.31	1.46	
0.95	0.98	1.00	0.83	0.71	0.70	0.68	0.72	0.76	0.80	0.86	1.00	1.01	0.75	0.64	0.74	0.88	0.94	0.94	0.92	0.89	0.87	0.88	0.85	0.77	0.73	0.81	0.95	1.01	1.04	1.12	1.20	1.36	1.53	1.56	1.47	1.32	1.17	1.06	1.02	1.03	1.08	1.12	1.16	1.18	1.21	1.24	1.27	1.30	1.32	1.32	1.30	1.31	1.43	1.56	1.60	1.66	
0.94	1.06	0.99	0.72	0.65	0.64	0.65	0.75	0.81	0.87	0.92	0.99	0.93	0.70	0.62	0.70	0.80	0.75	0.68	0.69	0.73	0.79	0.82	0.83	0.84	0.89	1.00	1.15	1.24	1.32	1.45	1.62	1.70	1.61	1.45	1.32	1.19	1.06	0.99	1.00	1.03	1.07	1.10	1.10	1.12	1.17	1.21	1.25	1.29	1.35	1.46	1.62	1.76	1.82	1.79	1.70	1.68	
0.86	1.04	0.98	0.72	0.68	0.67	0.68	0.73	0.85	0.94	0.96	0.89	0.82	0.71	0.60	0.70	0.85	0.79	0.76	0.82	0.87	0.89	0.88	0.86	0.85	0.93	1.10	1.30	1.43	1.50	1.56	1.49	1.27	1.10	0.94	0.84	0.85	0.90	0.93	0.93	0.98	1.09	1.16	1.15	1.14	1.16	1.21	1.26	1.31	1.38	1.50	1.61	1.65	1.64	1.64	1.62	1.61	
0.75	1.05	1.01	0.69	0.61	0.60	0.63	0.71	0.94	0.97	0.89	0.80	0.74	0.68	0.64	0.83	0.99	0.95	0.98	1.06	1.05	0.98	0.95	0.95	1.04	1.24	1.39	1.46	1.41	1.32	1.25	1.10	0.90	0.77	0.72	0.75	0.84	0.95	0.99	1.01	1.14	1.26	1.28	1.30	1.32	1.29	1.28	1.31	1.34	1.37	1.39	1.38	1.39	1.46	1.54	1.54	1.54	
0.59	1.03	1.13	0.71	0.56	0.57	0.61	0.76	0.93	0.84	0.72	0.64	0.59	0.61	0.68	0.88	0.96	0.86	0.96	1.06	1.04	1.04	1.09	1.23	1.46	1.59	1.58	1.46	1.24	1.06	0.94	0.83	0.79	0.80	0.84	0.92	1.00	1.12	1.27	1.41	1.51	1.46	1.40	1.44	1.50	1.49	1.43	1.38	1.36	1.37	1.35	1.36	1.40	1.44	1.46	1.46	1.48	
0.44	0.96	1.23	0.81	0.64	0.64	0.65	0.75	0.79	0.71	0.59	0.48	0.51	0.60	0.68	0.78	0.80	0.71	0.85	0.90	0.89	1.04	1.18	1.30	1.33	1.19	1.06	1.00	0.98	0.92	0.77	0.64	0.66	0.84	1.01	1.07	1.11	1.25	1.46	1.63	1.68	1.60	1.55	1.49	1.43	1.43	1.43	1.39	1.36	1.36	1.37	1.39	1.41	1.44	1.50	1.53	1.55	
0.34	0.74	1.18	0.99	0.76	0.70	0.66	0.67	0.67	0.63	0.49	0.47	0.64	0.70	0.66	0.68	0.68	0.68	0.80	0.75	0.78	0.90	0.93	0.96	0.89	0.79	0.71	0.66	0.65	0.61	0.59	0.65	0.76	0.90	1.01	1.14	1.27	1.31	1.30	1.33	1.38	1.40	1.34	1.24	1.19	1.19	1.23	1.28	1.31	1.34	1.37	1.39	1.42	1.45	1.48	1.49	1.51	
0.35	0.52	1.02	1.18	0.88	0.70	0.65	0.62	0.59	0.53	0.47	0.61	0.82	0.78	0.71	0.72	0.77	0.82	0.83	0.74	0.75	0.77	0.70	0.71	0.69	0.66	0.62	0.55	0.48	0.51	0.65	0.82	0.94	0.98	1.01	1.13	1.26	1.25	1.12	1.03	0.95	0.95	1.02	1.08	1.11	1.11	1.14	1.22	1.29	1.34	1.38	1.40	1.40	1.40	1.36	1.36	1.40	
0.41	0.36	0.73	1.29	1.14	0.83	0.70	0.54	0.45	0.44	0.52	0.70	0.82	0.73	0.72	0.81	0.93	0.94	0.84	0.70	0.61	0.61	0.60	0.61	0.58	0.54	0.55	0.57	0.64	0.75	0.84	0.90	0.94	1.00	1.05	1.07	1.09	1.08	1.02	0.96	0.97	0.98	1.07	1.19	1.25	1.29	1.32	1.30	1.28	1.31	1.36	1.39	1.40	1.41	1.42	1.45	1.49	
0.46	0.32	0.45	1.14	1.32	0.96	0.64	0.47	0.38	0.45	0.57	0.67	0.71	0.65	0.59	0.70	0.79	0.66	0.54	0.47	0.48	0.58	0.61	0.59	0.59	0.64	0.68	0.70	0.74	0.82	0.89	0.93	0.97	1.02	1.04	1.02	1.00	1.02	1.12	1.27	1.32	1.29	1.31	1.32	1.38	1.44	1.39	1.27	1.22	1.26	1.30	1.33	1.37	1.41	1.49	1.55	1.57	
0.44	0.37	0.36	0.85	1.36	1.08	0.61	0.47	0.42	0.50	0.55	0.55	0.58	0.56	0.53	0.62	0.61	0.47	0.42	0.45	0.57	0.69	0.74	0.78	0.83	0.86	0.81	0.76	0.77	0.82	0.91	0.96	0.98	0.99	1.02	1.04	1.02	1.06	1.27	1.50	1.58	1.61	1.58	1.51	1.43	1.30	1.19	1.15	1.17	1.17	1.16	1.23	1.31	1.37	1.42	1.44	1.47	
0.41	0.37	0.40	0.74	1.28	1.21	0.73	0.51	0.46	0.47	0.49	0.48	0.50	0.57	0.62	0.62	0.53	0.54	0.56	0.58	0.64	0.77	0.93	1.02	1.00	0.89	0.79	0.81	0.90	0.96	0.97	0.94	0.94	0.98	1.02	1.03	1.02	1.07	1.20	1.43	1.66	1.70	1.56	1.39	1.23	1.13	1.15	1.21	1.17	1.10	1.11	1.19	1.26	1.33	1.35	1.38	1.42	
0.38	0.34	0.46	0.73	1.03	1.12	0.91	0.63	0.47	0.45	0.43	0.47	0.56	0.69	0.68	0.56	0.55	0.67	0.63	0.55	0.66	0.90	1.01	0.90	0.72	0.67	0.74	0.80	0.87	0.94	0.93	0.90	0.97	1.06	1.03	0.97	0.99	1.06	1.30	1.54	1.48	1.34	1.24	1.11	1.04	1.14	1.30	1.34	1.22	1.11	1.15	1.23	1.28	1.31	1.35	1.42	1.47	
0.52	0.38	0.44	0.69	0.83	0.88	0.91	0.76	0.49	0.43	0.37	0.46	0.71	0.72	0.56	0.52	0.66	0.70	0.54	0.51	0.74	0.95	0.83	0.58	0.53	0.66	0.76	0.78	0.82	0.84	0.85	0.93	1.04	1.08	1.04	1.04	1.09	1.30	1.66	1.59	1.28	1.15	1.18	1.28	1.35	1.37	1.35	1.32	1.37	1.47	1.50	1.42	1.35	1.33	1.37	1.44	1.48	
0.81	0.50	0.40	0.61	0.67	0.64	0.73	0.77	0.52	0.40	0.39	0.56	0.76	0.64	0.52	0.64	0.75	0.62	0.48	0.57	0.80	0.91	0.70	0.56	0.63	0.76	0.75	0.77	0.87	0.90	0.94	1.01	1.01	0.97	1.05	1.17	1.34	1.70	1.84	1.60	1.35	1.18	1.24	1.41	1.44	1.34	1.35	1.53	1.78	1.94	1.86	1.65	1.48	1.41	1.41	1.47	1.51	
0.93	0.74	0.56	0.61	0.64	0.59	0.58	0.65	0.50	0.39	0.50	0.65	0.68	0.61	0.63	0.75	0.65	0.47	0.46	0.57	0.83	0.89	0.66	0.64	0.79	0.83	0.80	0.82	0.87	0.88	0.92	0.97	1.00	1.03	1.21	1.61	1.92	1.98	1.52	1.08	1.05	1.19	1.40	1.41	1.34	1.32	1.50	1.81	1.91	1.73	1.65	1.66	1.56	1.41	1.32	1.39	1.48	
0.90	0.83	0.85	0.83	0.77	0.64	0.49	0.45	0.43	0.45	0.57	0.64	0.63	0.66	0.71	0.67	0.49	0.45	0.47	0.59	0.92	0.86	0.65	0.74	0.91	0.91	0.86	0.89	0.94	0.93	0.90	0.87	0.95	1.13	1.53	2.01	2.18	2.04	1.73	1.42	1.54	1.85	1.92	1.76	1.67	1.65	1.67	1.71	1.65	1.61	1.57	1.51	1.35	1.19	1.14	1.31	1.50	
0.79	0.73	0.84	0.98	0.91	0.69	0.46	0.33	0.38	0.50	0.53	0.62	0.68	0.64	0.63	0.57	0.48	0.53	0.56	0.78	0.98	0.84	0.78	0.88	0.96	0.92	0.93	1.04	1.13	1.09	1.03	1.00	1.15	1.47	1.81	1.81	1.55	1.56	1.97	2.29	2.45	2.40	2.25	2.18	2.20	2.20	1.95	1.59	1.41	1.39	1.23	1.17	1.22	1.23	1.22	1.39	1.64	
0.72	0.59	0.61	0.94	0.96	0.73	0.55	0.35	0.35	0.48	0.54	0.68	0.67	0.54	0.61	0.65	0.65	0.68	0.73	0.96	1.05	0.90	0.86	0.97	0.98	0.93	1.03	1.21	1.23	1.14	1.11	1.25	1.59	1.87	1.84	1.56	1.24	1.12	1.25	1.56	1.78	1.82	1.86	2.06	2.28	2.35	2.21	1.83	1.52	1.42	1.45	1.61	1.84	1.99	1.92	1.75	1.79	
0.72	0.55	0.49	0.82	0.84	0.69	0.59	0.42	0.38	0.52	0.66	0.72	0.64	0.62	0.76	0.79	0.81	0.86	0.95	1.03	0.98	0.90	0.97	1.08	1.10	1.13	1.26	1.34	1.38	1.50	1.58	1.67	1.76	1.65	1.42	1.24	1.11	0.99	0.86	0.74	0.77	0.95	1.17	1.34	1.40	1.43	1.79	1.97	2.02	2.09	2.23	2.32	2.34	2.31	2.23	1.97	1.80	
0.80	0.58	0.52	0.73	0.74	0.66	0.61	0.45	0.41	0.60	0.71	0.68	0.66	0.76	0.83	0.78	0.81	0.92	1.01	0.99	0.84	0.86	1.06	1.16	1.21	1.35	1.46	1.47	1.58	1.87	2.05	2.01	1.75	1.32	1.03	0.87	0.86	0.92	0.85	0.66	0.54	0.65	0.86	0.90	0.72	0.76	1.31	1.87	2.17	2.28	2.28	2.31	2.27	2.08	2.01	1.89	1.76	
