autotest/output/original/cli_wxModelInitialization_local_model/mackay_07-14-2013_0000_393m_vel.asc
ncols	57
nrows	71
xllcorner	279635.000000
yllcorner	4850745.000000
cellsize	393.466398
NODATA_value	-9999.000000
4.05	4.15	4.22	4.10	4.11	4.38	4.58	4.73	4.87	4.84	4.72	4.72	4.85	4.68	4.61	4.81	4.67	4.75	6.09	7.73	7.61	5.85	5.64	6.91	7.77	7.55	5.88	3.54	2.58	2.92	3.26	4.31	4.47	4.22	5.11	4.89	3.09	2.93	3.99	6.03	7.88	8.46	7.18	6.13	7.90	9.51	9.81	8.85	7.60	6.92	7.01	6.95	6.62	5.97	5.68	5.63	5.43	
4.18	4.22	4.23	4.21	4.38	4.65	4.78	4.89	4.97	4.89	4.83	4.97	5.14	5.13	5.32	5.30	5.30	5.82	6.73	7.14	6.22	5.83	6.44	6.86	6.36	5.28	3.88	2.65	2.50	2.60	2.76	4.56	5.09	4.35	4.84	4.23	3.18	3.36	4.83	7.17	7.48	6.50	6.07	6.55	7.92	8.00	7.79	7.09	6.15	6.12	6.57	6.21	5.51	5.01	5.08	5.26	5.20	
4.23	4.24	4.27	4.43	4.69	4.87	4.92	4.96	4.92	4.75	4.77	5.04	5.20	5.27	5.42	5.30	5.67	6.34	6.45	5.95	4.32	4.59	5.66	4.85	3.38	1.80	0.76	1.39	2.57	2.85	3.20	5.24	5.50	3.66	4.20	4.81	4.06	4.27	5.74	8.01	6.35	4.63	5.07	6.13	7.09	6.18	4.85	4.38	4.47	5.54	5.81	4.50	3.66	3.85	4.22	4.91	5.49	
4.28	4.35	4.47	4.62	4.74	4.82	4.86	4.86	4.73	4.56	4.68	4.98	5.12	5.12	5.13	5.03	5.33	5.94	5.60	4.77	3.13	2.36	3.24	2.80	2.44	1.37	0.60	2.45	3.31	3.27	3.60	4.63	4.90	3.53	4.45	6.73	5.75	5.33	7.09	7.98	5.54	5.10	5.73	5.24	5.82	5.28	2.76	2.21	3.48	4.60	4.19	3.31	3.55	4.04	4.39	5.66	6.81	
4.41	4.50	4.64	4.70	4.74	4.77	4.79	4.77	4.59	4.50	4.76	5.08	5.17	5.13	5.18	5.02	5.08	5.36	4.12	2.59	2.07	2.06	2.43	2.28	2.60	2.29	2.55	3.69	3.68	3.55	3.50	3.51	4.67	6.37	8.61	8.92	7.58	7.49	8.46	6.96	4.96	5.57	5.36	4.33	4.33	3.39	2.28	2.51	3.55	4.03	4.02	4.28	4.32	4.34	5.24	6.57	7.31	
4.51	4.60	4.71	4.71	4.72	4.73	4.75	4.69	4.50	4.56	4.90	5.08	5.05	4.97	4.88	4.67	4.56	3.97	2.16	1.25	1.65	2.18	2.29	2.17	3.37	4.21	3.98	3.66	3.48	3.72	3.93	4.38	6.29	9.50	10.12	8.01	7.11	7.31	6.79	4.69	4.04	5.07	4.55	3.32	2.33	1.62	2.39	4.29	5.30	6.19	6.28	5.50	4.54	4.51	6.25	6.99	6.78	
4.58	4.68	4.74	4.69	4.68	4.72	4.73	4.61	4.48	4.69	4.97	4.97	4.86	4.76	4.58	4.39	4.00	3.11	2.77	3.59	4.30	4.29	4.05	3.88	4.54	5.03	4.05	3.42	3.53	3.97	4.62	4.76	6.58	9.80	7.67	5.53	5.86	5.83	5.29	4.15	3.26	4.05	3.72	2.81	2.26	2.13	4.23	8.03	9.04	8.23	6.57	5.20	4.88	5.83	7.47	6.92	5.95	
4.67	4.75	4.76	4.70	4.71	4.75	4.72	4.57	4.55	4.76	4.89	4.83	4.73	4.59	4.39	4.22	3.91	3.71	4.43	5.45	5.73	5.81	6.16	6.15	5.66	5.51	4.43	3.61	3.45	4.10	5.12	5.41	8.19	9.98	7.67	6.36	6.46	5.53	4.29	3.38	2.40	3.17	4.23	4.86	6.17	6.84	8.38	9.76	8.72	6.80	5.94	5.89	6.88	8.36	7.98	5.93	5.02	
4.79	4.83	4.81	4.76	4.78	4.79	4.69	4.56	4.52	4.66	4.88	4.82	4.62	4.46	4.37	4.35	4.25	4.32	4.62	4.70	4.52	5.07	5.74	5.44	5.63	5.88	5.10	4.09	3.84	4.93	6.41	8.91	11.34	10.50	8.89	7.78	6.63	4.58	2.41	1.63	1.40	3.69	6.50	7.72	7.35	7.17	8.66	8.76	6.86	6.62	6.81	6.96	7.83	8.04	6.35	5.05	4.76	
4.89	4.88	4.84	4.80	4.80	4.74	4.61	4.47	4.37	4.67	5.09	4.82	4.47	4.43	4.47	4.51	4.46	4.44	4.39	4.34	4.41	4.84	4.97	4.40	4.71	5.38	5.42	5.90	6.20	6.72	9.19	12.05	11.08	8.93	8.29	6.16	4.52	3.04	2.01	1.55	1.09	3.81	7.41	7.48	4.71	5.74	8.28	7.62	6.56	6.07	5.45	5.64	6.23	5.69	4.88	4.69	4.58	
4.95	4.91	4.83	4.79	4.76	4.67	4.49	4.33	4.46	5.10	5.33	4.66	4.39	4.56	4.62	4.66	4.63	4.51	4.42	4.54	4.77	5.01	4.77	4.68	5.27	5.60	6.33	7.75	8.54	9.14	11.13	11.39	8.84	7.49	6.76	4.08	2.32	1.75	2.20	1.55	1.65	4.89	8.01	6.59	4.02	6.46	7.87	5.28	4.49	3.79	3.38	4.50	5.50	5.49	4.89	4.38	4.15	
4.95	4.88	4.80	4.82	4.78	4.59	4.38	4.48	5.08	5.59	5.16	4.40	4.38	4.57	4.60	4.76	4.81	4.59	4.54	4.79	5.05	5.17	5.14	5.53	6.10	6.15	6.96	8.06	7.85	9.29	10.14	7.27	6.01	6.03	5.21	3.41	1.87	1.63	2.21	1.68	3.39	7.42	7.81	5.38	5.47	7.69	6.58	3.88	3.23	4.09	4.82	5.17	5.59	5.32	4.69	4.38	4.39	
4.99	4.93	4.95	5.01	4.84	4.64	4.71	5.18	5.68	5.39	4.56	4.24	4.37	4.53	4.79	5.00	4.89	4.64	4.73	5.10	5.28	5.33	5.50	5.80	5.99	6.25	7.29	7.72	6.97	8.15	8.05	5.39	4.77	4.73	4.13	3.19	1.82	1.90	2.04	3.23	6.65	7.65	5.30	4.74	7.20	7.51	5.87	4.32	4.09	6.35	6.78	5.06	3.86	3.79	3.73	3.52	3.82	
5.09	5.07	5.12	5.09	4.92	4.96	5.20	5.43	5.29	4.59	4.26	4.37	4.42	4.87	5.35	5.20	4.96	4.80	4.99	5.25	5.23	5.33	5.60	5.83	6.11	7.04	7.91	7.51	6.99	7.34	6.38	5.03	5.07	4.40	3.49	2.45	1.34	1.65	1.42	4.25	6.15	5.25	3.68	5.73	7.87	6.15	5.21	5.73	6.67	6.97	4.74	2.76	3.20	4.55	4.25	3.50	3.60	
5.13	5.08	5.03	4.99	4.96	5.01	5.00	4.90	4.61	4.37	4.52	4.67	4.89	5.54	5.60	5.12	5.01	4.97	5.18	5.29	5.24	5.48	5.84	6.15	6.62	7.38	7.31	6.68	6.80	6.59	5.58	4.90	4.81	4.19	2.44	0.91	1.78	1.34	1.70	3.98	4.13	3.67	3.96	6.71	8.30	6.91	6.35	6.54	5.17	3.18	2.72	3.70	5.81	6.35	5.38	4.65	4.67	
5.08	5.01	4.92	4.92	4.88	4.75	4.65	4.60	4.56	4.69	4.84	5.08	5.41	5.64	5.35	4.97	4.98	4.97	5.26	5.28	5.24	5.60	5.91	6.13	6.36	6.43	6.10	6.30	6.56	5.71	5.10	4.56	4.42	3.97	1.81	1.52	2.03	0.77	3.27	3.71	3.36	4.46	5.92	7.84	8.72	7.41	5.04	3.10	1.69	2.83	5.38	6.61	6.34	4.65	3.00	3.24	4.02	
4.95	4.91	4.83	4.82	4.74	4.66	4.66	4.69	4.82	4.95	5.06	5.29	5.26	5.07	4.86	4.79	4.83	4.95	5.33	5.24	5.24	5.61	5.78	5.85	5.82	5.79	6.00	6.36	6.08	5.24	4.76	4.15	4.00	3.51	1.25	2.10	1.96	2.87	4.42	4.46	6.27	9.94	10.19	8.80	7.53	5.84	3.27	2.10	2.52	6.33	8.02	6.53	4.57	3.50	3.32	4.27	5.64	
4.68	4.67	4.60	4.57	4.59	4.65	4.73	4.85	5.00	5.10	5.19	5.21	4.93	4.71	4.72	4.81	4.81	4.99	5.33	5.22	5.28	5.55	5.60	5.55	5.52	5.65	5.87	5.78	5.33	4.90	4.48	3.93	3.61	2.68	1.70	2.68	3.61	5.02	6.59	8.15	11.59	12.06	8.90	5.95	5.03	4.67	4.26	5.23	7.78	8.91	7.59	5.59	4.62	5.13	6.62	6.86	6.45	
4.46	4.43	4.35	4.42	4.53	4.66	4.89	5.00	5.08	5.13	5.11	4.99	4.77	4.70	4.88	5.03	4.95	5.02	5.34	5.33	5.28	5.39	5.43	5.40	5.42	5.52	5.49	5.21	4.97	4.77	4.29	3.76	3.40	2.56	2.75	4.68	6.53	8.16	9.56	10.77	11.33	7.77	4.68	3.93	4.64	6.16	8.18	9.66	10.06	8.90	7.37	5.85	5.37	6.24	6.59	5.08	4.40	
4.30	4.25	4.22	4.41	4.60	4.72	5.00	5.16	5.13	5.04	4.90	4.78	4.68	4.74	4.99	5.14	5.04	5.10	5.49	5.51	5.28	5.31	5.35	5.32	5.35	5.37	5.22	5.07	5.02	4.74	4.24	3.95	3.82	3.54	4.32	6.03	7.75	8.82	8.81	9.21	8.69	5.16	3.98	3.51	4.84	8.21	9.95	9.45	7.93	7.34	7.15	6.10	5.52	5.56	4.96	4.23	4.43	
4.05	4.00	3.99	4.38	4.74	4.83	5.21	5.49	5.20	4.91	4.83	4.75	4.67	4.78	5.04	5.19	5.14	5.26	5.66	5.63	5.29	5.22	5.23	5.18	5.15	5.06	5.02	5.03	4.90	4.58	4.40	4.47	4.59	4.74	5.31	6.08	7.03	7.36	7.51	8.88	7.72	4.59	3.54	3.25	5.80	9.35	9.94	8.32	7.22	6.99	6.16	5.41	5.17	5.26	5.54	5.63	5.70	
3.82	3.73	3.85	4.57	5.15	5.21	5.61	5.72	5.08	4.77	4.77	4.67	4.50	4.65	5.23	5.38	5.23	5.39	5.77	5.65	5.19	5.07	5.09	5.09	5.06	5.07	5.15	5.09	4.89	4.80	4.94	5.13	5.34	5.45	5.60	6.16	6.92	7.22	7.89	8.79	6.70	3.66	3.88	6.04	9.45	10.09	9.51	7.89	6.34	5.57	4.21	4.18	5.25	6.12	6.10	5.57	5.26	
3.77	3.80	4.30	5.46	5.95	5.72	5.77	5.60	4.90	4.64	4.63	4.47	4.15	4.69	5.57	5.29	5.09	5.55	5.81	5.53	5.08	5.05	5.18	5.27	5.29	5.36	5.39	5.24	5.20	5.35	5.56	5.68	5.73	5.65	5.78	6.47	7.23	7.34	7.53	8.03	5.61	3.47	5.59	8.87	9.57	8.59	8.82	7.33	4.34	2.47	2.31	4.46	6.20	6.13	5.09	4.62	4.75	
4.09	4.41	5.38	6.51	6.37	5.70	5.64	5.41	4.85	4.57	4.62	4.33	3.85	4.87	5.64	4.87	5.01	5.71	5.79	5.50	5.23	5.27	5.42	5.48	5.44	5.48	5.45	5.41	5.54	5.71	5.83	5.84	5.74	5.75	5.97	6.39	6.71	6.49	6.57	6.94	4.98	4.49	7.09	8.64	7.48	7.22	8.68	6.78	2.82	1.92	4.14	7.01	7.14	6.20	5.42	5.29	5.44	
4.30	4.67	5.50	5.94	5.15	4.73	5.01	4.95	4.66	4.64	4.76	3.99	3.42	5.07	5.91	5.16	5.44	6.16	6.22	5.83	5.57	5.55	5.59	5.56	5.53	5.57	5.60	5.64	5.75	5.81	5.83	5.78	5.72	5.83	5.91	5.93	5.96	5.66	5.60	5.59	4.92	5.68	7.22	7.61	6.86	7.77	8.41	4.46	2.68	3.20	7.27	8.09	6.74	6.08	6.35	6.15	5.76	
4.11	4.21	4.47	4.52	4.13	4.20	4.63	4.73	4.77	5.08	4.79	3.26	2.85	5.67	6.72	5.94	6.31	6.98	6.79	6.15	5.81	5.75	5.72	5.72	5.75	5.81	5.83	5.82	5.86	5.86	5.82	5.78	5.75	5.78	5.75	5.67	5.60	5.42	5.48	5.39	5.51	6.68	7.28	7.24	6.79	7.72	7.37	3.15	3.44	5.78	8.43	6.86	5.54	5.29	5.53	5.40	5.12	
3.92	4.03	4.29	4.42	4.54	4.67	5.03	5.24	5.38	5.21	3.85	2.75	3.80	7.15	7.60	7.19	7.47	7.30	6.61	5.93	5.91	5.96	5.92	5.91	5.93	5.91	5.82	5.83	5.92	5.90	5.87	5.82	5.76	5.75	5.75	5.71	5.68	5.80	6.11	6.23	6.72	7.50	7.04	6.59	6.48	7.10	6.49	3.65	4.82	7.90	8.53	5.90	5.24	5.17	4.98	4.37	4.58	
3.93	4.17	4.44	4.60	4.69	4.71	5.25	5.43	5.12	3.90	2.31	3.11	5.99	8.06	8.52	8.34	7.75	6.82	6.09	5.96	6.39	6.36	6.03	5.92	5.83	5.69	5.66	5.83	5.93	5.87	5.82	5.79	5.80	5.84	5.88	5.90	5.96	6.20	6.53	6.66	6.88	7.01	6.22	6.05	6.28	6.70	6.02	4.21	6.07	8.43	7.43	5.28	5.58	6.00	5.59	4.85	4.92	
3.94	3.98	3.84	3.75	3.78	4.17	4.90	5.06	4.53	3.17	3.04	5.36	7.09	8.04	8.85	8.17	7.18	6.41	6.03	6.77	7.09	6.46	5.91	5.80	5.70	5.64	5.80	5.99	5.96	5.84	5.78	5.85	5.91	5.95	6.02	6.05	6.11	6.30	6.51	6.41	6.21	6.13	5.96	6.15	6.24	6.20	5.51	5.28	7.10	7.28	6.32	6.16	6.28	6.28	5.95	5.57	5.67	
3.83	3.68	3.43	3.25	3.39	4.20	4.89	5.34	5.36	4.95	5.98	7.38	8.41	9.13	9.51	8.14	6.72	6.04	6.47	7.47	7.05	5.98	5.60	5.68	5.71	5.85	6.03	6.04	5.93	5.82	5.87	6.00	6.00	6.02	6.07	6.10	6.16	6.28	6.38	6.23	5.99	5.94	6.15	6.23	6.08	5.91	5.70	6.18	6.52	5.57	6.16	6.71	5.44	5.06	4.88	4.99	5.69	
3.80	3.74	3.62	3.50	3.97	5.04	5.77	6.54	7.11	6.62	6.29	7.22	9.01	9.74	8.90	6.85	5.03	5.03	6.21	6.99	6.28	5.44	5.34	5.57	5.74	5.86	5.90	5.87	5.83	5.86	5.99	6.04	5.99	6.02	6.09	6.14	6.19	6.26	6.29	6.20	5.96	5.93	6.31	6.37	6.16	6.03	5.95	5.95	5.53	5.15	5.89	5.50	3.58	3.89	4.34	4.47	5.45	
3.73	3.70	3.63	4.02	5.23	6.29	6.77	7.77	8.35	7.28	6.12	6.89	9.25	8.66	6.32	5.18	4.59	5.31	6.35	6.41	5.55	4.90	5.03	5.42	5.66	5.71	5.76	5.82	5.88	5.94	6.01	6.01	5.97	6.02	6.11	6.16	6.18	6.22	6.22	6.18	5.98	6.09	6.60	6.56	6.17	5.93	5.77	5.67	5.51	5.44	5.45	4.64	3.62	3.86	3.80	3.79	4.72	
3.65	3.54	3.50	4.15	5.47	6.11	6.55	7.96	8.22	7.08	7.28	8.78	9.99	7.73	5.92	5.98	5.93	6.67	7.05	6.33	5.28	4.72	4.94	5.35	5.56	5.65	5.78	5.88	5.92	5.92	5.96	5.97	5.97	6.06	6.16	6.18	6.17	6.18	6.16	6.12	6.04	6.24	6.47	6.09	5.64	5.61	5.74	5.78	5.66	5.44	5.10	4.55	4.13	3.84	3.42	3.50	4.12	
3.58	3.64	4.22	4.61	5.04	5.68	6.18	7.96	7.96	6.71	7.68	9.31	8.73	6.58	6.53	6.78	6.35	6.47	6.24	5.49	4.97	4.89	5.03	5.19	5.44	5.66	5.82	5.91	5.95	5.96	5.98	6.00	6.02	6.12	6.19	6.18	6.14	6.13	6.10	6.04	5.99	5.99	5.88	5.59	5.57	5.81	5.95	5.83	5.62	5.39	5.06	4.68	4.37	4.10	3.99	4.25	4.57	
3.87	4.31	5.34	5.30	5.64	6.14	6.53	8.56	8.49	7.44	8.41	8.02	6.08	5.45	5.95	5.94	5.38	5.69	6.03	5.39	4.91	4.81	4.84	5.14	5.57	5.79	5.90	5.99	6.02	6.02	6.02	6.06	6.09	6.13	6.16	6.12	6.07	6.03	5.96	5.88	5.84	5.75	5.69	5.79	5.96	6.07	5.99	5.78	5.57	5.35	5.09	4.87	4.77	4.72	4.74	4.97	5.16	
4.61	5.30	5.76	5.22	6.12	6.54	7.25	9.22	9.08	8.06	7.92	6.69	5.69	5.94	5.53	4.87	4.76	5.55	5.98	5.18	4.64	4.60	4.99	5.60	5.84	5.88	5.94	6.02	6.03	6.02	6.05	6.08	6.09	6.10	6.10	6.06	5.99	5.92	5.85	5.82	5.81	5.82	5.91	6.03	6.08	6.05	5.92	5.73	5.56	5.36	5.16	5.05	5.06	5.14	5.28	5.48	5.61	
4.85	5.03	4.95	5.04	6.02	6.12	7.25	9.03	8.44	6.95	6.41	6.09	6.14	5.95	5.21	5.26	5.71	5.82	5.40	4.51	4.35	4.93	5.62	5.87	5.71	5.73	5.94	6.04	6.05	6.05	6.06	6.07	6.09	6.11	6.10	6.05	5.97	5.91	5.88	5.90	5.94	5.97	6.01	6.05	6.07	6.01	5.88	5.75	5.60	5.42	5.31	5.34	5.44	5.56	5.68	5.79	5.84	
3.94	3.73	4.36	5.58	6.03	5.31	6.15	8.57	7.58	6.94	6.94	6.23	5.47	4.96	5.21	5.90	6.06	5.67	5.41	5.07	5.16	5.64	5.81	5.50	5.24	5.60	6.09	6.19	6.12	6.08	6.08	6.11	6.14	6.16	6.15	6.08	6.01	5.98	6.01	6.05	6.09	6.09	6.09	6.09	6.08	6.01	5.92	5.82	5.68	5.58	5.58	5.68	5.77	5.85	5.93	5.97	5.98	
3.06	3.38	5.86	6.58	5.69	5.23	7.48	9.91	8.94	8.02	6.50	4.97	4.64	4.83	5.39	5.56	5.47	5.61	5.85	5.77	5.74	5.80	5.66	5.25	5.34	6.23	6.70	6.45	6.17	6.08	6.12	6.17	6.20	6.21	6.18	6.12	6.09	6.10	6.15	6.18	6.19	6.18	6.17	6.17	6.15	6.12	6.06	5.97	5.87	5.84	5.88	5.95	6.01	6.06	6.10	6.11	6.10	
4.18	4.82	7.21	5.99	4.86	6.68	11.25	11.81	9.67	7.52	5.31	4.95	5.35	5.67	6.01	6.09	6.42	6.56	6.33	6.00	5.83	5.82	5.67	5.50	6.05	6.90	6.85	6.36	6.08	6.06	6.16	6.20	6.22	6.21	6.20	6.18	6.19	6.22	6.26	6.28	6.28	6.27	6.25	6.24	6.25	6.25	6.21	6.14	6.06	6.06	6.10	6.15	6.19	6.22	6.24	6.23	6.21	
5.23	6.18	6.99	4.92	5.04	9.60	12.19	9.37	7.14	6.47	6.43	6.99	7.46	7.84	7.83	7.50	7.18	6.64	6.42	6.39	6.23	6.02	5.85	5.98	6.56	6.89	6.64	6.24	6.03	6.09	6.22	6.22	6.23	6.23	6.25	6.26	6.28	6.32	6.34	6.35	6.35	6.34	6.31	6.32	6.35	6.35	6.32	6.26	6.22	6.24	6.28	6.30	6.31	6.32	6.34	6.31	6.29	
5.16	5.84	6.39	6.26	7.82	11.02	9.59	6.39	5.59	5.53	5.96	6.97	7.85	8.28	8.11	7.84	7.60	7.94	7.95	6.97	6.06	5.89	6.13	6.33	6.59	6.80	6.64	6.19	5.93	6.08	6.26	6.25	6.26	6.29	6.33	6.34	6.35	6.37	6.38	6.39	6.39	6.37	6.38	6.41	6.43	6.44	6.42	6.38	6.36	6.38	6.41	6.42	6.41	6.41	6.41	6.39	6.37	
4.33	4.90	6.47	8.29	9.96	9.82	7.13	5.30	4.91	4.72	5.26	6.06	6.33	6.24	6.79	7.27	7.84	8.35	7.01	5.52	5.45	5.96	6.04	5.92	6.15	6.35	6.07	5.64	5.69	6.02	6.15	6.20	6.28	6.36	6.38	6.38	6.38	6.39	6.41	6.41	6.41	6.42	6.45	6.48	6.52	6.53	6.50	6.47	6.46	6.49	6.51	6.50	6.50	6.50	6.50	6.48	6.47	
3.50	4.39	7.85	9.74	9.04	7.19	5.15	4.49	4.11	4.29	6.20	7.30	6.30	6.26	7.02	6.93	7.28	6.37	4.57	4.64	5.69	6.02	5.63	5.45	5.56	5.66	5.58	5.47	5.70	5.94	6.08	6.23	6.30	6.36	6.39	6.39	6.38	6.38	6.40	6.41	6.44	6.47	6.51	6.56	6.59	6.59	6.57	6.55	6.55	6.58	6.59	6.58	6.57	6.58	6.58	6.57	6.57	
4.35	5.80	9.67	9.27	6.50	5.43	4.99	4.80	4.18	5.20	7.93	8.16	6.82	6.69	6.71	5.71	5.89	4.92	4.61	5.85	6.30	5.88	5.43	5.11	5.29	5.83	5.97	5.96	6.00	6.03	6.11	6.20	6.28	6.38	6.39	6.40	6.39	6.40	6.42	6.45	6.49	6.53	6.58	6.64	6.64	6.62	6.62	6.61	6.61	6.63	6.64	6.63	6.64	6.64	6.63	6.63	6.65	
5.90	7.45	9.11	7.11	5.34	5.76	6.18	6.48	6.29	7.44	8.42	7.16	6.12	5.86	5.83	5.41	4.47	4.16	4.94	5.90	5.81	5.34	4.89	4.74	5.73	6.50	6.54	6.41	6.21	6.09	6.03	6.20	6.37	6.34	6.37	6.50	6.53	6.52	6.55	6.57	6.60	6.64	6.69	6.70	6.65	6.63	6.63	6.63	6.66	6.70	6.70	6.66	6.65	6.66	6.67	6.71	6.74	
5.37	6.75	7.56	5.84	6.22	7.69	7.36	7.13	7.78	8.55	8.48	7.85	7.04	6.97	7.35	6.22	4.90	5.81	6.09	5.48	4.69	4.32	4.53	5.36	6.58	7.00	6.86	6.15	5.74	5.93	6.14	6.55	6.58	6.37	6.65	6.78	6.65	6.59	6.61	6.65	6.69	6.73	6.76	6.74	6.70	6.70	6.72	6.75	6.77	6.75	6.69	6.65	6.67	6.66	6.70	6.80	6.84	
5.92	7.56	8.62	8.27	9.01	9.00	7.78	7.10	7.12	7.83	8.76	8.89	8.59	8.67	7.76	5.84	6.21	6.84	5.94	5.08	4.69	4.98	5.72	6.70	7.63	7.68	6.51	5.19	5.52	6.29	6.48	6.62	6.44	6.51	6.84	6.78	6.58	6.58	6.59	6.63	6.67	6.72	6.75	6.76	6.78	6.83	6.86	6.86	6.79	6.72	6.64	6.57	6.53	6.54	6.68	6.86	6.92	
8.69	9.35	9.77	9.32	8.88	7.75	7.21	6.94	7.15	7.41	7.31	7.03	7.39	7.23	5.85	5.50	6.09	5.66	5.17	5.53	6.11	6.69	6.95	7.33	7.62	6.65	5.02	4.99	6.35	6.55	6.27	6.25	5.98	6.04	6.43	6.59	6.63	6.60	6.55	6.56	6.56	6.62	6.72	6.81	6.88	6.91	6.89	6.84	6.76	6.66	6.55	6.45	6.28	6.09	6.21	6.74	7.07	
9.14	8.40	8.02	7.46	6.21	5.82	5.55	5.58	6.25	6.67	6.30	6.61	7.14	5.82	4.92	5.56	6.21	6.37	6.69	7.02	7.06	6.86	6.56	6.53	5.99	4.62	4.20	5.60	6.56	6.09	5.96	5.92	5.96	6.50	7.11	7.29	6.98	6.56	6.27	6.22	6.32	6.51	6.76	6.89	6.92	6.91	6.88	6.86	6.74	6.53	6.23	5.93	5.55	5.49	6.10	7.14	7.77	
6.80	7.41	7.84	6.39	5.01	4.56	4.34	4.99	5.74	6.33	6.78	7.68	7.68	5.83	4.89	5.44	6.41	6.77	6.64	6.43	6.07	5.85	5.77	5.61	5.07	4.53	4.98	6.32	6.67	6.49	6.92	7.36	8.32	9.12	8.97	8.19	7.13	6.10	5.63	5.91	6.30	6.64	6.94	6.98	6.93	6.91	6.90	6.87	6.70	6.45	6.08	5.93	6.06	6.64	7.42	8.10	8.51	
5.53	7.66	8.54	6.50	5.78	5.52	5.48	5.97	6.52	7.18	7.72	8.04	7.30	5.45	4.80	5.25	6.01	5.57	5.03	5.09	5.25	5.49	5.50	5.47	5.38	5.60	6.50	7.77	8.18	8.21	9.03	10.08	10.23	9.33	7.98	6.79	5.68	4.90	5.04	5.89	6.50	6.88	6.98	6.88	6.90	6.96	6.95	6.87	6.79	6.69	6.77	7.46	8.04	8.22	8.16	8.14	8.27	
6.30	8.41	9.53	8.40	8.07	7.78	7.59	7.33	7.70	8.57	8.66	7.66	6.75	5.66	4.82	5.43	6.51	5.99	5.62	6.04	6.33	6.30	6.01	5.67	5.54	6.32	7.73	9.17	9.70	9.60	10.01	9.58	7.56	6.08	4.97	4.15	3.79	3.92	4.73	5.83	6.85	7.42	7.22	6.98	7.11	7.16	7.10	7.03	7.04	7.10	7.54	8.09	7.94	7.56	7.62	7.77	7.85	
7.16	9.08	9.59	8.37	7.19	6.73	6.83	7.64	9.22	9.55	8.73	7.43	6.37	5.63	5.26	6.71	7.93	7.42	7.50	8.01	7.71	6.99	6.62	6.40	7.09	8.73	9.91	10.46	9.75	8.79	8.29	6.92	4.87	3.79	3.45	3.55	3.90	4.33	4.91	6.26	8.23	8.50	7.64	7.48	7.72	7.63	7.46	7.34	7.29	7.36	7.58	7.48	7.12	7.10	7.43	7.57	7.52	
7.63	8.79	7.93	5.31	4.70	5.39	6.23	7.74	8.77	7.64	6.66	5.82	5.09	4.97	5.58	7.25	7.88	6.93	7.66	8.31	7.80	7.58	7.80	8.80	10.51	11.32	11.04	10.01	8.25	7.05	6.16	4.88	3.70	3.42	3.90	4.42	4.90	5.58	6.25	8.09	10.09	9.14	7.99	8.26	8.33	8.07	7.82	7.52	7.39	7.45	7.45	7.34	7.30	7.31	7.37	7.39	7.34	
5.99	7.08	7.14	5.61	6.40	7.86	8.23	8.36	7.74	6.29	4.77	3.57	3.85	4.87	5.57	6.46	6.59	5.87	7.05	7.28	6.93	7.89	8.77	9.74	9.96	8.91	7.75	6.75	6.20	5.61	4.47	3.49	3.24	4.04	4.94	5.14	5.85	6.99	7.92	9.77	10.67	9.08	8.37	8.35	7.94	7.71	7.50	7.28	7.33	7.44	7.47	7.52	7.50	7.46	7.69	7.66	7.42	
5.03	6.70	8.82	9.13	9.63	9.75	9.36	8.97	8.17	6.80	4.57	3.80	5.25	6.09	5.72	5.79	5.80	5.82	6.82	6.27	6.32	7.27	7.27	7.54	7.02	6.17	5.52	4.76	4.29	3.64	3.14	3.35	4.19	5.15	5.45	5.72	6.97	7.72	7.94	9.33	9.72	7.99	7.16	6.89	6.79	6.87	6.78	6.89	7.19	7.41	7.56	7.65	7.63	7.65	7.80	7.49	7.07	
8.71	9.47	10.09	9.56	8.00	7.30	8.10	8.47	7.90	6.81	5.83	6.28	7.83	7.58	6.73	6.57	6.95	7.33	7.32	6.26	6.21	6.45	5.85	6.01	5.71	5.12	4.69	3.92	3.36	3.33	3.81	4.56	5.37	5.85	5.85	6.32	7.27	7.20	6.95	8.34	8.57	6.73	5.83	6.11	6.40	6.48	6.81	7.04	7.28	7.60	7.74	7.72	7.61	7.49	7.26	6.98	6.87	
11.33	8.94	7.09	7.64	7.76	8.85	9.20	7.65	5.60	4.94	6.04	7.54	8.23	7.46	7.26	7.82	8.70	8.63	7.33	5.83	5.00	5.42	5.39	5.40	5.12	4.62	4.29	3.85	3.91	4.63	5.27	5.35	5.70	6.17	6.19	6.41	6.69	6.05	5.95	8.05	8.63	7.12	6.53	6.81	6.81	7.15	7.59	7.33	7.40	7.76	7.79	7.70	7.59	7.42	7.22	7.27	7.42	
11.48	7.12	4.79	7.58	10.18	10.56	8.34	6.01	4.67	5.00	6.03	6.62	6.61	6.10	5.67	6.56	7.25	5.93	4.59	3.79	4.02	5.30	5.67	5.41	5.25	5.40	5.03	4.50	4.72	5.43	5.91	5.66	5.97	6.43	6.23	6.14	6.16	5.45	6.21	9.33	9.60	8.23	7.85	7.56	7.48	7.80	7.29	6.78	7.49	7.84	7.64	7.56	7.52	7.47	7.63	7.71	7.60	
10.78	7.07	5.76	8.96	11.34	9.27	6.05	5.26	5.41	5.91	5.64	4.83	4.66	4.48	4.56	5.60	5.42	4.13	3.59	3.72	4.76	6.11	6.67	6.82	6.80	6.79	5.74	4.81	5.03	5.86	6.35	5.94	5.99	6.40	6.26	6.10	5.89	5.72	7.80	10.77	10.41	9.50	8.79	7.98	7.58	6.63	5.64	6.56	7.70	7.43	7.27	7.44	7.46	7.49	7.61	7.43	7.13	
10.27	7.83	7.30	9.93	11.19	8.71	5.61	5.08	4.85	4.54	4.05	3.61	3.77	4.69	5.66	5.70	4.80	4.92	4.95	4.87	5.54	7.12	8.52	8.80	7.90	6.59	5.47	5.12	5.81	6.71	6.78	5.80	5.66	6.45	6.43	5.86	5.62	6.36	8.80	11.72	11.30	9.46	7.82	6.80	6.07	4.91	5.25	7.42	7.57	6.95	7.42	7.61	7.53	7.46	7.33	7.17	7.09	
9.95	8.69	8.50	10.15	10.21	7.81	5.48	4.64	4.25	3.97	3.47	3.30	4.62	6.58	6.62	5.29	5.11	6.36	5.78	4.69	6.03	8.83	9.69	7.93	5.60	4.86	5.20	5.27	5.98	6.69	6.38	5.50	5.93	6.90	6.21	5.50	5.54	6.89	10.77	13.20	10.55	6.98	5.43	4.97	4.93	4.98	6.38	7.85	6.95	7.06	8.07	8.02	7.68	7.37	7.24	7.34	7.43	
9.65	8.93	8.88	9.62	8.80	6.75	5.56	5.09	4.50	4.16	3.31	3.73	6.52	7.22	5.60	5.11	6.60	6.96	5.00	4.40	7.19	9.97	8.39	5.23	4.17	5.14	5.57	5.28	6.02	6.20	5.79	5.98	6.74	6.80	5.67	5.83	6.39	8.70	13.46	12.60	8.09	5.32	4.72	5.56	6.27	6.17	6.74	7.47	7.60	8.86	9.32	8.42	7.62	7.27	7.29	7.48	7.61	
9.62	8.64	8.01	8.09	7.26	6.06	5.90	5.86	4.50	3.53	3.70	5.78	7.65	6.46	5.34	6.74	7.95	6.23	4.36	5.11	8.30	10.03	6.87	4.50	5.26	6.27	5.52	5.32	6.47	6.25	6.20	6.88	6.89	6.02	5.67	6.89	8.51	12.61	14.30	10.15	6.34	4.97	5.62	6.78	6.44	5.99	6.73	8.71	10.66	11.01	9.63	8.20	7.48	7.23	7.35	7.64	7.84	
9.83	8.38	6.68	6.66	7.10	7.16	6.98	6.22	4.20	3.81	5.41	7.10	7.06	6.28	6.91	8.33	7.01	4.53	4.16	5.41	9.24	10.03	5.91	5.08	6.97	6.93	5.64	5.85	6.70	6.26	6.38	6.82	6.85	6.31	7.25	10.36	12.50	14.25	11.07	5.57	4.38	5.62	7.26	6.47	5.37	6.59	8.59	11.26	11.71	9.32	7.64	7.28	6.87	6.57	6.83	7.53	7.99	
9.97	7.38	5.45	6.67	9.05	9.53	7.68	5.63	4.22	4.88	6.18	6.54	6.62	7.17	7.94	7.42	5.03	4.31	4.35	6.10	10.71	9.51	5.70	6.36	8.35	7.38	5.78	6.27	7.21	6.54	5.99	6.25	7.22	7.75	10.69	14.26	14.38	12.43	8.42	5.72	7.25	9.34	8.92	6.54	6.23	8.95	10.58	11.41	9.69	7.50	6.71	5.87	5.12	5.26	6.22	7.69	8.67	
9.75	6.53	5.68	9.13	10.93	9.57	6.95	5.23	4.87	5.50	5.49	6.25	7.42	7.09	6.67	5.92	5.04	5.35	5.43	8.56	11.56	8.84	6.76	7.99	8.84	7.06	6.12	7.38	8.41	7.10	6.15	6.84	9.18	11.31	13.83	13.94	11.09	9.12	8.85	9.89	11.33	11.02	8.85	7.63	8.93	11.10	10.84	9.71	7.83	6.02	4.54	4.07	4.46	5.45	6.71	8.44	9.76	
9.60	7.08	7.06	10.06	9.56	6.83	5.50	4.76	4.43	4.81	5.56	7.48	7.46	5.80	6.63	7.25	7.32	7.34	7.74	11.05	11.99	8.70	7.39	8.95	8.60	6.89	7.30	9.09	8.74	6.73	6.37	8.75	12.70	14.27	13.21	11.00	8.27	7.16	7.56	8.56	8.64	7.21	6.26	7.95	10.64	10.63	9.24	8.27	6.75	5.00	4.68	6.12	7.44	8.35	8.90	9.46	10.24	
8.56	7.03	6.42	8.13	6.86	4.93	4.53	3.85	4.21	5.71	7.52	8.38	7.25	7.11	9.03	9.34	9.30	9.72	10.48	11.60	10.36	7.76	8.09	9.34	8.44	8.05	9.43	10.17	9.87	9.80	10.56	12.18	13.19	11.11	8.59	7.38	6.25	6.00	6.25	6.17	5.49	4.31	4.59	7.08	8.37	6.98	7.10	7.25	6.56	6.77	7.94	9.02	9.38	9.57	9.59	9.36	9.43	
7.55	6.22	5.64	6.68	6.21	5.23	4.97	4.06	4.81	7.51	8.83	8.21	7.77	9.42	10.32	9.46	9.61	10.74	11.63	11.09	8.52	7.05	8.76	9.45	8.58	9.50	10.84	11.08	11.68	13.57	14.92	14.85	12.14	7.57	5.83	5.49	5.08	5.36	5.73	5.64	5.14	4.30	4.77	6.66	6.43	5.31	6.38	6.64	6.29	7.52	8.61	8.88	8.74	8.67	8.57	8.47	8.54	
