autotest/output/original/cli_wxModelInitialization_local_model/mackay_07-13-2013_1800_393m_vel.asc
ncols	57
nrows	71
xllcorner	279635.000000
yllcorner	4850745.000000
cellsize	393.466398
NODATA_value	-9999.000000
[rows 0 to 46 of 71, columns 0 to 56 of 57]
13.17 14.05 14.92 14.73 15.26 16.01 15.84 15.60 15.52 15.26 15.68 16.82 17.90 18.88 21.67 23.60 23.51 23.26 22.64 19.07 10.80 13.08 19.60 19.46 17.03 12.78 9.84 14.99 22.20 26.09 26.70 24.72 18.77 15.07 16.73 13.13 7.62 15.00 19.53 19.84 17.32 12.24 9.13 14.62 18.23 17.26 16.44 15.53 13.76 13.87 14.59 13.27 12.78 12.56 12.67 13.70 14.01
12.27 13.25 14.41 14.33 14.56 15.37 15.51 15.36 15.19 14.64 14.57 15.19 15.77 15.38 16.51 18.89 19.78 19.30 21.31 21.75 12.39 10.44 17.01 19.41 18.88 14.96 11.04 12.33 15.65 19.36 22.25 25.50 20.59 14.10 18.28 13.91 5.85 8.69 15.54 21.44 19.03 11.23 6.91 11.68 19.93 18.20 12.89 11.33 11.08 13.31 14.03 11.91 11.61 12.13 12.31 12.92 13.17
11.19 12.11 13.38 13.82 14.06 14.62 14.99 15.01 14.59 13.69 13.31 13.45 13.07 11.53 10.85 11.77 14.97 16.78 19.74 23.72 14.91 8.61 15.33 18.75 19.85 17.58 13.11 10.32 8.02 9.02 14.64 24.94 24.84 14.92 19.49 19.31 6.31 3.22 12.21 22.90 19.61 12.68 6.90 9.14 20.62 21.50 13.33 10.17 11.48 14.27 13.73 10.45 10.33 11.74 12.25 11.76 11.33
10.74 11.63 12.80 13.49 13.98 14.30 14.57 14.68 14.10 13.20 13.17 13.36 12.57 11.27 10.30 9.54 12.77 17.47 18.74 21.82 17.59 11.58 15.52 17.09 17.95 14.45 11.91 13.14 8.90 5.35 8.43 18.80 27.56 20.99 18.43 21.28 10.02 2.96 10.62 20.87 19.24 16.33 12.02 8.44 17.01 21.27 13.93 10.52 12.17 14.59 14.04 10.66 10.04 11.41 12.85 12.01 10.70
10.31 11.34 12.70 13.23 13.74 14.14 14.31 14.35 13.71 12.98 13.25 13.51 12.85 11.63 10.81 9.28 11.18 16.82 17.28 18.45 18.84 16.06 15.23 14.58 16.75 13.64 8.82 12.46 12.15 6.93 6.04 12.27 24.85 25.47 19.35 18.70 15.34 7.31 10.02 15.42 19.69 21.59 15.83 9.12 12.82 17.70 16.42 14.05 13.41 13.29 12.83 11.07 10.07 10.97 13.18 12.36 10.77
10.07 11.18 12.63 13.09 13.55 13.98 14.17 14.05 13.36 13.06 13.46 13.52 13.10 12.15 11.34 9.81 10.09 14.38 16.50 16.94 19.10 20.63 17.56 13.84 16.72 15.81 8.53 7.51 11.98 11.31 7.05 8.27 19.84 27.22 20.80 12.86 14.84 14.46 12.25 9.60 16.51 24.74 20.07 13.18 11.04 12.40 17.21 19.30 14.97 11.70 10.42 9.70 10.09 11.57 13.78 11.53 9.33
9.96 11.14 12.53 12.97 13.41 13.83 14.03 13.74 13.18 13.37 13.71 13.45 13.19 12.67 11.71 10.74 9.71 9.86 14.28 17.82 20.01 23.08 22.95 17.47 17.95 19.01 9.81 4.85 7.97 12.39 10.53 6.53 15.01 28.52 20.79 9.91 9.28 12.00 14.67 11.50 13.74 26.38 24.28 16.55 11.66 9.14 15.81 22.02 17.68 12.29 9.76 8.65 9.23 12.27 14.74 10.95 8.25
9.98 11.12 12.45 12.89 13.35 13.75 13.85 13.46 13.20 13.73 13.94 13.36 13.05 12.90 12.12 11.28 9.76 7.10 8.42 13.45 16.61 20.34 24.34 23.49 23.75 24.40 13.70 5.25 6.02 10.31 13.00 8.93 15.49 26.95 23.31 12.92 7.34 5.03 10.19 13.91 15.44 27.28 29.20 19.88 13.38 8.52 14.18 21.86 19.04 13.63 10.99 9.41 8.96 11.71 15.28 12.88 10.47
10.10 11.06 12.36 12.87 13.32 13.71 13.66 13.28 13.20 14.01 14.34 13.24 12.71 12.82 12.46 11.62 9.84 7.41 6.63 8.23 9.99 13.20 18.57 21.03 24.14 28.76 23.79 11.57 7.48 11.79 14.54 14.28 16.52 20.27 22.80 18.36 11.69 5.11 5.31 10.11 14.72 22.99 29.60 24.96 14.35 9.06 13.46 20.12 18.74 14.37 11.68 11.10 10.71 10.38 12.59 14.49 14.11
10.26 11.05 12.23 12.83 13.31 13.63 13.48 13.21 13.13 14.26 14.84 12.92 12.30 12.73 12.61 11.97 10.16 8.40 7.27 7.22 7.89 9.97 13.61 15.59 17.65 24.54 28.78 21.73 12.89 15.89 18.73 17.51 13.77 13.95 18.90 16.86 14.06 9.93 7.61 8.37 13.22 19.03 27.94 26.67 14.31 12.52 15.54 15.18 16.87 13.75 9.10 10.67 13.77 10.58 7.88 13.07 16.16
10.40 11.13 12.18 12.78 13.21 13.46 13.28 13.19 13.31 14.58 14.90 12.54 12.14 12.78 12.61 12.32 10.83 8.88 7.91 7.77 7.95 9.13 9.88 12.07 15.63 17.60 22.68 24.23 17.27 18.22 23.01 17.03 10.76 13.64 16.95 12.37 10.16 10.08 8.98 8.42 13.29 21.48 28.64 24.61 15.89 17.28 17.35 10.48 12.90 13.21 7.66 7.71 13.79 12.83 6.95 10.68 15.25
10.49 11.21 12.32 12.88 13.03 13.10 13.06 13.26 13.91 14.65 14.13 12.51 12.47 12.92 12.65 12.49 11.39 9.20 8.27 8.55 8.55 8.84 8.51 9.88 13.94 15.07 17.06 21.58 17.14 17.39 25.74 20.46 12.79 14.06 17.06 13.09 8.37 8.65 9.32 8.47 12.55 22.16 27.13 25.40 21.66 20.98 16.31 9.46 10.36 13.68 10.38 6.12 9.96 13.35 9.13 9.18 12.15
10.66 11.21 12.48 13.08 12.84 12.79 12.89 13.56 14.46 14.20 13.19 12.68 12.88 13.25 13.08 12.52 11.52 9.56 8.65 9.09 9.04 8.92 8.79 9.23 11.30 14.07 16.93 18.77 16.07 19.42 26.69 24.87 17.54 11.81 14.64 16.50 11.65 9.55 9.52 9.79 15.01 20.10 22.42 26.31 27.55 23.00 18.01 12.82 10.27 13.78 12.76 6.88 7.59 11.30 9.94 7.55 8.28
11.12 11.27 12.36 13.10 12.72 12.67 12.83 13.72 14.45 13.52 12.79 12.69 12.89 13.90 13.69 12.41 11.68 10.05 9.26 9.37 9.13 9.31 9.41 9.44 10.11 13.24 16.95 17.13 16.08 19.45 22.17 24.19 23.68 13.84 9.51 14.02 13.95 10.21 7.98 11.28 16.16 17.85 17.20 23.51 29.23 23.76 19.09 14.36 11.39 14.14 13.05 9.39 8.77 10.45 8.97 6.11 5.75
11.95 11.75 12.19 12.86 12.70 12.63 12.84 13.54 13.96 13.28 12.77 12.41 12.55 14.41 14.01 12.22 12.04 10.75 10.08 9.56 9.09 9.79 10.08 9.92 10.38 13.01 15.41 16.35 16.76 17.44 17.83 20.08 25.82 21.40 9.73 9.06 11.91 10.55 9.11 11.78 14.65 15.98 15.69 22.86 28.44 22.52 18.74 17.05 12.80 14.67 13.73 10.47 10.31 10.87 8.88 6.62 6.33
12.78 12.52 12.37 12.72 12.79 12.56 12.62 13.10 13.36 13.31 12.86 12.37 12.18 13.81 14.02 12.39 12.23 11.54 11.16 9.78 9.10 10.21 10.63 10.56 10.89 12.46 13.58 15.48 16.85 15.26 15.09 15.81 21.74 25.04 15.99 10.75 11.48 13.81 15.17 11.44 11.56 15.87 16.71 22.09 27.46 22.28 16.71 15.71 13.74 15.02 15.29 11.08 9.76 10.28 8.18 5.36 4.69
13.44 13.18 12.85 12.88 12.89 12.59 12.36 12.55 12.99 13.18 12.99 12.78 12.04 12.54 13.37 12.80 12.14 11.98 12.24 10.22 9.28 10.54 10.97 11.14 11.21 11.81 13.04 14.91 15.77 14.44 13.68 12.76 16.02 22.81 18.87 13.38 12.01 16.40 19.64 11.99 11.15 15.57 15.82 19.88 27.91 27.08 15.85 12.34 13.22 15.71 16.08 11.91 9.30 9.92 9.76 6.22 4.84
14.13 13.72 13.27 13.17 13.01 12.82 12.40 12.16 12.58 12.89 13.01 13.09 12.13 11.84 12.66 12.89 12.04 12.07 12.85 10.93 9.69 10.65 11.15 11.38 11.51 11.89 12.91 14.04 14.47 14.14 13.14 11.55 12.76 17.08 16.95 14.92 12.30 15.56 21.74 17.10 14.73 13.04 12.48 17.59 26.80 32.15 24.06 14.18 13.68 17.11 16.23 12.12 9.97 10.45 10.81 8.52 7.25
14.82 14.06 13.58 13.85 13.38 13.15 12.86 12.09 12.05 12.42 12.75 12.85 12.21 11.74 12.34 12.78 12.02 12.09 13.09 11.67 10.11 10.59 11.17 11.41 11.77 12.36 12.82 13.17 13.68 13.79 12.85 11.40 11.25 11.10 11.92 13.98 13.46 15.74 21.12 21.85 18.63 10.09 8.62 14.32 23.11 29.77 29.64 21.88 14.01 16.67 19.48 14.27 10.86 10.89 9.92 7.13 6.57
14.99 14.11 13.76 14.74 14.36 13.59 13.60 12.54 11.50 11.73 12.24 12.42 12.10 11.80 12.22 12.60 11.94 12.01 13.29 12.27 10.38 10.56 11.13 11.35 11.80 12.52 12.83 12.93 13.29 13.29 12.63 11.68 10.67 7.84 6.76 9.46 12.19 14.83 19.11 23.60 21.13 10.63 8.66 11.61 18.95 24.50 26.08 25.40 17.28 14.24 19.64 19.29 14.25 12.59 10.76 6.71 5.88
14.26 13.95 13.99 15.45 15.67 14.30 14.49 13.58 11.09 10.73 11.61 11.94 11.94 12.06 12.26 12.28 11.68 11.81 13.31 12.66 10.60 10.55 11.13 11.39 11.73 12.24 12.73 12.98 13.05 12.78 12.35 11.83 10.50 7.15 5.01 6.09 9.52 12.96 17.47 24.16 21.05 12.22 10.27 10.99 17.62 24.87 23.55 21.37 20.80 16.88 16.27 20.22 19.52 16.47 13.23 8.25 6.72
12.83 13.27 14.60 16.29 16.48 14.96 15.45 14.82 11.12 10.03 10.94 11.41 11.63 12.55 13.09 11.93 11.12 11.62 12.96 12.59 10.77 10.60 11.15 11.49 11.71 12.04 12.53 12.79 12.83 12.67 12.31 11.72 10.63 7.78 5.23 5.77 8.36 10.77 15.60 23.01 20.15 12.13 10.90 13.01 18.96 25.55 25.34 16.61 14.94 18.65 16.48 17.28 19.47 19.56 16.70 9.99 7.12
11.19 12.04 14.95 17.76 16.91 15.25 16.32 15.89 12.08 10.19 10.48 10.86 11.01 13.19 14.41 11.75 10.66 11.54 12.23 11.93 10.68 10.60 11.13 11.46 11.64 12.05 12.36 12.39 12.58 12.73 12.59 11.82 10.87 8.79 6.18 6.34 8.08 9.09 13.23 21.29 18.54 11.18 10.69 14.89 17.64 22.72 28.61 19.75 10.37 15.31 18.58 16.41 14.55 17.62 19.70 12.96 8.31
9.79 10.61 14.30 18.46 17.38 15.53 17.06 16.91 13.89 11.28 10.68 10.18 10.40 14.43 15.68 11.82 11.15 11.90 11.37 10.71 10.13 10.30 10.99 11.31 11.47 12.06 12.24 12.11 12.36 12.59 12.70 12.16 11.17 9.81 7.70 7.12 8.07 8.20 10.74 17.77 16.48 10.67 10.97 15.12 15.98 19.84 27.93 23.30 13.79 14.66 19.99 18.07 12.17 12.59 19.53 18.51 13.45
9.36 9.86 13.20 17.57 17.01 15.64 16.97 17.27 15.42 12.94 11.48 9.34 10.07 16.39 16.89 11.90 11.85 12.75 11.08 9.32 9.10 9.63 10.55 11.10 11.29 11.90 12.21 12.08 12.23 12.41 12.55 12.31 11.53 10.72 9.26 8.08 8.29 8.15 9.48 12.97 13.66 11.38 11.47 14.02 14.33 19.46 25.44 20.46 15.58 16.26 21.28 18.46 12.94 9.51 13.38 19.82 20.09
9.93 10.36 12.89 16.08 16.36 15.61 16.12 16.44 15.86 14.33 11.99 8.72 10.35 18.29 18.06 12.08 11.95 13.51 11.63 8.50 7.97 8.71 9.69 10.68 11.11 11.58 12.09 12.26 12.32 12.35 12.45 12.30 11.81 11.36 10.44 9.22 8.81 8.54 9.22 10.36 11.47 12.64 11.49 12.30 12.77 18.76 23.28 16.90 15.00 18.61 22.34 17.60 14.75 10.06 7.62 17.88 23.34
10.35 11.06 13.14 15.31 16.39 16.26 16.16 15.30 15.19 14.77 11.55 8.51 11.01 19.70 18.84 13.31 11.72 13.01 12.83 9.18 7.60 7.73 8.58 9.87 10.80 11.32 11.77 12.37 12.51 12.31 12.41 12.40 12.06 11.76 11.19 10.22 9.49 9.25 9.46 9.45 11.10 13.36 11.35 10.69 11.59 16.94 19.93 13.78 13.61 21.03 23.01 17.12 17.13 14.39 9.55 15.67 20.47
10.41 11.22 12.66 14.81 16.40 16.93 17.66 15.49 13.88 13.36 11.09 8.96 11.26 18.27 20.13 15.48 11.63 11.60 13.29 11.76 8.62 6.93 7.50 9.07 10.18 10.98 11.53 12.22 12.54 12.32 12.31 12.48 12.29 12.02 11.67 10.90 10.12 10.00 10.05 9.40 10.74 13.41 11.93 10.66 10.73 14.38 16.17 10.59 11.62 21.03 23.43 16.89 16.92 19.17 14.56 14.22 16.43
10.95 11.15 11.87 14.13 15.87 17.19 18.80 17.19 13.39 9.88 10.45 12.80 12.59 15.16 19.46 16.51 11.60 10.16 12.68 14.61 10.83 6.52 6.71 8.69 9.63 10.49 11.40 12.05 12.35 12.33 12.28 12.46 12.41 12.21 11.99 11.38 10.71 10.60 10.75 9.91 10.12 12.54 12.94 12.01 10.97 12.11 12.66 9.64 11.14 16.58 22.53 19.11 14.37 19.80 19.41 15.62 15.95
11.83 10.93 11.42 13.88 16.13 18.32 19.08 18.68 14.88 7.32 7.73 14.86 16.31 15.15 17.35 15.62 11.69 9.28 11.22 15.57 13.15 7.32 6.59 8.68 9.50 10.06 11.07 11.80 12.14 12.25 12.38 12.47 12.40 12.38 12.23 11.78 11.21 11.11 11.31 10.64 9.96 11.44 13.37 13.25 12.06 11.53 10.75 10.35 10.86 11.17 18.12 20.10 13.69 17.66 20.52 17.13 16.91
12.41 10.60 10.55 13.24 16.75 20.00 20.01 19.79 17.27 8.58 4.66 11.94 18.85 17.28 15.23 14.00 11.08 9.63 10.49 13.75 13.63 9.19 7.31 8.80 9.76 10.05 10.68 11.38 11.87 12.09 12.42 12.50 12.36 12.50 12.45 12.11 11.64 11.47 11.61 11.22 10.16 10.91 13.28 13.72 12.98 12.24 11.13 11.12 10.76 9.75 14.32 17.92 13.41 15.47 19.61 18.17 18.09
12.92 10.51 8.81 11.52 15.87 19.87 21.52 21.81 19.32 11.54 5.08 8.84 18.36 18.02 13.78 13.04 10.98 11.16 11.67 11.67 11.61 9.94 8.36 8.98 9.99 10.29 10.64 11.02 11.43 11.79 12.31 12.48 12.34 12.54 12.64 12.39 12.00 11.79 11.72 11.57 10.49 10.75 13.00 13.53 13.27 13.23 12.61 12.02 11.40 10.80 12.80 14.94 13.54 14.69 17.45 18.30 18.92
13.66 11.12 7.58 9.45 14.03 17.05 20.59 23.97 20.84 12.69 8.31 9.83 16.02 15.84 14.14 13.18 11.35 12.72 13.11 11.34 9.95 9.49 9.07 9.18 10.02 10.50 10.86 11.04 11.18 11.44 11.99 12.35 12.31 12.55 12.75 12.58 12.29 12.10 11.87 11.76 10.90 10.83 12.52 13.13 13.21 13.67 13.59 13.02 12.44 12.10 12.31 12.99 13.69 14.65 15.83 17.48 18.51
14.26 12.59 7.89 8.26 13.75 15.54 17.23 24.46 22.10 13.48 11.43 12.05 12.78 12.13 14.22 13.79 11.25 13.51 14.03 11.50 9.69 9.32 9.44 9.43 9.91 10.47 10.95 11.20 11.23 11.27 11.63 12.09 12.23 12.49 12.76 12.69 12.49 12.36 12.12 11.93 11.45 11.14 12.00 12.78 13.10 13.61 13.89 13.58 13.17 12.96 12.76 12.75 13.56 14.46 15.21 16.53 17.31
14.94 14.75 8.47 5.27 13.95 17.04 15.94 23.07 22.49 14.53 13.95 12.69 10.34 10.14 12.21 13.12 10.93 12.95 14.83 11.82 9.85 9.65 9.90 9.99 9.95 10.20 10.79 11.22 11.32 11.34 11.49 11.86 12.11 12.39 12.69 12.71 12.59 12.53 12.38 12.17 11.95 11.60 11.68 12.38 13.01 13.57 13.88 13.77 13.50 13.28 13.14 13.15 13.67 14.38 15.09 15.92 16.35
16.42 16.24 9.24 2.52 10.15 17.86 19.11 22.56 21.55 15.60 14.75 13.15 10.61 10.88 10.96 11.58 10.95 11.72 13.67 11.92 10.26 10.09 10.37 10.64 10.29 10.11 10.48 11.01 11.25 11.37 11.51 11.78 12.04 12.32 12.57 12.68 12.63 12.62 12.55 12.44 12.28 11.96 11.80 12.18 12.84 13.43 13.75 13.79 13.64 13.39 13.24 13.30 13.71 14.28 14.93 15.58 15.86
16.64 16.89 10.88 4.13 6.16 12.65 22.09 25.30 20.65 15.96 14.44 12.66 11.55 11.52 11.07 11.58 11.69 11.53 12.03 10.84 10.15 10.30 10.63 11.01 10.89 10.64 10.42 10.55 10.96 11.26 11.52 11.77 12.03 12.28 12.49 12.61 12.63 12.64 12.66 12.64 12.53 12.27 12.07 12.21 12.69 13.21 13.54 13.68 13.66 13.44 13.25 13.36 13.71 14.14 14.70 15.31 15.57
14.49 17.27 15.16 7.82 5.60 6.62 17.69 27.22 20.67 15.97 14.25 12.02 11.68 11.30 11.31 11.90 12.26 11.83 11.67 10.33 9.66 10.24 10.65 10.91 11.36 11.74 10.92 9.99 10.32 11.01 11.43 11.76 12.02 12.26 12.45 12.54 12.61 12.66 12.73 12.76 12.72 12.58 12.40 12.43 12.68 13.04 13.35 13.51 13.54 13.46 13.28 13.32 13.63 14.00 14.50 15.08 15.34
11.49 15.81 18.33 10.51 5.10 5.47 14.41 24.93 22.76 17.59 14.36 12.41 11.84 11.44 11.76 11.78 11.88 11.74 11.36 10.29 9.66 10.14 10.51 10.59 11.82 13.01 11.88 9.94 9.74 10.66 11.32 11.68 12.00 12.25 12.42 12.50 12.58 12.69 12.80 12.86 12.87 12.80 12.67 12.70 12.86 13.05 13.27 13.39 13.41 13.45 13.39 13.34 13.53 13.88 14.37 14.90 15.15
10.50 15.46 19.47 11.91 5.08 7.58 14.86 19.25 22.27 21.01 16.88 15.03 13.35 12.50 12.59 12.28 12.23 11.75 11.02 10.08 9.65 10.10 10.23 10.01 11.85 13.94 12.80 10.47 9.62 10.42 11.23 11.51 11.87 12.17 12.37 12.45 12.55 12.69 12.83 12.92 12.95 12.93 12.84 12.88 13.02 13.17 13.29 13.33 13.33 13.42 13.48 13.43 13.46 13.72 14.23 14.76 15.00
10.71 16.40 20.79 12.95 6.32 11.81 16.20 12.97 15.57 19.66 19.02 19.05 17.30 15.02 14.57 14.11 13.76 12.52 11.06 9.88 9.52 10.17 10.36 9.73 11.38 14.16 13.74 11.30 10.01 10.52 11.28 11.44 11.71 12.01 12.27 12.37 12.48 12.64 12.81 12.95 13.00 12.99 12.94 12.98 13.11 13.25 13.33 13.32 13.31 13.42 13.54 13.53 13.49 13.59 14.02 14.58 14.85
8.78 14.74 21.30 17.94 11.88 14.85 14.58 10.75 11.00 13.23 14.80 16.97 18.41 17.05 16.00 15.91 15.58 15.13 12.73 10.61 10.13 10.16 10.38 10.13 11.03 13.35 14.11 12.35 10.78 10.90 11.41 11.55 11.70 11.89 12.12 12.27 12.41 12.57 12.75 12.92 13.00 13.01 12.98 13.02 13.13 13.27 13.34 13.32 13.32 13.43 13.56 13.60 13.60 13.60 13.84 14.35 14.64
7.58 11.34 18.12 19.50 17.60 16.41 13.43 11.61 11.11 11.33 12.85 13.28 14.36 15.74 15.31 15.12 15.74 16.06 13.76 11.83 11.39 10.73 10.11 10.35 11.21 12.39 13.35 12.73 11.57 11.32 11.50 11.67 11.77 11.89 11.99 12.13 12.30 12.48 12.67 12.85 12.97 13.00 12.99 13.02 13.11 13.24 13.33 13.31 13.33 13.46 13.58 13.62 13.67 13.70 13.81 14.16 14.41
9.69 11.32 16.48 17.92 16.81 17.37 15.21 13.55 12.55 12.37 14.49 13.85 10.46 12.30 13.90 12.43 15.14 15.09 13.42 13.13 12.36 11.75 10.53 10.51 11.69 12.40 12.35 12.17 11.92 11.56 11.59 11.74 11.79 11.95 11.94 11.99 12.16 12.37 12.59 12.75 12.89 12.97 12.98 12.97 13.02 13.13 13.26 13.30 13.32 13.47 13.60 13.64 13.69 13.75 13.84 14.05 14.21
12.22 14.08 18.22 16.22 12.58 14.22 16.03 16.55 14.48 14.56 17.11 14.75 9.28 9.92 12.29 10.48 13.21 13.64 12.45 14.04 13.51 12.56 11.81 11.25 12.46 13.13 12.13 11.66 11.88 11.80 11.74 11.85 11.81 11.90 11.93 11.93 11.99 12.25 12.52 12.67 12.80 12.91 12.97 12.94 12.89 12.98 13.12 13.22 13.29 13.44 13.58 13.63 13.69 13.78 13.86 13.99 14.08
11.52 16.02 20.01 15.34 11.83 11.18 10.72 15.35 17.91 19.11 19.72 15.94 10.94 9.15 10.64 10.47 10.58 11.63 10.76 11.95 12.92 12.66 12.76 12.46 13.45 13.67 12.49 11.51 11.71 12.14 12.09 12.27 11.93 11.76 11.93 11.85 11.78 12.07 12.48 12.67 12.81 12.89 12.97 12.96 12.84 12.85 12.95 13.03 13.18 13.36 13.53 13.62 13.66 13.76 13.87 13.95 14.01
9.68 16.28 21.42 15.76 13.50 12.39 7.30 7.59 14.69 21.56 23.74 19.85 14.58 11.12 10.54 10.66 10.74 12.16 11.43 10.55 10.68 11.21 11.88 13.14 14.73 14.08 12.83 11.62 11.79 12.31 12.12 12.70 12.28 11.82 12.26 11.78 11.51 11.86 12.34 12.66 12.83 12.93 12.98 12.98 12.87 12.84 12.86 12.89 13.02 13.22 13.42 13.60 13.62 13.74 13.86 13.91 14.00
