autotest/output/original/cli_wxModelInitialization_local_model/mackay_07-12-2013_1500_393m_ang.asc
ncols	57
nrows	71
xllcorner	279635.000000
yllcorner	4850745.000000
cellsize	393.466398
NODATA_value	-9999.000000
226	226	226	224	222	223	224	224	223	221	217	214	211	204	201	203	202	202	211	223	213	201	207	216	227	233	218	204	200	201	206	222	232	231	251	271	229	206	211	228	244	240	212	213	232	257	277	282	275	265	262	257	248	241	233	229	229	
226	227	227	225	224	225	225	225	224	221	218	215	212	205	202	204	205	207	217	225	209	198	213	222	228	226	213	205	202	202	209	227	236	235	247	251	222	205	219	236	243	235	211	219	237	245	247	249	248	253	255	248	242	239	235	231	229	
225	227	228	227	227	228	228	227	226	223	221	221	218	212	209	210	216	221	230	232	214	205	228	236	237	228	218	221	217	209	213	229	235	232	241	245	228	188	236	248	243	233	225	241	248	242	233	227	230	239	241	237	236	237	237	231	222	
223	226	228	229	229	230	230	230	228	225	225	225	224	221	219	218	227	235	236	236	229	233	249	252	251	241	227	232	230	213	216	231	237	234	236	240	227	179	225	238	232	234	241	256	255	248	240	240	244	244	241	235	231	229	230	219	204	
221	225	228	230	231	231	231	231	229	227	227	228	227	225	225	221	229	240	241	244	246	256	267	261	256	253	235	229	227	223	229	239	240	237	229	224	217	198	210	223	225	235	241	248	259	250	242	253	266	259	243	228	221	220	223	214	201	
220	224	229	230	231	232	232	231	229	229	230	230	230	229	230	229	233	238	239	244	247	249	256	256	252	255	255	232	228	229	229	223	233	241	236	220	217	212	213	210	224	237	238	241	255	246	239	245	249	235	224	216	213	217	224	215	202	
220	225	229	231	232	233	233	232	230	231	232	232	232	232	232	232	233	226	223	222	221	224	229	231	236	247	251	235	234	232	231	223	242	250	249	241	226	215	214	203	216	239	243	243	238	219	222	230	225	214	212	209	207	213	220	211	200	
220	225	229	231	232	233	233	231	231	232	234	233	233	232	232	232	228	215	210	212	210	212	218	216	220	232	235	219	230	240	241	238	250	246	236	225	205	192	207	206	212	234	239	234	217	197	212	227	223	216	209	203	201	207	216	213	207	
220	224	229	230	232	233	233	232	232	234	236	234	232	232	232	231	225	217	215	220	217	216	219	215	216	224	225	219	219	240	248	245	240	233	227	217	205	182	182	208	218	228	234	231	215	205	223	234	227	215	205	203	207	210	216	220	222	
220	224	229	231	232	233	233	232	233	235	237	233	231	232	232	231	227	223	221	224	228	230	229	223	223	224	223	220	211	221	235	237	225	230	234	224	215	201	180	202	228	241	251	246	228	230	244	241	232	222	209	213	224	224	217	230	235	
221	225	230	232	233	234	233	233	234	237	236	231	230	232	232	231	229	224	222	224	228	233	230	228	230	226	223	219	206	211	225	220	210	227	239	231	220	209	189	202	231	245	254	250	237	248	257	261	252	246	237	228	231	227	216	235	242	
222	225	231	233	234	234	233	233	235	236	233	229	231	233	233	233	230	225	222	225	227	230	228	228	229	226	228	226	213	218	229	221	216	224	229	223	211	201	196	212	231	238	236	232	235	246	250	248	250	250	247	232	233	231	221	229	239	
223	226	230	233	233	232	232	232	234	234	231	230	232	234	235	234	231	226	224	226	226	227	228	230	232	233	237	235	226	235	237	229	227	225	224	221	206	190	199	217	232	236	230	231	236	238	236	229	223	230	230	221	246	252	239	229	230	
226	227	231	233	232	232	232	233	235	234	232	231	231	234	234	231	230	227	226	227	227	229	231	233	235	239	240	235	233	238	235	231	231	224	220	222	212	198	207	229	240	240	235	240	244	239	236	225	216	227	232	230	238	245	236	214	205	
230	231	235	236	235	235	235	237	237	235	234	232	230	233	232	229	229	227	228	228	227	230	232	233	235	242	243	241	241	239	233	231	232	227	213	216	219	219	242	259	254	252	252	255	252	241	232	227	226	240	241	230	221	221	214	197	190	
232	234	237	239	240	240	240	239	238	236	235	233	232	233	231	229	229	228	230	229	227	232	234	236	240	246	247	249	247	242	239	235	236	231	215	204	214	227	250	266	255	251	249	247	248	250	252	246	237	237	234	224	220	225	223	196	177	
235	236	238	240	242	242	241	240	239	238	237	237	236	236	235	233	231	231	233	230	229	234	236	239	242	246	248	249	248	244	243	239	240	235	219	206	209	223	239	243	233	225	218	223	234	243	256	252	233	230	230	223	218	218	216	188	160	
239	239	241	243	244	244	244	243	241	240	239	239	237	237	238	237	234	234	236	232	230	234	237	239	241	245	249	250	248	247	245	242	243	235	218	210	210	220	231	225	216	208	206	219	230	234	232	221	212	221	227	219	208	206	203	191	183	
241	240	240	244	246	247	248	247	245	243	241	240	238	237	238	238	236	236	238	235	233	235	237	238	239	243	246	248	248	247	245	243	242	229	211	209	208	214	221	222	219	204	200	217	227	229	225	217	206	213	219	213	204	207	207	201	200	
240	238	236	240	244	247	250	251	249	246	244	242	240	239	239	239	236	236	238	237	233	235	236	237	238	240	242	243	244	243	240	239	235	219	202	204	207	212	222	232	228	202	195	213	229	234	230	224	213	210	217	214	209	215	218	201	189	
237	236	235	239	242	243	246	250	249	246	244	242	241	242	243	242	239	237	239	237	233	234	236	237	239	240	241	241	241	240	238	236	230	215	201	203	214	221	230	237	227	202	201	220	238	244	240	229	218	211	212	216	216	218	216	196	184	
234	233	234	239	241	239	241	245	243	243	243	242	241	243	248	247	242	240	241	238	233	233	235	237	238	239	239	239	238	237	236	233	228	218	206	209	221	225	233	238	227	205	207	222	231	235	236	227	220	218	216	222	220	218	217	204	191	
229	228	230	236	236	233	237	240	237	237	240	241	240	244	251	251	249	248	245	240	234	233	234	234	234	235	236	235	234	233	232	231	228	223	213	215	223	225	235	241	229	207	210	222	226	233	236	225	210	224	230	232	223	219	224	215	198	
225	224	227	233	231	228	233	235	233	232	235	234	233	245	253	252	254	259	254	243	235	232	232	232	232	233	234	233	232	232	231	230	228	226	222	223	231	233	240	241	229	211	217	227	229	237	239	226	205	218	234	232	218	213	222	221	212	
226	226	232	238	235	233	235	235	233	231	232	226	225	244	252	246	246	253	255	245	235	231	231	231	231	232	232	232	232	232	232	231	229	229	228	230	238	244	252	248	235	225	228	234	231	240	241	224	208	218	234	228	217	208	216	229	232	
229	232	242	246	244	243	242	239	235	232	228	218	222	244	249	240	237	240	241	236	232	230	229	229	229	229	230	230	231	231	231	231	230	230	230	231	235	241	247	247	243	241	236	234	233	243	240	216	209	226	235	225	222	220	223	245	248	
230	232	237	240	240	241	243	241	236	234	227	214	220	239	241	233	229	231	233	230	229	228	226	227	227	228	229	230	230	230	230	230	230	230	230	230	230	233	236	235	238	242	239	238	238	245	238	211	213	233	234	221	224	230	239	254	254	
231	232	233	235	237	238	243	245	243	238	230	225	229	235	235	230	224	225	228	229	225	219	221	225	228	229	229	231	231	230	230	230	230	230	230	229	228	229	232	231	235	240	240	244	247	247	237	214	220	236	234	223	224	230	232	242	246	
235	235	235	239	242	245	248	251	252	238	226	233	241	244	241	234	223	218	222	228	224	211	214	223	227	228	229	230	230	230	230	230	230	229	229	229	228	229	232	233	236	240	241	244	249	252	241	226	230	236	234	227	221	230	230	232	238	
238	234	233	236	240	247	249	250	250	227	211	225	233	239	241	234	223	216	220	228	225	211	210	221	225	226	228	229	229	229	230	230	229	229	230	229	229	230	232	233	233	237	240	241	244	248	245	242	243	241	241	234	223	234	237	236	241	
239	233	227	229	232	238	241	242	243	229	199	227	235	236	235	235	229	227	231	234	228	215	211	220	224	226	229	230	230	229	230	230	229	230	230	230	230	230	231	232	230	233	238	238	238	239	243	249	253	254	256	247	235	241	242	240	243	
241	236	225	225	227	230	232	236	238	230	207	231	245	241	237	236	229	231	238	239	232	221	216	221	225	227	229	230	230	230	230	230	230	230	231	230	230	231	231	231	229	231	236	235	234	236	239	243	248	254	260	253	245	247	246	244	245	
243	240	230	229	234	233	233	239	241	229	217	225	239	234	229	227	221	225	230	229	227	224	221	222	225	227	228	230	230	231	231	231	230	230	231	231	231	231	231	232	230	231	235	236	236	237	238	239	241	245	249	250	249	249	248	246	246	
245	245	235	227	239	244	241	245	244	232	229	235	237	229	228	225	220	227	233	230	223	222	223	224	226	227	228	229	230	230	231	231	230	231	231	231	231	231	231	232	232	234	236	237	237	237	237	237	238	239	240	242	244	245	244	243	242	
246	248	236	208	228	238	242	247	244	231	232	238	239	241	240	234	227	230	232	227	222	222	225	227	228	227	228	229	229	229	230	230	231	231	231	231	231	231	232	232	233	234	235	236	236	236	237	236	236	236	236	237	238	239	239	238	237	
246	247	235	193	218	229	235	246	244	234	233	232	229	235	241	242	239	238	235	227	222	223	225	226	226	227	228	229	229	229	229	230	230	231	232	232	231	232	232	232	232	232	233	234	235	236	236	236	235	235	234	234	235	235	235	234	233	
240	241	233	209	215	225	234	244	248	243	240	233	227	229	230	232	235	237	239	232	226	224	224	225	226	228	229	229	228	228	228	229	230	231	231	231	231	231	231	231	231	231	232	233	234	235	235	235	234	233	233	232	232	232	232	232	232	
233	237	237	227	217	221	238	245	245	239	235	230	231	231	230	231	232	232	232	227	223	223	223	224	227	231	232	229	227	227	228	229	229	230	230	230	230	230	230	230	230	230	231	232	233	234	234	234	233	232	231	231	231	231	231	231	231	
234	239	243	232	211	216	237	239	233	228	229	231	233	232	234	236	235	233	229	223	220	222	223	222	225	230	229	225	225	227	228	228	229	229	229	229	229	229	229	229	229	230	230	230	231	232	232	232	231	230	230	229	229	229	229	230	230	
235	241	245	236	211	220	236	233	228	225	221	224	225	226	228	228	229	229	226	223	220	221	221	218	222	228	228	224	222	225	228	228	228	229	229	229	229	229	229	229	229	229	229	229	230	230	230	230	230	229	229	229	228	228	229	229	229	
223	231	239	234	216	233	246	243	236	226	217	216	216	214	216	218	222	225	224	219	216	218	219	217	221	228	228	223	221	224	227	228	228	228	229	228	228	228	228	228	228	228	228	228	229	229	229	229	228	228	228	228	228	228	228	228	229	
211	225	232	228	223	237	245	246	250	242	229	223	220	216	215	217	218	219	216	213	216	218	218	218	222	227	227	223	221	224	226	227	228	228	228	228	228	228	228	228	228	228	228	228	228	228	228	228	228	228	228	227	227	227	227	228	228	
218	230	235	230	226	230	234	236	245	256	260	256	241	230	225	221	220	221	218	217	220	220	220	221	225	229	230	227	224	225	226	227	228	228	228	228	228	228	228	228	228	228	228	228	228	228	228	227	227	227	227	227	227	226	227	227	227	
238	243	249	243	232	229	229	234	239	241	253	265	258	241	232	224	227	227	222	222	222	221	221	223	229	234	234	230	228	227	227	228	228	228	228	228	228	228	228	228	228	228	228	228	228	227	227	227	226	227	227	226	226	226	226	226	226	
236	238	247	250	242	233	224	225	227	232	242	246	242	245	242	237	236	229	220	222	221	220	220	222	229	232	230	228	227	227	227	228	229	229	228	228	228	228	228	228	228	228	228	228	228	227	227	227	226	226	226	226	226	226	225	225	225	
222	231	240	239	239	237	221	216	217	224	235	239	240	243	245	243	241	239	233	229	224	221	221	223	228	230	227	224	224	226	227	229	229	228	229	228	227	227	227	228	228	228	228	228	227	227	227	227	226	226	226	226	226	225	225	225	224	
220	237	244	234	229	228	212	204	212	221	225	224	221	219	220	222	224	229	230	231	231	227	223	222	227	228	225	223	225	228	226	227	227	226	228	227	226	226	227	227	227	228	228	228	227	227	227	226	226	226	226	226	225	225	225	224	224	
218	229	232	224	219	220	213	196	210	224	225	222	216	214	213	213	219	223	224	225	226	225	220	220	224	224	221	222	228	229	226	227	227	226	228	227	226	226	226	227	228	228	228	228	227	226	226	226	226	226	226	226	226	226	225	224	224	
213	222	228	225	222	222	218	210	213	230	236	233	229	223	216	215	223	226	225	223	219	217	217	220	225	225	221	222	227	228	228	229	229	231	233	231	226	225	226	227	228	229	229	228	227	227	226	226	226	226	226	226	226	227	228	225	223	
234	247	257	247	237	232	230	228	227	235	240	240	238	227	217	219	222	220	218	218	217	218	220	226	232	231	225	227	229	228	229	230	229	228	229	227	223	222	225	229	231	231	231	230	228	227	226	226	225	225	226	227	228	229	231	225	217	
253	263	276	272	258	247	244	246	247	245	238	238	235	222	215	222	225	222	221	222	223	223	223	227	230	228	226	230	229	224	224	222	217	214	216	218	217	219	225	231	233	233	233	231	229	228	227	226	225	224	223	226	225	223	223	218	210	
250	253	260	257	246	234	228	232	239	244	241	238	235	224	216	223	231	231	231	232	230	227	225	225	225	223	222	225	222	217	218	215	211	211	216	220	220	221	227	233	235	234	234	233	231	229	227	226	224	221	219	219	217	215	218	218	215	
239	242	239	226	219	215	214	220	226	228	226	227	230	224	216	223	228	224	224	226	224	222	220	221	223	225	224	222	217	212	216	219	218	221	225	229	229	226	229	236	239	236	231	230	231	229	226	225	223	220	217	218	218	218	220	223	223	
228	235	232	222	222	223	220	220	225	222	217	214	219	222	215	221	223	216	217	219	216	216	216	216	218	219	218	217	215	215	223	226	223	226	230	230	229	226	228	235	239	234	224	224	227	225	223	222	222	221	220	221	222	221	223	227	229	
215	233	238	235	238	239	239	245	244	234	226	220	222	225	220	225	225	216	219	220	215	215	213	209	210	213	215	216	217	221	227	229	225	224	227	226	225	223	221	228	234	226	216	219	222	222	220	219	221	221	221	221	221	221	224	229	231	
206	234	243	236	227	219	216	228	244	247	239	232	233	235	235	242	238	227	228	225	219	218	214	213	215	221	225	225	224	224	227	231	229	224	223	222	224	222	216	226	231	222	213	218	221	223	221	219	221	222	221	220	220	220	224	228	230	
203	223	230	225	218	215	212	213	216	220	223	226	230	228	229	243	249	247	243	233	229	228	225	228	230	232	236	234	234	233	231	230	229	226	222	220	224	224	222	234	237	228	220	223	226	228	227	223	222	223	222	220	219	219	223	228	230	
190	201	220	226	226	228	224	215	213	213	211	214	221	217	215	222	229	234	235	230	233	238	238	240	238	236	237	237	237	237	231	226	226	227	221	219	225	227	229	243	248	240	230	227	228	230	230	226	223	223	222	221	220	220	224	228	229	
174	181	220	233	230	225	219	212	215	217	213	215	220	216	213	216	220	221	221	224	235	245	247	248	245	242	239	233	230	230	229	224	226	228	222	221	227	228	231	243	248	239	230	225	223	225	226	224	224	224	222	221	220	218	221	224	224	
168	176	210	231	232	225	217	213	211	215	217	222	227	225	222	229	233	231	230	229	234	243	245	246	244	239	231	225	227	229	229	223	225	228	225	223	227	226	229	239	239	230	224	220	218	222	225	226	228	226	223	222	220	217	217	221	223	
169	183	200	229	236	229	219	213	210	213	220	230	238	239	239	244	244	242	238	230	229	234	236	233	228	227	222	219	226	231	230	223	223	229	227	224	224	221	228	236	232	223	218	215	217	222	227	232	233	228	226	224	220	218	217	221	224	
167	184	207	234	240	231	219	214	215	219	224	229	238	241	241	238	235	235	230	223	228	233	231	225	219	221	220	215	220	227	228	222	224	230	228	224	223	224	234	240	232	221	218	219	222	222	226	235	235	230	229	224	219	217	217	219	220	
182	195	225	243	245	235	226	220	218	218	220	225	232	236	234	231	231	232	225	220	230	237	235	227	224	225	224	217	220	227	228	223	223	228	226	225	224	228	240	243	235	225	224	227	227	218	223	233	232	230	230	221	214	214	215	213	213	
233	235	249	254	250	240	232	225	216	215	215	222	231	234	231	230	231	230	223	220	232	241	241	233	228	228	224	219	224	228	229	226	223	225	223	226	223	226	237	237	230	224	222	224	221	213	222	232	229	225	222	215	208	209	212	209	207	
247	245	257	266	264	254	240	231	218	215	215	218	227	228	227	229	229	225	219	221	235	243	235	225	227	227	221	220	226	223	224	227	226	222	221	225	222	227	233	228	223	222	220	221	221	217	221	227	224	218	216	214	207	206	208	204	202	
235	227	228	251	263	266	249	233	220	214	216	220	225	225	225	228	228	224	221	224	239	242	225	219	226	221	213	221	228	223	223	228	228	218	215	219	216	224	232	231	228	223	219	217	222	224	218	222	223	219	219	217	210	208	208	202	198	
225	217	218	229	236	236	230	224	219	215	218	225	226	224	226	229	226	224	221	226	241	238	219	217	223	215	205	219	227	221	222	229	231	220	209	211	210	218	222	221	218	212	209	208	217	225	218	221	225	220	219	220	219	216	213	198	187	
218	210	213	223	224	219	212	205	211	219	223	229	230	226	232	232	225	223	218	226	236	226	213	216	220	212	202	215	222	216	217	226	229	218	208	212	214	217	215	211	211	208	205	204	213	221	219	221	225	224	225	226	223	219	214	192	174	
216	208	213	227	228	221	216	208	210	225	230	234	231	229	236	230	223	220	214	223	227	214	210	216	216	210	202	211	219	216	217	223	223	212	206	212	215	219	221	221	221	217	208	207	213	218	220	219	217	219	219	216	210	209	208	194	178	
223	221	236	245	237	228	223	216	219	233	238	239	237	235	236	228	224	221	215	219	217	208	207	210	208	205	203	208	217	216	216	218	215	208	207	214	217	222	231	240	240	232	223	226	229	229	227	218	207	206	208	208	204	206	209	204	198	
226	231	259	262	243	229	222	216	224	238	240	241	245	244	239	232	232	227	219	217	211	206	205	205	203	202	202	207	215	216	215	213	211	207	209	217	221	223	227	236	242	240	240	247	252	251	237	217	205	203	207	208	206	208	213	211	209	
