autotest/output/original/cli_wxModelInitialization_local_model/mackay_07-12-2013_2100_393m_vel.asc
ncols	57
nrows	71
xllcorner	279635.000000
yllcorner	4850745.000000
cellsize	393.466398
NODATA_value	-9999.000000
6.83	7.35	7.87	7.86	8.14	8.46	8.40	8.32	8.33	8.40	8.86	9.62	10.39	11.44	13.21	14.25	14.32	14.19	13.46	10.93	7.71	9.92	12.25	11.57	9.66	6.95	6.54	9.51	12.75	14.34	14.31	12.67	9.30	7.60	8.01	5.82	3.89	8.34	10.81	10.59	8.42	5.59	6.46	9.58	10.08	7.90	6.51	6.22	5.84	6.35	6.77	6.20	6.42	6.74	7.04	7.91	8.33	
6.31	6.87	7.58	7.65	7.73	8.03	8.15	8.13	8.13	8.09	8.24	8.64	9.14	9.52	10.42	11.71	12.26	11.86	12.14	12.03	8.84	8.63	10.38	10.92	10.76	9.22	7.60	7.85	9.17	10.91	12.29	13.29	10.24	7.05	9.04	6.80	3.04	5.13	8.36	10.75	9.39	5.76	4.62	7.05	10.64	9.58	6.53	5.69	5.78	6.66	6.73	5.85	6.20	6.66	6.68	7.15	7.54	
5.73	6.20	6.93	7.23	7.29	7.48	7.69	7.77	7.68	7.46	7.31	7.24	7.09	6.58	6.28	6.89	8.48	8.91	9.96	12.31	9.27	6.48	8.04	9.51	10.67	10.12	7.92	5.95	4.28	5.16	8.43	13.27	12.94	7.96	9.91	9.52	2.72	1.39	5.52	10.70	9.78	6.73	3.09	3.70	10.44	11.68	8.02	6.77	7.34	8.00	7.28	5.81	5.89	6.52	6.55	6.04	5.81	
5.65	6.04	6.56	6.87	7.10	7.22	7.34	7.44	7.30	7.05	6.99	6.86	6.39	5.73	5.16	4.90	6.22	8.15	9.02	11.07	9.52	6.18	7.41	8.37	9.10	7.67	6.82	7.16	4.45	2.78	4.49	9.66	14.38	11.32	9.59	10.51	4.86	1.97	4.64	10.24	10.46	8.80	5.62	3.15	8.30	11.26	7.94	6.23	6.85	7.93	7.80	6.18	5.84	6.57	7.24	6.35	5.50	
5.51	5.93	6.47	6.67	6.89	7.07	7.14	7.20	7.07	6.84	6.85	6.79	6.40	5.77	5.20	4.51	5.25	7.71	8.32	9.35	9.64	8.09	7.42	7.16	8.28	6.70	4.60	6.75	6.72	3.60	2.46	5.98	12.84	13.24	9.83	10.29	9.86	5.75	5.13	8.59	11.59	11.91	8.19	4.21	6.21	9.56	9.16	7.60	6.75	6.59	6.81	6.48	6.30	6.76	7.65	6.84	5.99	
5.36	5.79	6.37	6.57	6.78	6.96	7.05	7.05	6.88	6.74	6.73	6.65	6.41	5.88	5.33	4.47	4.51	6.96	8.62	9.05	10.06	10.76	8.91	6.84	8.03	7.26	3.25	3.42	6.48	6.10	3.31	4.29	10.16	12.98	9.43	7.05	9.76	9.82	7.50	6.23	9.93	13.79	11.07	7.16	5.85	6.96	9.61	10.29	7.40	5.68	5.78	6.39	7.03	7.44	7.70	6.33	5.60	
5.30	5.73	6.28	6.48	6.67	6.84	6.94	6.91	6.76	6.74	6.72	6.56	6.44	6.14	5.62	5.03	4.48	5.32	8.42	10.82	12.31	13.98	13.57	10.06	9.48	9.31	4.25	1.53	3.66	6.42	5.27	2.75	6.42	12.64	9.20	3.91	4.23	7.62	9.75	8.36	8.86	14.79	13.43	9.14	6.57	5.86	9.57	12.24	10.06	7.84	6.71	6.40	6.99	8.27	8.66	6.79	5.89	
5.30	5.72	6.25	6.46	6.65	6.80	6.87	6.81	6.74	6.82	6.77	6.49	6.41	6.36	5.97	5.52	4.93	4.24	5.46	8.59	11.04	13.41	15.41	15.22	14.95	13.87	7.59	3.05	2.70	4.61	5.93	3.58	5.82	12.12	11.47	6.17	3.08	3.56	7.35	9.86	10.24	15.81	16.39	11.07	8.27	7.25	9.31	12.34	11.55	9.35	8.22	7.58	7.34	8.30	9.98	8.91	7.55	
5.33	5.72	6.27	6.48	6.67	6.82	6.83	6.73	6.71	6.93	6.89	6.42	6.32	6.43	6.27	5.87	5.18	4.14	3.45	4.07	5.61	7.90	10.97	13.23	15.51	17.52	14.68	7.82	4.74	5.43	6.06	4.87	5.46	9.33	12.21	10.83	7.88	4.66	4.35	6.89	9.42	13.52	16.57	14.01	9.21	6.55	7.01	10.68	11.27	9.81	9.24	9.06	7.82	6.86	8.62	9.94	9.60	
5.37	5.69	6.20	6.47	6.66	6.79	6.77	6.70	6.66	6.99	7.05	6.34	6.25	6.45	6.38	6.06	5.24	4.41	3.67	3.30	3.54	4.67	7.01	8.85	10.34	14.67	17.87	14.30	9.47	9.73	8.68	5.87	4.56	5.98	9.31	9.65	9.25	7.10	5.28	5.58	8.04	10.24	13.97	13.70	8.41	6.84	6.94	7.46	9.63	8.59	6.96	7.79	8.36	6.11	5.26	8.67	10.70	
5.44	5.73	6.15	6.37	6.57	6.73	6.73	6.72	6.68	7.01	7.13	6.42	6.31	6.50	6.42	6.25	5.53	4.66	4.19	3.85	3.57	3.91	4.73	6.48	8.41	9.99	13.75	15.34	13.03	12.65	12.35	8.62	6.16	6.89	8.03	6.44	6.34	6.81	5.86	5.57	7.91	11.31	14.09	12.44	8.60	8.37	7.62	4.47	6.49	6.96	4.06	4.41	7.99	7.58	4.60	6.90	10.03	
5.51	5.79	6.21	6.36	6.43	6.59	6.68	6.75	6.83	7.00	7.05	6.66	6.52	6.52	6.34	6.22	5.75	4.89	4.46	4.32	4.01	3.97	3.90	4.83	7.17	8.15	9.17	11.78	11.09	10.59	13.59	11.59	7.90	7.98	9.27	7.29	5.30	5.83	6.13	5.81	7.38	11.55	14.48	14.31	11.83	10.24	7.67	4.51	5.21	6.88	4.79	2.32	5.20	7.77	5.88	6.22	8.31	
5.61	5.85	6.35	6.53	6.47	6.54	6.65	6.86	7.06	7.01	6.87	6.75	6.74	6.72	6.45	6.13	5.78	5.04	4.58	4.57	4.42	4.24	4.00	4.03	5.20	6.89	8.00	8.98	8.47	9.60	13.37	13.41	9.55	6.50	8.60	9.86	7.51	6.17	6.41	6.57	7.93	10.10	12.34	14.97	14.98	12.16	9.78	7.27	5.97	7.31	6.76	3.81	3.54	5.65	5.32	4.91	5.92	
5.75	5.81	6.23	6.57	6.51	6.52	6.55	6.81	7.08	6.86	6.68	6.68	6.81	7.06	6.78	6.29	6.00	5.28	4.78	4.62	4.49	4.44	4.20	3.98	4.24	5.71	7.52	8.05	7.88	9.43	11.44	13.25	12.80	7.49	5.58	8.60	8.85	6.38	5.34	6.21	7.83	8.86	9.14	12.36	15.14	12.90	10.62	8.30	7.02	7.95	7.51	5.58	4.66	5.00	4.52	4.07	4.40	
6.09	5.89	5.93	6.24	6.24	6.20	6.27	6.55	6.86	6.72	6.51	6.44	6.63	7.32	7.09	6.46	6.36	5.69	5.12	4.72	4.52	4.67	4.55	4.26	4.21	5.11	6.47	7.40	7.68	8.31	9.26	11.05	14.20	11.80	5.81	5.68	7.38	6.48	4.92	5.33	6.89	7.84	7.67	10.97	13.97	11.81	10.56	9.95	7.57	8.18	7.62	5.87	5.90	6.29	5.72	5.28	5.42	
6.55	6.32	6.02	6.02	5.99	5.90	5.97	6.28	6.54	6.59	6.40	6.17	6.12	6.95	7.25	6.63	6.50	6.11	5.61	4.83	4.51	4.78	4.75	4.47	4.32	4.94	5.64	6.66	7.41	7.02	7.39	8.33	11.92	13.95	9.60	6.64	7.13	8.39	7.96	5.25	5.47	7.75	8.05	10.73	13.57	11.03	8.60	8.75	7.89	8.33	8.23	6.14	5.62	5.99	4.93	3.70	3.90	
6.98	6.73	6.33	6.14	6.03	5.85	5.75	5.93	6.22	6.37	6.31	6.09	5.70	6.05	6.69	6.58	6.30	6.21	6.08	5.08	4.55	4.87	4.91	4.80	4.65	4.86	5.44	6.33	6.94	6.62	6.46	6.39	8.49	12.70	11.41	8.38	7.82	9.99	10.86	6.33	5.47	7.91	9.08	11.54	15.43	14.55	8.31	6.67	7.35	8.45	8.53	6.89	5.89	6.18	6.06	4.36	4.56	
7.48	7.07	6.54	6.29	6.06	5.87	5.58	5.48	5.77	6.05	6.16	6.19	5.79	5.68	6.11	6.31	6.03	6.03	6.26	5.37	4.69	4.93	5.07	5.09	5.05	5.04	5.38	6.02	6.47	6.49	6.17	5.62	6.52	9.57	10.55	9.81	8.51	9.75	12.53	9.99	7.88	7.34	8.32	10.86	15.60	18.43	13.79	8.31	8.39	9.84	9.18	7.49	6.99	7.32	7.65	6.92	6.34	
8.10	7.50	6.93	6.73	6.22	5.92	5.61	5.16	5.23	5.56	5.87	6.05	5.89	5.71	5.94	6.14	5.90	5.92	6.25	5.57	4.84	4.95	5.17	5.27	5.38	5.50	5.59	5.82	6.20	6.38	6.11	5.54	5.68	6.39	7.87	9.75	9.69	10.21	12.46	12.40	9.96	6.38	6.29	9.05	13.60	17.41	17.58	13.49	9.71	10.99	12.31	9.48	7.86	7.49	6.51	5.25	5.09	
8.49	7.89	7.44	7.52	6.92	6.21	5.90	5.17	4.70	5.04	5.49	5.73	5.70	5.59	5.75	5.96	5.78	5.86	6.31	5.80	4.98	5.01	5.23	5.32	5.51	5.83	5.97	6.00	6.19	6.33	6.20	5.85	5.50	4.73	5.02	6.86	8.41	9.17	10.56	12.17	10.95	7.09	6.44	7.64	10.91	13.29	14.51	15.10	11.28	9.68	12.81	12.90	9.84	8.02	6.48	4.67	4.62	
8.38	8.10	7.80	8.08	7.81	6.85	6.55	5.74	4.49	4.55	5.19	5.49	5.57	5.55	5.53	5.57	5.48	5.63	6.26	6.01	5.18	5.11	5.31	5.39	5.51	5.76	6.04	6.17	6.23	6.22	6.15	6.00	5.50	4.27	3.62	4.01	5.34	6.98	9.16	12.09	11.14	8.15	7.20	7.06	9.59	12.31	11.69	12.01	13.08	11.24	10.93	13.38	12.82	10.43	8.37	6.22	5.74	
7.90	8.04	8.35	8.57	8.26	7.47	7.40	6.76	4.91	4.36	4.85	5.25	5.48	5.79	5.70	5.07	4.94	5.29	5.92	5.94	5.34	5.25	5.43	5.54	5.62	5.77	6.01	6.22	6.35	6.33	6.17	5.95	5.52	4.29	3.21	3.07	3.91	5.33	7.81	11.36	10.69	8.02	7.60	8.09	10.19	13.30	13.06	8.91	9.26	11.97	10.72	10.98	12.43	12.57	10.67	7.07	5.75	
7.30	7.71	8.84	9.56	8.79	8.08	8.34	7.86	5.98	4.84	4.80	5.05	5.28	6.09	6.22	4.85	4.38	4.78	5.26	5.48	5.25	5.30	5.52	5.67	5.78	5.95	6.10	6.21	6.40	6.52	6.45	6.06	5.60	4.61	3.30	2.92	3.40	4.09	6.27	10.29	9.81	7.33	7.36	8.39	9.38	12.15	15.14	10.71	6.65	9.50	11.20	9.54	8.83	11.29	12.33	8.27	5.87	
6.64	7.06	8.59	10.13	9.63	8.85	9.26	8.98	7.43	5.91	5.30	5.11	5.37	6.71	6.81	5.01	4.47	4.50	4.36	4.56	4.81	5.13	5.50	5.68	5.82	6.08	6.16	6.15	6.31	6.45	6.53	6.28	5.79	5.05	3.80	3.02	3.09	3.20	4.67	8.55	8.81	6.74	6.41	7.70	8.39	10.44	14.55	12.94	8.92	9.19	11.56	10.12	7.46	8.51	12.61	11.70	8.56	
6.10	6.18	7.29	9.18	9.17	8.61	9.08	9.24	8.38	7.02	6.06	5.29	5.69	7.80	7.50	5.22	5.08	5.03	4.00	3.52	4.03	4.67	5.29	5.63	5.78	6.08	6.25	6.18	6.23	6.32	6.40	6.33	5.98	5.48	4.54	3.58	3.28	3.10	3.77	5.87	6.93	6.10	5.63	6.75	7.45	9.95	12.95	11.73	9.96	10.20	11.80	10.45	8.18	6.76	9.16	12.50	12.45	
6.21	6.05	6.63	8.02	8.28	7.91	8.13	8.50	8.44	7.69	6.69	5.68	6.13	8.69	8.10	5.45	5.41	5.98	4.86	3.32	3.33	4.05	4.83	5.50	5.79	6.04	6.32	6.39	6.34	6.33	6.38	6.33	6.10	5.81	5.23	4.43	3.94	3.61	3.83	4.54	5.28	5.74	5.16	5.81	6.41	9.29	11.88	10.14	9.79	11.06	12.01	10.29	9.01	6.30	4.81	10.69	14.44	
6.62	6.68	7.26	8.14	8.55	8.34	8.04	7.63	7.86	7.87	6.77	5.81	6.63	9.61	8.87	6.31	5.56	6.34	6.30	4.34	3.23	3.42	4.21	5.08	5.67	5.97	6.22	6.49	6.50	6.40	6.45	6.45	6.26	6.07	5.73	5.16	4.68	4.37	4.28	4.32	5.07	5.92	4.97	4.80	5.48	8.25	10.27	8.53	8.96	11.72	12.39	10.38	10.45	8.46	5.24	9.08	12.75	
6.78	6.90	7.31	8.22	8.85	8.94	8.85	7.40	6.69	7.06	6.43	5.25	5.56	8.76	9.92	7.81	6.09	6.32	7.20	6.14	4.08	3.28	3.82	4.66	5.29	5.77	6.04	6.33	6.49	6.42	6.43	6.52	6.42	6.26	6.05	5.64	5.20	4.96	4.76	4.35	4.92	6.17	5.46	4.65	4.62	6.74	8.28	6.49	7.09	11.29	12.77	9.99	10.31	11.40	8.68	8.71	10.45	
7.07	6.86	6.85	7.70	8.36	8.76	9.21	8.09	6.13	5.25	6.23	6.60	5.16	6.17	8.79	8.18	6.46	6.23	7.51	7.93	5.71	3.86	3.93	4.63	5.03	5.52	5.96	6.24	6.42	6.46	6.44	6.50	6.49	6.39	6.24	5.93	5.54	5.32	5.17	4.62	4.66	5.90	6.13	5.46	4.69	5.33	6.18	5.23	5.71	8.73	12.42	10.92	8.82	11.83	11.80	10.08	10.52	
7.60	6.95	6.94	7.95	8.75	9.32	9.31	8.88	6.82	3.68	5.05	8.14	8.03	6.37	7.40	7.66	6.70	5.91	6.77	8.50	7.35	4.88	4.33	4.88	5.11	5.31	5.79	6.19	6.38	6.47	6.51	6.52	6.50	6.48	6.37	6.11	5.78	5.61	5.57	5.17	4.82	5.54	6.44	6.28	5.54	5.17	4.89	4.70	4.85	5.48	9.57	10.99	8.22	10.33	12.01	10.82	11.16	
8.09	7.01	6.90	8.22	9.69	10.78	10.30	9.78	8.15	3.77	2.36	5.89	9.10	8.02	7.05	7.01	6.09	5.28	5.17	6.88	7.56	5.97	4.90	5.10	5.32	5.31	5.52	5.90	6.21	6.36	6.50	6.54	6.48	6.53	6.47	6.27	5.99	5.84	5.83	5.62	5.12	5.44	6.48	6.71	6.37	5.90	5.14	4.91	4.70	4.27	6.73	9.11	7.42	8.68	11.09	11.16	11.72	
8.51	6.97	6.01	7.40	9.40	11.24	11.85	11.30	9.55	5.93	2.60	3.38	7.76	8.21	6.83	6.70	5.97	5.77	5.34	5.29	6.07	6.00	5.29	5.20	5.45	5.48	5.52	5.65	5.89	6.15	6.42	6.51	6.46	6.53	6.54	6.40	6.17	6.01	5.94	5.86	5.38	5.47	6.41	6.76	6.76	6.69	6.21	5.72	5.27	4.79	5.82	7.35	7.07	7.82	9.57	10.85	11.79	
9.12	7.31	5.03	5.67	7.54	9.09	11.06	12.18	10.34	6.93	4.87	4.16	6.71	7.95	7.75	7.23	6.67	6.98	6.76	5.85	5.39	5.45	5.34	5.24	5.49	5.64	5.71	5.70	5.71	5.86	6.17	6.40	6.42	6.51	6.58	6.49	6.33	6.20	6.05	5.98	5.57	5.46	6.18	6.56	6.69	6.92	6.84	6.50	6.12	5.82	5.89	6.39	6.94	7.60	8.47	9.94	10.96	
9.77	8.13	4.88	5.07	7.15	7.53	8.47	11.80	10.74	7.05	5.58	4.78	5.39	6.43	7.94	7.77	6.76	7.44	7.31	6.19	5.58	5.43	5.39	5.25	5.33	5.56	5.76	5.83	5.79	5.78	5.96	6.22	6.33	6.46	6.57	6.55	6.45	6.36	6.22	6.10	5.81	5.55	5.92	6.39	6.61	6.86	7.01	6.89	6.70	6.59	6.49	6.50	6.96	7.56	8.14	9.15	9.83	
10.41	9.13	4.82	4.36	8.18	8.99	7.74	10.70	10.80	7.57	6.70	5.53	4.57	4.57	5.78	6.77	6.08	6.98	7.84	6.57	5.78	5.64	5.59	5.40	5.22	5.34	5.66	5.87	5.91	5.89	5.94	6.10	6.23	6.36	6.50	6.54	6.49	6.46	6.37	6.24	6.08	5.86	5.86	6.22	6.57	6.86	7.04	7.05	6.97	6.90	6.89	6.94	7.24	7.67	8.13	8.72	9.07	
11.05	9.82	5.35	3.03	6.27	10.24	10.18	10.50	10.16	7.90	7.45	6.79	5.53	5.21	5.09	5.54	5.37	5.73	6.96	6.69	6.07	5.86	5.83	5.76	5.46	5.28	5.44	5.72	5.87	5.94	5.99	6.08	6.19	6.31	6.44	6.50	6.50	6.51	6.48	6.41	6.30	6.13	6.01	6.16	6.47	6.80	7.02	7.11	7.10	7.04	7.03	7.11	7.33	7.67	8.08	8.50	8.71	
10.59	10.36	6.85	2.96	3.08	7.05	11.77	12.33	9.62	7.63	7.07	6.58	6.27	6.16	5.91	5.95	5.76	5.53	5.86	5.73	5.74	5.87	5.94	6.06	5.92	5.57	5.30	5.39	5.69	5.90	6.02	6.12	6.21	6.32	6.42	6.49	6.53	6.56	6.58	6.57	6.50	6.35	6.20	6.22	6.43	6.71	6.94	7.09	7.15	7.11	7.08	7.17	7.38	7.63	7.95	8.30	8.50	
9.23	10.69	9.09	4.38	2.66	3.39	8.88	13.31	10.01	7.76	7.12	6.38	6.22	6.02	6.00	6.18	6.29	6.09	6.03	5.60	5.48	5.76	5.94	6.08	6.22	6.08	5.41	5.01	5.35	5.77	6.00	6.15	6.25	6.36	6.45	6.51	6.57	6.62	6.66	6.68	6.65	6.57	6.45	6.42	6.50	6.68	6.88	7.03	7.13	7.16	7.12	7.17	7.35	7.56	7.82	8.14	8.32	
7.98	9.80	10.13	5.80	3.57	3.33	6.89	12.41	12.07	9.59	7.87	6.81	6.31	5.99	5.91	5.76	5.88	5.93	5.92	5.72	5.53	5.68	5.90	6.10	6.60	6.81	6.06	5.18	5.14	5.61	5.94	6.11	6.27	6.39	6.48	6.54	6.60	6.67	6.73	6.77	6.77	6.75	6.68	6.66	6.71	6.79	6.92	7.03	7.11	7.20	7.20	7.19	7.30	7.49	7.74	8.01	8.17	
8.07	9.47	10.21	6.63	4.02	4.09	6.07	9.37	12.58	12.54	10.30	8.81	7.55	6.83	6.63	6.40	6.28	6.04	5.85	5.60	5.53	5.75	5.87	5.98	6.75	7.41	6.76	5.69	5.26	5.54	5.87	6.02	6.20	6.37	6.48	6.54	6.61	6.69	6.77	6.83	6.85	6.85	6.82	6.83	6.88	6.95	7.02	7.08	7.13	7.21	7.26	7.24	7.25	7.39	7.64	7.91	8.06	
8.09	10.27	11.62	7.55	4.21	4.75	5.78	5.10	8.16	11.74	12.26	12.20	10.86	9.39	8.96	8.44	7.80	6.79	5.95	5.62	5.71	6.04	6.10	5.81	6.43	7.59	7.38	6.26	5.65	5.72	5.95	6.00	6.12	6.29	6.43	6.51	6.58	6.68	6.78	6.86	6.89	6.91	6.90	6.92	6.98	7.05	7.10	7.13	7.16	7.23	7.30	7.30	7.26	7.31	7.50	7.79	7.96	
6.30	9.21	12.60	10.86	6.74	6.06	5.86	4.55	4.88	6.69	8.43	10.29	11.36	10.80	10.22	9.92	9.54	9.01	7.73	6.76	6.26	6.03	6.13	5.98	6.18	7.19	7.70	6.98	6.17	6.00	6.10	6.12	6.15	6.22	6.35	6.45	6.55	6.65	6.75	6.85	6.91	6.94	6.94	6.96	7.02	7.09	7.15	7.17	7.20	7.25	7.32	7.34	7.32	7.30	7.38	7.63	7.81	
5.04	6.61	10.12	11.20	9.90	8.42	6.82	5.88	5.26	5.12	5.73	5.90	7.19	8.82	8.93	9.10	9.46	9.49	8.52	7.47	6.85	6.21	5.83	5.89	6.08	6.49	7.08	7.00	6.45	6.16	6.15	6.19	6.21	6.23	6.28	6.37	6.48	6.59	6.70	6.81	6.89	6.93	6.93	6.96	7.01	7.10	7.17	7.18	7.21	7.27	7.33	7.36	7.36	7.35	7.37	7.52	7.66	
6.28	6.24	7.67	8.44	8.92	9.91	8.74	7.33	6.52	6.16	6.48	5.59	4.23	5.97	7.28	7.16	8.48	8.53	8.09	7.84	7.21	6.78	6.08	5.90	6.21	6.33	6.31	6.43	6.40	6.20	6.16	6.19	6.20	6.26	6.24	6.28	6.39	6.52	6.64	6.74	6.83	6.89	6.90	6.91	6.96	7.04	7.14	7.18	7.21	7.29	7.35	7.36	7.37	7.38	7.38	7.45	7.54	
8.24	8.07	8.34	7.06	6.08	7.88	9.60	9.80	8.32	7.76	8.11	6.59	3.92	4.24	5.72	5.17	6.85	7.61	7.50	8.28	7.96	7.43	6.96	6.48	6.72	6.79	6.29	6.17	6.34	6.32	6.23	6.22	6.16	6.19	6.23	6.24	6.29	6.45	6.60	6.69	6.77	6.84	6.88	6.87	6.87	6.95	7.05	7.14	7.19	7.26	7.33	7.36	7.36	7.38	7.38	7.41	7.46	
7.70	9.14	10.17	7.80	5.96	5.48	6.29	9.87	11.43	11.06	10.16	7.93	5.16	3.94	4.71	4.84	5.21	5.96	5.63	6.45	7.40	7.52	7.54	7.20	7.27	7.18	6.65	6.26	6.42	6.59	6.48	6.42	6.19	6.12	6.19	6.17	6.20	6.40	6.62	6.73	6.79	6.84	6.88	6.88	6.84	6.86	6.92	7.00	7.10	7.20	7.30	7.35	7.32	7.35	7.38	7.37	7.40	
5.83	8.58	10.98	8.51	7.29	6.25	3.91	5.33	9.68	13.04	13.66	11.27	8.25	6.08	5.59	5.99	6.08	6.44	5.93	5.47	5.71	6.28	6.88	7.55	8.00	7.48	6.94	6.49	6.48	6.57	6.51	6.72	6.51	6.28	6.37	6.14	6.11	6.32	6.57	6.74	6.82	6.88	6.90	6.91	6.87	6.86	6.88	6.91	7.01	7.12	7.23	7.33	7.29	7.32	7.33	7.31	7.37	
6.22	8.67	11.13	10.10	8.98	8.52	6.11	3.43	4.11	9.10	13.59	13.86	11.93	10.12	8.08	6.89	7.29	7.46	7.10	6.52	5.77	5.68	5.98	7.00	8.40	8.43	7.66	7.14	6.95	6.49	6.24	6.70	6.67	6.42	6.54	6.28	5.97	6.16	6.44	6.69	6.78	6.85	6.86	6.86	6.86	6.86	6.89	6.89	6.94	7.03	7.14	7.25	7.22	7.22	7.21	7.21	7.31	
6.22	7.73	10.14	10.42	9.65	9.00	7.93	5.36	3.65	4.94	8.98	12.21	11.57	10.19	9.46	8.34	7.55	7.30	7.15	7.12	6.87	6.49	6.05	6.25	7.42	8.23	8.03	7.88	7.90	6.97	6.24	6.31	6.49	6.41	6.29	6.03	5.78	5.98	6.34	6.63	6.77	6.80	6.75	6.71	6.74	6.78	6.81	6.85	6.88	6.96	7.08	7.17	7.22	7.24	6.96	6.68	6.72	
6.05	6.28	7.32	7.82	7.88	7.97	7.36	6.08	4.48	4.08	6.14	10.03	11.00	8.62	8.45	9.48	9.02	8.10	7.89	7.75	7.37	7.11	6.56	6.18	6.36	6.75	7.13	7.75	8.10	7.61	6.96	6.28	6.20	6.69	6.75	6.20	5.75	5.93	6.39	6.64	6.68	6.73	6.64	6.46	6.47	6.58	6.67	6.76	6.82	6.92	7.08	7.11	6.99	7.21	7.13	6.24	5.81	
9.19	8.22	7.11	5.76	5.49	6.42	6.78	6.26	4.93	3.98	4.38	7.70	10.62	9.20	7.73	8.93	9.60	8.37	7.60	7.55	7.13	6.86	6.87	6.90	6.66	6.27	6.42	7.39	7.71	7.79	8.05	7.42	6.91	7.36	8.22	8.08	6.97	6.43	6.73	6.96	6.67	6.59	6.58	6.32	6.19	6.29	6.44	6.58	6.67	6.84	7.17	7.53	7.30	7.42	7.97	7.09	6.18	
12.20	10.80	7.43	4.79	4.46	5.29	6.85	7.78	6.43	4.52	3.35	5.06	8.82	9.19	8.01	8.54	9.43	8.23	7.01	6.74	6.53	6.38	6.53	7.21	7.42	6.87	6.58	7.42	7.70	7.83	8.62	8.52	8.00	7.72	7.99	8.66	8.21	7.24	7.16	7.41	6.96	6.48	6.44	6.25	5.95	5.90	6.08	6.30	6.44	6.58	7.03	7.83	8.05	8.01	8.48	7.98	7.16	
11.81	11.88	8.98	5.76	5.12	5.07	6.21	8.67	9.44	6.92	4.34	3.76	6.23	8.07	8.02	8.97	9.91	9.26	8.66	7.80	6.88	6.63	6.61	7.00	7.60	7.45	6.65	6.79	7.22	7.51	8.47	8.34	7.31	7.21	7.09	7.51	7.91	7.48	7.52	7.83	7.35	6.36	6.12	6.48	6.20	5.65	5.69	5.99	6.19	6.15	6.31	6.89	7.42	7.59	8.01	8.11	7.88	
9.49	11.96	11.00	7.38	5.48	4.41	4.00	5.53	9.16	9.75	7.89	5.38	4.95	6.35	7.06	8.91	10.09	9.89	10.60	10.30	8.85	7.78	7.33	7.23	7.93	8.58	8.03	7.25	6.62	6.44	7.42	8.10	7.26	7.11	7.19	7.05	7.40	7.51	7.93	8.63	8.12	6.29	5.67	6.61	6.99	6.20	5.62	5.76	6.04	5.93	5.73	5.96	6.39	6.80	7.41	7.98	8.19	
7.09	11.27	12.70	8.27	5.71	4.53	3.51	3.33	5.32	7.74	8.60	7.22	5.54	4.91	4.96	6.94	8.59	8.16	9.57	10.56	10.11	9.45	8.46	7.94	8.34	9.18	9.59	9.21	7.74	6.49	6.67	7.48	7.49	7.56	7.80	7.36	7.29	7.46	8.08	9.78	9.66	6.76	5.64	6.40	7.32	7.33	6.36	5.86	6.03	6.03	5.78	5.73	5.97	6.30	6.95	7.78	8.11	
5.47	10.40	13.70	9.49	7.01	6.07	5.27	4.71	4.56	5.18	6.33	6.82	6.30	4.91	3.82	4.89	6.24	5.86	7.15	8.41	8.82	9.30	8.85	8.11	7.29	7.25	8.00	8.61	8.55	7.63	6.96	7.03	6.88	6.98	7.82	8.03	7.67	7.09	7.14	9.58	10.83	8.05	6.36	6.37	6.81	7.41	7.05	6.26	6.07	6.12	5.96	5.72	5.71	5.99	6.71	7.67	8.11	
5.09	9.03	13.92	12.36	9.49	7.96	6.85	6.89	7.21	6.81	6.24	6.90	7.45	6.27	4.93	5.04	5.21	4.67	5.28	5.74	6.72	7.37	7.06	7.39	6.69	6.28	6.77	7.05	7.60	7.56	7.05	7.07	6.86	6.29	6.54	7.73	8.54	7.41	6.12	7.92	10.07	8.51	6.61	6.28	6.30	6.64	6.78	6.33	6.05	6.07	5.98	5.78	5.61	5.76	6.37	7.36	7.94	
5.60	7.32	12.46	14.54	11.14	8.15	6.16	5.66	7.19	8.65	8.65	8.60	8.99	8.10	7.48	7.43	6.95	5.63	5.02	4.58	5.68	6.72	6.00	6.63	6.66	6.15	6.43	6.58	7.01	7.27	6.81	6.77	7.30	6.78	5.68	6.22	8.26	8.38	6.96	7.89	8.80	7.52	6.26	6.07	6.29	6.42	6.41	6.05	5.95	6.01	5.95	5.83	5.61	5.56	6.08	6.94	7.37	
4.71	4.78	8.43	15.01	13.88	9.91	7.69	5.60	5.07	6.23	7.66	8.69	9.53	8.62	8.18	8.80	9.10	8.33	7.09	5.79	5.59	6.76	6.20	5.87	6.15	5.85	5.82	6.23	6.98	7.60	7.12	6.27	7.03	7.35	5.97	5.39	6.86	8.33	8.57	9.19	8.54	6.79	6.01	5.95	6.36	6.92	6.81	6.20	5.94	5.81	5.76	5.80	5.71	5.61	6.12	6.90	7.14	
3.97	3.75	5.52	12.99	15.41	11.33	8.58	7.49	6.04	5.27	5.39	6.77	8.59	8.24	6.80	7.24	8.04	7.68	7.42	6.74	6.45	7.18	6.91	5.95	5.67	5.79	5.40	5.70	6.60	7.35	7.46	6.35	6.69	7.48	6.59	5.65	6.02	7.14	9.25	10.72	8.97	6.99	6.21	5.90	6.17	7.06	7.41	6.83	6.20	5.52	5.40	5.56	5.58	5.53	5.87	6.73	7.20	
4.00	4.17	4.54	8.75	14.78	12.77	8.64	7.99	7.72	7.24	6.20	5.69	7.05	7.61	6.44	6.47	7.11	6.70	6.47	6.58	7.22	8.08	7.87	6.89	6.04	6.15	5.60	5.49	6.52	7.13	7.19	6.52	6.66	7.40	6.95	6.23	6.11	6.13	8.31	11.21	9.83	7.80	6.99	6.49	6.32	6.70	7.50	7.52	6.51	5.39	5.00	5.02	5.16	5.28	5.37	6.12	6.79	
3.89	3.98	4.01	6.47	13.08	14.36	10.58	8.13	7.24	7.39	7.70	6.93	6.85	7.56	7.16	6.56	6.86	7.29	6.34	6.19	7.26	8.26	8.22	7.41	6.90	6.98	6.31	5.45	6.60	7.85	7.36	6.31	6.73	7.43	6.94	6.42	6.33	6.05	7.09	9.99	9.77	8.19	7.53	6.88	6.49	6.35	7.40	8.32	6.91	5.63	5.05	4.50	4.60	4.96	5.19	5.67	6.13	
3.55	3.32	3.89	5.96	9.75	12.76	12.12	9.19	7.38	7.28	8.04	8.98	8.54	7.98	7.64	6.94	6.66	7.33	6.61	6.03	7.30	8.22	7.64	6.64	6.24	6.68	6.62	5.43	5.75	7.48	7.94	6.41	6.55	7.65	7.13	6.60	6.27	6.67	7.84	8.79	8.25	7.44	7.39	7.12	6.40	5.95	7.30	9.03	7.83	6.37	5.40	4.35	4.20	4.71	5.15	5.48	5.75	
5.12	3.62	3.58	5.64	7.26	9.18	11.18	10.32	7.96	7.65	7.73	9.34	10.51	8.67	7.49	7.33	7.13	6.87	6.32	6.28	7.66	8.65	6.97	5.64	5.57	6.06	6.23	5.90	5.80	6.24	7.62	7.06	6.13	7.28	7.64	7.42	6.43	7.15	8.98	8.08	7.23	6.94	7.28	7.95	7.31	6.24	7.30	9.14	8.66	7.63	6.49	5.15	4.40	4.62	5.06	5.26	5.42	
8.60	5.30	3.65	5.38	5.83	5.81	7.77	9.40	7.92	7.44	7.47	8.51	11.37	10.87	8.55	7.80	7.62	6.92	6.33	6.67	8.43	9.12	6.69	5.76	5.79	5.73	5.60	5.95	6.52	5.99	6.97	7.85	6.48	6.07	7.33	8.15	7.12	7.61	9.16	8.54	7.86	7.30	6.99	7.74	7.87	6.67	7.07	8.97	9.04	8.49	8.23	6.98	5.37	4.93	5.13	5.20	5.29	
10.02	8.00	5.97	6.06	5.98	4.87	4.64	6.87	7.32	7.16	7.51	7.76	9.84	11.91	10.95	9.36	7.79	6.72	6.31	6.64	9.10	9.28	6.20	6.20	6.75	5.72	5.49	6.34	6.76	5.88	6.12	7.62	7.52	5.69	6.36	8.26	8.38	9.07	8.95	7.95	7.60	7.27	7.05	7.19	8.13	7.45	6.36	8.30	9.13	8.06	8.15	8.02	6.62	5.53	5.09	4.87	4.89	
9.51	8.95	9.38	9.30	8.08	5.90	3.72	4.22	5.75	6.39	7.00	7.70	8.06	9.70	11.74	11.37	8.72	7.25	6.38	7.02	9.60	8.70	6.16	6.23	7.29	6.21	5.55	7.12	7.49	6.10	6.25	7.14	7.64	5.77	5.39	7.02	8.14	10.34	11.08	9.46	8.81	8.47	8.54	8.47	9.38	9.27	6.32	6.96	8.60	8.19	7.89	8.05	7.23	5.84	4.96	4.39	4.33	
8.09	7.70	9.35	11.29	10.59	8.53	6.05	4.51	4.93	5.89	6.20	7.41	7.63	7.16	9.79	11.62	10.13	8.53	7.05	8.34	9.93	8.14	7.21	7.16	7.35	6.50	5.85	7.42	8.49	6.95	7.04	7.89	7.98	6.20	5.31	5.54	5.68	7.95	11.05	11.91	11.68	10.75	10.11	10.05	10.85	11.49	8.99	7.09	7.51	7.85	7.42	7.40	7.36	6.59	5.48	4.32	4.17	
6.92	5.94	6.76	10.30	11.14	9.74	8.08	5.80	5.04	5.94	5.90	6.65	7.28	6.75	8.37	9.77	10.49	9.89	8.30	9.43	10.21	8.72	8.29	8.51	7.81	6.89	6.14	7.21	8.88	7.98	7.56	8.59	8.63	6.98	6.33	6.37	5.56	5.30	6.20	8.23	9.85	9.84	8.95	9.03	10.16	11.93	12.32	9.71	7.78	8.01	8.41	8.43	8.48	8.81	8.12	5.97	5.07	
6.69	5.34	4.88	8.32	9.37	8.89	8.43	6.62	5.33	5.90	6.11	6.13	6.18	6.31	7.52	7.51	8.40	8.96	8.42	9.56	10.54	10.28	10.01	10.30	9.90	8.94	7.80	7.38	8.44	8.51	8.14	8.57	9.04	8.52	7.81	7.70	7.04	5.96	5.24	5.69	6.87	7.19	6.27	6.17	6.89	8.02	11.04	11.54	10.50	10.32	10.58	10.66	10.06	9.83	9.71	7.93	6.58	
7.16	5.51	4.92	7.20	8.11	8.51	8.91	7.56	5.69	5.94	6.28	5.93	5.64	5.93	6.94	6.46	6.57	7.49	7.74	9.22	10.95	11.39	11.16	11.70	11.93	11.14	9.66	8.25	8.16	8.31	8.24	8.63	9.63	9.83	8.56	7.75	7.37	6.91	6.18	5.72	6.06	6.18	5.35	5.47	5.56	5.77	8.58	11.32	11.89	11.15	10.57	10.86	10.37	9.29	9.24	8.39	7.41	
