autotest/output/original/cli_wxModelInitialization_local_model/mackay_07-13-2013_0600_393m_vel.asc
ncols	57
nrows	71
xllcorner	279635.000000
yllcorner	4850745.000000
cellsize	393.466398
NODATA_value	-9999.000000
5.11	5.31	5.44	5.28	5.31	5.41	5.35	5.28	5.26	5.32	5.59	6.00	6.46	7.16	8.19	8.74	8.74	8.62	8.13	6.69	5.27	6.38	7.29	6.81	5.68	4.14	3.95	5.31	6.79	7.44	7.30	6.28	4.49	3.76	3.89	2.72	1.91	4.12	5.33	5.19	4.07	2.72	3.27	4.68	4.75	3.61	3.02	2.91	2.66	2.86	3.03	2.72	2.73	2.82	2.89	3.21	3.36	
4.82	5.03	5.28	5.21	5.14	5.21	5.24	5.20	5.17	5.16	5.25	5.45	5.74	6.09	6.66	7.33	7.59	7.34	7.29	7.09	5.74	5.70	6.22	6.27	6.14	5.35	4.45	4.37	4.91	5.70	6.36	6.72	5.05	3.53	4.46	3.32	1.48	2.55	4.11	5.21	4.54	2.82	2.32	3.43	5.01	4.46	3.05	2.61	2.57	2.98	3.01	2.54	2.58	2.75	2.72	2.85	2.98	
4.50	4.65	4.93	5.04	4.98	4.96	5.01	5.01	4.94	4.83	4.71	4.60	4.49	4.27	4.10	4.40	5.22	5.31	5.65	6.87	5.57	4.18	4.53	5.08	5.78	5.61	4.40	3.21	2.23	2.75	4.52	6.88	6.63	4.12	4.97	4.75	1.37	0.82	2.61	5.12	4.75	3.28	1.50	1.74	4.91	5.49	3.74	3.07	3.24	3.52	3.19	2.44	2.39	2.65	2.62	2.34	2.22	
4.52	4.63	4.78	4.84	4.86	4.82	4.80	4.79	4.70	4.56	4.47	4.30	3.98	3.58	3.21	3.05	3.58	4.39	4.85	6.01	5.26	3.36	3.82	4.31	4.76	4.09	3.71	3.86	2.35	1.56	2.41	4.94	7.35	5.82	4.87	5.30	2.55	1.22	2.21	4.95	5.14	4.30	2.70	1.47	3.91	5.29	3.69	2.87	3.12	3.55	3.43	2.60	2.34	2.61	2.82	2.39	2.01	
4.48	4.62	4.76	4.72	4.73	4.72	4.68	4.65	4.56	4.42	4.35	4.23	3.96	3.57	3.19	2.79	3.02	4.08	4.39	5.00	5.14	4.28	3.90	3.71	4.25	3.43	2.49	3.74	3.71	2.01	1.25	2.95	6.52	6.80	5.10	5.35	5.17	3.06	2.55	4.17	5.66	5.80	3.95	2.00	2.95	4.45	4.25	3.54	3.14	3.05	3.06	2.72	2.49	2.62	2.92	2.50	2.09	
4.37	4.50	4.68	4.66	4.66	4.65	4.61	4.56	4.45	4.33	4.24	4.12	3.92	3.55	3.15	2.62	2.55	3.76	4.70	4.97	5.44	5.77	4.72	3.54	4.08	3.63	1.58	1.87	3.53	3.31	1.78	2.27	5.20	6.61	4.84	3.67	4.99	4.92	3.61	2.89	4.71	6.63	5.30	3.38	2.77	3.19	4.43	4.78	3.46	2.61	2.46	2.50	2.67	2.81	2.91	2.21	1.78	
4.30	4.43	4.60	4.59	4.58	4.57	4.55	4.49	4.38	4.30	4.19	4.04	3.90	3.65	3.29	2.89	2.51	3.01	4.80	6.23	7.10	7.97	7.64	5.59	5.08	4.82	2.15	0.84	1.93	3.41	2.81	1.49	3.12	6.33	4.72	2.07	2.15	3.68	4.58	3.74	4.03	7.01	6.39	4.32	3.08	2.59	4.23	5.53	4.41	3.20	2.59	2.34	2.50	2.99	3.17	2.21	1.68	
4.27	4.41	4.57	4.57	4.57	4.54	4.50	4.44	4.36	4.31	4.17	3.97	3.87	3.78	3.50	3.20	2.85	2.55	3.29	5.06	6.47	7.76	8.78	8.64	8.36	7.55	4.17	1.84	1.45	2.31	3.03	1.81	2.81	6.09	5.86	3.15	1.48	1.46	3.27	4.39	4.56	7.32	7.68	5.21	3.68	2.85	3.88	5.48	4.91	3.71	3.03	2.60	2.41	2.76	3.41	2.79	2.18	
4.26	4.40	4.59	4.59	4.58	4.55	4.49	4.39	4.32	4.34	4.21	3.92	3.83	3.84	3.71	3.44	3.07	2.50	2.08	2.30	3.12	4.38	6.01	7.29	8.55	9.52	8.00	4.38	2.66	2.79	3.06	2.50	2.78	4.70	6.13	5.26	3.57	1.77	1.69	2.98	4.20	6.18	7.71	6.51	3.98	2.62	3.23	4.93	4.81	3.84	3.21	2.98	2.63	2.29	2.75	3.05	2.81	
4.25	4.36	4.54	4.58	4.58	4.54	4.46	4.36	4.27	4.36	4.30	3.91	3.83	3.88	3.79	3.58	3.11	2.62	2.14	1.83	1.89	2.45	3.70	4.69	5.49	7.77	9.48	7.60	5.03	5.07	4.51	3.15	2.38	3.07	4.78	4.67	4.21	3.01	2.16	2.34	3.58	4.81	6.85	6.67	3.79	3.17	3.65	3.65	4.27	3.55	2.41	2.67	3.18	2.29	1.60	2.60	3.12	
4.28	4.37	4.50	4.50	4.51	4.50	4.44	4.37	4.28	4.38	4.39	4.00	3.89	3.93	3.84	3.71	3.27	2.75	2.43	2.18	1.96	2.06	2.47	3.37	4.36	5.14	7.06	7.86	6.51	6.27	6.28	4.34	2.85	3.41	4.23	3.24	2.88	2.89	2.46	2.32	3.51	5.36	7.01	6.13	4.07	4.28	4.21	2.56	3.23	3.33	1.96	1.87	3.16	2.84	1.37	1.99	2.86	
4.30	4.40	4.52	4.48	4.42	4.42	4.42	4.41	4.38	4.41	4.41	4.17	4.03	3.96	3.81	3.70	3.40	2.88	2.59	2.46	2.24	2.15	2.05	2.50	3.70	4.14	4.64	5.98	5.35	5.07	6.88	5.73	3.70	3.82	4.57	3.49	2.27	2.36	2.53	2.36	3.27	5.50	6.79	6.48	5.51	5.22	4.07	2.41	2.61	3.44	2.65	1.54	2.29	2.95	1.83	1.62	2.14	
4.37	4.45	4.64	4.62	4.48	4.43	4.44	4.50	4.54	4.45	4.33	4.23	4.16	4.09	3.89	3.65	3.43	2.97	2.66	2.61	2.48	2.33	2.15	2.14	2.76	3.58	4.21	4.72	4.24	5.00	6.98	6.73	4.77	3.18	4.01	4.48	3.14	2.53	2.59	2.67	3.75	4.94	5.63	6.70	6.99	5.80	4.55	3.25	2.60	3.48	3.20	1.66	1.74	2.52	2.07	1.29	1.30	
4.47	4.43	4.57	4.67	4.53	4.44	4.39	4.47	4.54	4.36	4.22	4.17	4.21	4.31	4.10	3.77	3.57	3.11	2.78	2.65	2.53	2.47	2.33	2.19	2.33	3.16	4.14	4.31	4.15	5.08	5.92	6.58	6.43	3.72	2.55	3.80	3.74	2.68	2.17	2.93	4.00	4.38	4.28	5.96	7.41	6.00	4.88	3.69	2.87	3.54	3.19	2.21	2.02	2.39	1.90	0.98	0.75	
4.69	4.47	4.35	4.44	4.35	4.22	4.18	4.28	4.42	4.29	4.13	4.04	4.10	4.48	4.31	3.88	3.78	3.36	3.00	2.74	2.57	2.64	2.57	2.42	2.44	3.06	3.78	4.18	4.34	4.60	4.79	5.42	7.01	5.77	2.50	2.31	3.12	2.79	2.40	3.02	3.66	3.93	3.91	5.82	7.28	5.72	4.74	4.33	3.20	3.62	3.37	2.55	2.46	2.45	1.76	0.95	0.77	
5.02	4.77	4.42	4.30	4.18	4.02	3.99	4.14	4.25	4.24	4.07	3.88	3.80	4.28	4.42	3.98	3.88	3.62	3.32	2.83	2.60	2.78	2.77	2.64	2.66	3.09	3.46	4.05	4.45	4.08	4.08	4.28	5.91	6.78	4.16	2.69	2.94	3.60	3.94	2.91	2.86	3.97	4.26	5.64	7.02	5.78	4.34	3.95	3.40	3.75	3.89	2.84	2.36	2.24	1.57	0.86	0.65	
5.32	5.08	4.66	4.40	4.24	4.03	3.88	3.95	4.09	4.13	4.05	3.87	3.59	3.79	4.13	4.00	3.79	3.71	3.65	3.01	2.67	2.91	2.95	2.93	2.91	3.08	3.46	3.99	4.26	3.94	3.77	3.53	4.42	6.18	4.90	3.37	3.02	4.20	5.05	3.03	2.87	4.13	4.06	4.86	6.85	6.75	4.07	3.15	3.33	4.12	4.26	2.98	2.03	2.00	1.84	1.01	0.62	
5.69	5.33	4.82	4.53	4.29	4.09	3.82	3.70	3.85	3.97	3.98	3.96	3.69	3.61	3.84	3.92	3.68	3.67	3.83	3.24	2.81	3.00	3.10	3.13	3.15	3.23	3.52	3.86	4.01	3.95	3.70	3.27	3.59	4.60	4.27	3.65	2.96	3.86	5.47	4.33	4.09	3.71	2.96	3.98	6.29	7.65	5.82	3.58	3.53	4.44	4.15	2.84	1.92	1.93	2.00	1.20	0.74	
6.15	5.64	5.11	4.86	4.42	4.16	3.89	3.56	3.57	3.73	3.84	3.92	3.79	3.65	3.77	3.88	3.67	3.66	3.91	3.46	2.95	3.05	3.19	3.24	3.33	3.48	3.61	3.72	3.88	3.93	3.67	3.28	3.21	2.97	2.86	3.26	3.11	3.85	5.31	5.62	5.12	2.65	1.53	2.96	5.28	6.97	7.01	5.31	3.50	3.88	4.37	2.98	1.94	2.14	2.08	1.07	0.67	
6.43	5.91	5.46	5.42	4.93	4.38	4.14	3.64	3.31	3.46	3.67	3.78	3.75	3.64	3.72	3.84	3.66	3.67	4.00	3.67	3.09	3.11	3.26	3.32	3.42	3.62	3.70	3.73	3.85	3.84	3.64	3.38	3.08	2.15	1.63	2.26	3.01	3.79	4.92	6.29	5.73	2.23	1.22	2.17	4.38	6.24	6.70	6.17	3.92	3.12	4.10	3.65	2.54	2.54	2.22	1.03	0.63	
6.33	6.04	5.72	5.82	5.54	4.82	4.60	4.06	3.23	3.19	3.51	3.68	3.72	3.71	3.71	3.72	3.57	3.61	4.04	3.85	3.22	3.18	3.33	3.40	3.48	3.61	3.75	3.82	3.84	3.75	3.61	3.48	3.11	2.15	1.58	1.92	2.88	3.64	4.67	6.64	5.61	2.26	1.49	2.04	4.35	6.82	6.69	5.56	4.57	3.40	3.06	3.61	3.47	3.11	2.54	1.18	0.63	
5.95	5.96	6.10	6.18	5.87	5.24	5.15	4.73	3.50	3.08	3.34	3.58	3.69	3.92	3.97	3.58	3.38	3.55	3.97	3.88	3.34	3.26	3.41	3.50	3.54	3.62	3.76	3.83	3.82	3.77	3.68	3.54	3.25	2.50	1.88	2.17	2.94	3.42	4.59	6.55	5.31	2.02	1.50	2.96	5.22	6.85	6.92	4.77	3.54	3.63	2.89	3.19	3.61	3.51	3.01	1.49	0.68	
5.47	5.67	6.39	6.84	6.18	5.58	5.73	5.42	4.15	3.35	3.31	3.48	3.56	4.18	4.45	3.56	3.24	3.52	3.77	3.72	3.36	3.32	3.46	3.56	3.58	3.68	3.77	3.76	3.80	3.85	3.82	3.64	3.41	2.87	2.28	2.53	3.15	3.36	4.27	6.24	4.87	1.83	2.04	4.31	5.08	5.92	7.47	5.26	2.16	2.77	3.60	3.65	3.33	3.20	3.34	2.05	1.12	
4.95	5.15	6.17	7.19	6.67	6.01	6.29	6.11	5.03	3.98	3.60	3.42	3.51	4.65	4.94	3.68	3.43	3.66	3.54	3.38	3.23	3.28	3.47	3.57	3.59	3.75	3.80	3.74	3.81	3.89	3.93	3.79	3.53	3.22	2.79	2.86	3.27	3.28	3.81	5.35	4.31	2.25	3.30	4.79	4.51	5.26	7.48	5.72	1.92	2.29	4.32	4.59	3.19	2.31	2.91	2.81	2.13	
4.58	4.59	5.40	6.68	6.47	5.95	6.26	6.32	5.65	4.70	4.05	3.36	3.59	5.39	5.43	3.78	3.75	4.03	3.52	3.00	2.97	3.14	3.40	3.55	3.60	3.76	3.84	3.80	3.86	3.92	3.96	3.89	3.68	3.52	3.24	3.08	3.27	3.24	3.54	4.24	3.97	3.41	3.98	4.65	4.24	5.57	7.09	4.43	2.06	2.60	5.32	4.81	3.01	1.94	2.10	3.04	3.04	
4.69	4.59	5.09	6.02	6.03	5.68	5.80	5.95	5.76	5.18	4.35	3.40	3.82	6.09	5.90	3.92	3.87	4.40	3.83	2.83	2.69	2.94	3.20	3.49	3.61	3.73	3.86	3.90	3.94	3.96	3.99	3.94	3.81	3.73	3.54	3.29	3.29	3.28	3.49	3.69	3.91	4.43	4.31	4.39	4.18	5.70	6.47	3.02	1.70	3.98	5.97	4.13	3.01	2.31	2.11	3.12	3.23	
4.95	4.98	5.41	5.99	6.18	5.98	5.80	5.49	5.48	5.33	4.31	3.41	4.07	6.65	6.31	4.46	3.87	4.33	4.33	3.16	2.68	2.74	2.96	3.32	3.59	3.71	3.81	3.99	4.06	3.99	4.02	4.01	3.92	3.86	3.74	3.52	3.39	3.46	3.65	3.65	4.16	4.92	4.39	4.12	4.15	5.33	5.56	2.32	2.00	5.43	6.13	3.43	3.12	3.03	2.50	2.78	2.56	
5.02	5.09	5.35	5.96	6.35	6.36	6.40	5.54	4.96	4.84	4.14	3.35	3.87	6.19	6.89	5.33	3.96	3.93	4.54	4.08	3.11	2.58	2.70	3.17	3.49	3.67	3.81	4.04	4.15	4.05	4.04	4.08	4.04	3.97	3.90	3.73	3.58	3.70	3.89	3.82	4.20	4.81	4.29	4.09	4.21	4.90	4.75	2.34	3.09	5.89	5.87	3.40	3.14	3.72	2.90	2.24	1.91	
5.21	5.07	5.04	5.67	6.14	6.41	6.81	6.17	4.79	3.63	3.91	4.54	4.22	5.12	6.72	5.77	4.05	3.49	4.34	5.07	3.88	2.44	2.47	3.11	3.38	3.58	3.86	4.08	4.15	4.11	4.08	4.15	4.13	4.08	4.05	3.93	3.81	3.91	4.09	3.94	3.98	4.42	4.42	4.40	4.34	4.53	4.19	3.24	4.18	5.00	5.36	4.28	3.11	3.78	3.27	1.95	1.57	
5.58	5.04	4.99	5.74	6.36	6.87	6.96	6.77	5.35	2.63	2.87	5.32	5.73	5.29	6.12	5.53	4.13	3.25	3.92	5.45	4.59	2.55	2.37	3.12	3.37	3.55	3.87	4.07	4.13	4.13	4.17	4.23	4.20	4.19	4.19	4.10	4.00	4.07	4.20	4.05	3.86	4.11	4.59	4.65	4.43	4.33	4.08	4.14	4.33	3.85	4.94	5.02	2.93	3.34	3.48	1.91	1.36	
5.87	4.98	4.76	5.68	6.80	7.72	7.51	7.30	6.27	3.00	1.53	4.26	6.76	6.22	5.51	5.02	3.96	3.51	3.95	5.03	4.76	3.07	2.54	3.15	3.49	3.64	3.85	4.03	4.12	4.16	4.28	4.31	4.24	4.29	4.32	4.26	4.17	4.19	4.26	4.17	3.86	3.98	4.64	4.75	4.49	4.36	4.23	4.33	4.09	3.73	4.73	4.85	2.87	3.09	3.56	2.07	1.38	
6.10	4.95	4.06	4.99	6.49	7.82	8.31	8.24	7.16	4.24	1.78	3.15	6.68	6.61	5.05	4.73	3.96	4.12	4.49	4.52	4.24	3.42	2.88	3.22	3.62	3.76	3.89	4.01	4.12	4.19	4.33	4.36	4.30	4.38	4.44	4.39	4.32	4.31	4.31	4.28	3.94	4.02	4.72	4.75	4.46	4.40	4.32	4.27	4.12	4.06	4.42	4.22	3.26	3.34	3.34	2.26	1.71	
6.43	5.18	3.46	3.98	5.58	6.63	7.96	9.13	7.86	4.80	3.13	3.68	6.01	5.85	5.14	4.80	4.10	4.69	4.95	4.33	3.70	3.39	3.21	3.33	3.68	3.87	3.99	4.08	4.15	4.21	4.34	4.41	4.37	4.46	4.55	4.50	4.43	4.42	4.38	4.35	4.11	4.19	4.65	4.57	4.35	4.43	4.46	4.37	4.22	4.14	4.06	3.81	3.59	3.46	3.12	2.60	2.34	
6.72	5.76	3.47	3.48	5.47	5.97	6.57	9.34	8.45	5.17	4.39	4.70	5.00	4.56	5.20	5.07	4.11	4.98	5.25	4.30	3.53	3.36	3.41	3.48	3.74	3.95	4.08	4.17	4.21	4.23	4.33	4.43	4.45	4.54	4.62	4.58	4.52	4.50	4.44	4.39	4.29	4.28	4.41	4.39	4.39	4.56	4.62	4.45	4.26	4.11	3.91	3.66	3.59	3.43	3.16	2.98	2.88	
7.02	6.59	3.61	2.38	5.70	6.70	6.09	8.86	8.74	5.67	5.44	5.00	4.10	4.00	4.74	5.00	4.13	4.85	5.52	4.35	3.56	3.45	3.56	3.74	3.89	3.99	4.12	4.24	4.28	4.29	4.34	4.45	4.52	4.59	4.66	4.64	4.58	4.55	4.49	4.43	4.39	4.29	4.28	4.42	4.57	4.67	4.64	4.47	4.28	4.08	3.86	3.65	3.57	3.49	3.36	3.25	3.19	
7.57	7.18	3.96	1.22	4.21	7.17	7.49	8.80	8.51	6.21	5.83	5.13	4.15	4.32	4.36	4.55	4.34	4.67	5.27	4.37	3.65	3.57	3.76	4.06	4.05	4.02	4.13	4.27	4.32	4.34	4.39	4.48	4.56	4.63	4.68	4.67	4.62	4.57	4.52	4.48	4.46	4.38	4.37	4.50	4.64	4.68	4.61	4.47	4.31	4.07	3.85	3.70	3.65	3.61	3.53	3.45	3.40	
7.50	7.49	4.80	1.82	2.52	5.11	8.79	10.03	8.23	6.43	5.81	5.02	4.52	4.49	4.28	4.52	4.70	4.70	4.79	4.15	3.73	3.75	3.99	4.20	4.15	4.17	4.23	4.27	4.32	4.37	4.43	4.51	4.59	4.66	4.70	4.69	4.64	4.59	4.56	4.56	4.55	4.50	4.48	4.54	4.64	4.66	4.58	4.48	4.32	4.09	3.90	3.82	3.80	3.76	3.70	3.61	3.55	
6.50	7.67	6.67	3.37	2.32	2.67	7.06	10.90	8.32	6.48	5.79	4.82	4.61	4.42	4.44	4.74	4.91	4.70	4.60	4.04	3.71	3.92	4.09	4.09	4.19	4.54	4.54	4.26	4.24	4.37	4.46	4.55	4.63	4.69	4.72	4.70	4.66	4.63	4.64	4.65	4.65	4.60	4.56	4.59	4.64	4.64	4.59	4.49	4.34	4.16	4.03	3.98	3.95	3.90	3.84	3.75	3.67	
5.20	7.00	7.93	4.51	2.16	2.22	5.84	10.08	9.13	7.02	5.68	4.85	4.65	4.52	4.74	4.79	4.82	4.73	4.56	4.08	3.77	3.95	4.02	3.82	4.24	5.01	4.87	4.24	4.09	4.31	4.48	4.57	4.64	4.70	4.72	4.69	4.67	4.67	4.70	4.71	4.71	4.67	4.62	4.62	4.64	4.63	4.60	4.51	4.37	4.25	4.18	4.12	4.06	4.00	3.94	3.85	3.78	
4.78	6.81	8.36	5.11	2.14	3.18	6.41	8.06	8.86	8.06	6.26	5.64	5.12	4.89	5.02	4.92	4.98	4.85	4.52	4.07	3.80	3.91	3.88	3.59	4.33	5.36	5.05	4.26	3.98	4.24	4.51	4.57	4.65	4.70	4.73	4.71	4.71	4.73	4.76	4.77	4.77	4.73	4.68	4.66	4.67	4.67	4.64	4.54	4.42	4.35	4.31	4.25	4.17	4.10	4.04	3.94	3.86	
4.82	7.18	8.90	5.47	2.68	5.21	7.24	5.80	6.42	7.53	6.83	6.76	6.22	5.48	5.36	5.27	5.30	4.99	4.55	4.06	3.74	3.83	3.86	3.68	4.41	5.39	5.20	4.37	3.95	4.21	4.53	4.58	4.65	4.71	4.75	4.74	4.75	4.78	4.81	4.82	4.82	4.78	4.72	4.71	4.72	4.72	4.67	4.58	4.49	4.45	4.42	4.36	4.27	4.19	4.12	4.02	3.94	
3.97	6.47	9.08	7.49	5.09	6.65	6.52	4.79	4.86	5.58	5.90	6.40	6.75	6.11	5.62	5.64	5.55	5.59	4.86	3.91	3.71	3.81	3.94	3.93	4.40	5.16	5.24	4.50	4.01	4.26	4.54	4.60	4.67	4.74	4.78	4.78	4.80	4.82	4.84	4.86	4.86	4.82	4.78	4.78	4.78	4.77	4.72	4.63	4.56	4.53	4.51	4.44	4.35	4.27	4.19	4.09	4.02	
3.50	5.08	7.84	8.28	7.53	7.12	5.75	4.92	4.83	4.98	5.68	5.97	6.11	6.16	5.81	5.57	5.77	6.01	4.80	3.86	3.99	4.10	3.97	4.03	4.48	4.96	5.08	4.59	4.23	4.40	4.56	4.64	4.72	4.78	4.80	4.81	4.83	4.85	4.88	4.90	4.90	4.88	4.86	4.85	4.84	4.82	4.77	4.69	4.63	4.61	4.58	4.51	4.43	4.35	4.26	4.17	4.10	
4.38	5.12	7.40	8.02	7.33	7.22	6.13	5.54	5.20	5.20	6.42	6.51	5.08	5.47	5.91	4.97	5.93	5.66	4.39	4.35	4.45	4.39	3.95	4.02	4.56	4.92	4.87	4.62	4.52	4.52	4.60	4.72	4.76	4.83	4.83	4.83	4.84	4.87	4.90	4.92	4.94	4.94	4.93	4.93	4.91	4.86	4.82	4.75	4.70	4.68	4.64	4.57	4.50	4.42	4.34	4.23	4.18	
5.37	6.30	8.31	7.45	5.65	5.98	6.29	6.39	5.64	5.96	7.54	6.82	4.69	4.94	5.67	4.68	5.47	5.08	4.15	4.90	4.80	4.36	4.06	3.99	4.63	5.11	4.87	4.66	4.66	4.62	4.67	4.77	4.82	4.87	4.86	4.86	4.86	4.89	4.93	4.96	5.00	5.01	5.02	5.01	4.95	4.91	4.87	4.80	4.76	4.75	4.71	4.63	4.57	4.49	4.40	4.31	4.26	
5.07	7.18	9.00	6.82	5.27	5.08	4.51	5.66	6.42	7.45	8.31	6.89	5.06	4.52	5.02	4.82	4.52	4.71	4.48	4.87	4.72	4.20	4.12	4.14	4.98	5.37	5.04	4.67	4.55	4.65	4.67	4.89	4.93	4.84	4.91	4.96	4.90	4.90	4.97	5.02	5.07	5.08	5.10	5.08	4.99	4.95	4.91	4.85	4.82	4.81	4.76	4.67	4.61	4.55	4.46	4.39	4.36	
4.41	7.42	9.58	6.87	5.94	5.73	3.72	3.16	5.34	8.10	9.10	7.72	5.85	4.88	4.86	4.42	4.11	5.02	4.95	4.51	4.20	4.02	4.00	4.47	5.51	5.61	5.18	4.44	4.39	4.74	4.72	5.07	4.98	4.77	5.12	5.10	4.90	4.90	5.00	5.07	5.13	5.15	5.16	5.12	5.03	5.00	4.98	4.94	4.90	4.87	4.79	4.71	4.65	4.58	4.53	4.50	4.46	
4.54	7.20	9.12	7.55	6.66	6.34	4.41	2.73	3.50	6.39	8.99	8.74	6.89	5.92	4.80	3.71	4.55	5.26	4.84	4.38	4.03	4.06	4.09	4.68	5.80	5.81	4.80	4.06	4.66	5.03	4.85	5.12	4.95	4.86	5.26	5.13	4.85	4.90	4.98	5.09	5.16	5.20	5.20	5.15	5.11	5.10	5.07	5.02	4.94	4.88	4.79	4.70	4.62	4.59	4.60	4.60	4.59	
5.37	6.77	8.33	7.93	7.14	6.35	5.35	3.64	3.63	5.04	7.27	8.78	8.08	6.45	4.77	4.30	5.05	5.05	4.72	4.58	4.41	4.45	4.41	4.89	5.72	5.40	4.15	4.19	5.33	5.18	4.86	4.97	4.82	4.97	5.34	5.21	4.91	4.87	4.95	5.08	5.16	5.22	5.26	5.25	5.22	5.19	5.13	5.05	4.94	4.84	4.75	4.65	4.51	4.41	4.50	4.72	4.83	
7.06	7.27	7.90	7.65	6.70	6.31	5.74	4.84	4.29	4.71	5.70	8.04	8.77	5.89	4.32	5.19	5.58	5.12	4.91	4.90	4.72	4.64	4.56	4.95	5.16	4.51	4.00	4.91	5.66	5.09	4.96	4.87	4.78	5.20	5.61	5.51	5.03	4.70	4.75	4.97	5.13	5.27	5.41	5.39	5.31	5.24	5.16	5.08	4.93	4.76	4.58	4.42	4.15	4.15	4.62	5.09	5.31	
8.79	8.60	8.11	6.55	5.69	5.89	5.93	5.88	5.32	4.93	4.99	6.94	8.45	5.88	4.02	5.30	6.19	5.53	5.00	5.04	4.75	4.59	4.62	4.86	4.70	4.11	4.25	5.51	5.64	5.13	5.36	5.33	5.55	5.87	5.87	5.52	4.78	4.18	4.36	4.99	5.26	5.45	5.63	5.52	5.37	5.29	5.20	5.11	4.91	4.68	4.36	4.35	4.37	4.65	5.21	5.53	5.65	
9.78	9.97	8.30	5.71	5.06	5.01	5.44	6.37	6.22	5.68	5.27	5.99	7.32	5.92	4.22	5.25	6.64	5.84	5.05	5.05	4.84	4.66	4.52	4.68	4.64	4.46	4.86	5.94	5.91	5.44	6.10	6.52	6.22	5.69	5.15	4.74	4.03	3.52	4.17	5.18	5.55	5.70	5.73	5.54	5.44	5.36	5.27	5.13	4.99	4.74	4.61	5.09	5.35	5.35	5.46	5.52	5.57	
9.08	10.15	8.61	5.64	4.88	4.42	4.56	5.92	7.22	6.65	5.65	5.00	5.54	5.38	4.18	5.45	6.83	5.88	5.40	5.47	5.13	4.77	4.45	4.37	4.66	5.21	5.75	6.53	6.46	5.87	6.60	6.62	5.07	4.32	3.98	3.87	3.66	3.43	4.27	5.42	6.11	6.18	5.73	5.56	5.65	5.52	5.35	5.22	5.16	5.01	5.20	5.62	5.43	5.05	5.21	5.42	5.49	
7.53	10.16	9.40	6.01	4.79	4.36	4.19	4.84	7.40	7.49	5.91	4.49	4.26	4.45	3.82	5.67	6.85	5.50	5.74	6.17	5.42	4.75	4.51	4.23	4.93	6.21	6.78	7.08	6.42	5.70	6.01	5.55	3.95	3.49	3.60	3.62	3.71	3.77	4.37	5.83	7.26	6.82	5.67	5.65	5.96	5.76	5.52	5.38	5.31	5.29	5.42	5.38	5.06	4.95	5.23	5.42	5.40	
5.89	9.94	10.89	6.94	5.24	4.89	4.69	5.44	6.94	7.00	6.17	4.83	4.05	4.02	3.94	5.70	6.64	5.00	5.85	6.52	5.44	5.04	4.86	5.03	6.18	7.03	7.06	6.65	5.60	5.08	4.98	4.48	3.46	3.24	3.81	3.88	4.02	4.33	4.69	6.76	8.50	6.97	5.63	6.01	6.16	5.92	5.66	5.40	5.36	5.43	5.40	5.29	5.21	5.16	5.28	5.40	5.36	
4.43	9.28	11.91	8.17	6.35	5.71	5.26	5.86	6.20	5.89	5.44	4.94	4.77	4.57	4.43	5.57	6.17	5.00	5.97	6.21	5.39	5.67	5.56	6.09	6.56	6.41	6.12	5.53	5.08	4.63	4.04	3.79	3.47	3.57	4.13	4.12	4.65	5.27	5.59	7.74	8.90	6.73	5.77	6.02	5.86	5.78	5.51	5.24	5.35	5.47	5.45	5.43	5.36	5.28	5.51	5.55	5.35	
3.32	7.31	11.41	9.78	7.50	6.44	5.59	5.55	5.56	5.26	4.33	4.71	5.75	5.38	4.69	5.37	5.77	5.47	6.11	5.47	5.54	6.20	5.72	6.24	5.98	5.50	5.39	4.93	4.78	4.32	3.68	3.70	4.01	4.32	4.22	4.31	5.56	5.99	5.96	7.82	8.62	6.44	5.23	5.22	5.28	5.45	5.31	5.18	5.35	5.52	5.59	5.58	5.48	5.46	5.65	5.45	5.10	
3.87	5.37	9.69	11.37	8.80	7.04	6.17	5.31	4.89	4.68	4.12	4.92	6.49	5.60	4.77	5.40	6.09	6.17	6.00	5.00	5.48	6.27	5.59	6.01	5.79	5.07	4.92	4.51	4.38	4.37	4.03	4.00	4.63	4.85	4.38	4.67	5.95	5.94	5.71	7.59	8.14	6.14	4.82	4.90	5.12	5.27	5.52	5.45	5.48	5.70	5.76	5.67	5.53	5.41	5.31	5.15	5.03	
5.19	4.12	6.69	12.11	11.28	8.58	6.90	4.81	3.77	3.79	4.16	5.37	6.75	5.57	4.75	5.62	6.74	6.56	5.54	4.67	4.87	6.09	5.83	5.71	5.60	5.00	4.58	4.13	4.16	4.68	4.76	4.29	4.79	5.25	4.74	4.85	5.57	5.32	5.53	7.76	8.10	6.29	5.39	5.34	5.21	5.63	6.00	5.60	5.65	5.92	5.84	5.70	5.56	5.36	5.21	5.31	5.41	
5.87	3.56	3.85	10.53	13.05	9.89	6.52	4.68	3.53	3.75	4.29	5.28	6.46	5.90	4.77	5.90	7.00	5.99	5.02	4.41	4.75	6.14	6.27	5.69	5.38	5.28	4.49	3.85	4.28	5.01	5.25	4.45	4.82	5.52	5.02	4.78	5.05	4.58	5.76	8.72	8.46	6.77	6.19	5.70	5.56	6.02	5.69	5.25	5.91	6.08	5.78	5.67	5.56	5.42	5.49	5.57	5.48	
5.77	3.97	3.22	8.22	13.46	10.94	6.19	4.78	4.12	4.46	4.61	4.72	5.76	6.08	5.40	6.13	6.50	5.52	4.81	4.46	5.14	6.42	6.68	6.20	5.63	5.51	4.37	3.52	4.35	5.33	5.57	4.64	4.76	5.54	5.23	4.80	4.69	4.48	6.66	9.71	8.87	7.44	6.57	5.79	5.66	5.13	4.56	5.46	6.32	5.85	5.62	5.69	5.59	5.52	5.57	5.43	5.17	
5.39	4.46	4.47	7.97	12.71	11.95	7.27	5.07	4.45	4.59	4.93	4.83	5.33	6.27	6.38	6.00	5.64	5.79	4.89	4.35	5.44	6.94	7.54	6.89	5.65	4.91	4.14	3.48	4.44	5.74	5.74	4.48	4.62	5.68	5.43	4.66	4.46	5.14	7.58	10.50	9.61	7.27	5.77	5.06	4.70	3.75	4.30	6.42	6.31	5.54	5.88	5.90	5.68	5.56	5.41	5.26	5.16	
5.69	5.28	5.99	8.31	10.58	10.87	8.84	6.18	4.64	4.41	4.63	5.47	6.20	6.94	6.62	5.51	5.39	6.28	5.01	3.91	5.92	8.20	8.28	6.35	4.44	4.20	4.32	3.74	4.51	5.70	5.62	4.36	4.75	5.91	5.17	4.47	4.46	5.85	9.43	11.50	9.00	5.55	4.23	4.12	4.06	3.69	5.09	6.78	5.83	5.75	6.50	6.18	5.74	5.47	5.36	5.37	5.39	
7.69	6.61	6.68	8.26	8.76	8.52	8.78	7.48	4.87	4.26	3.93	5.40	7.81	7.34	5.85	5.52	6.30	6.25	4.30	3.90	6.90	9.35	7.56	4.78	3.90	4.54	4.53	3.91	4.83	5.26	5.30	5.08	5.28	5.56	4.64	4.85	5.08	7.19	11.53	10.68	6.82	4.30	3.68	4.55	4.88	4.44	5.36	6.48	6.32	7.10	7.30	6.34	5.60	5.37	5.41	5.49	5.54	
9.91	7.43	6.37	7.59	7.45	6.69	7.31	7.60	5.06	3.91	3.82	5.33	8.26	7.57	5.92	6.45	7.00	5.34	3.67	4.55	8.06	9.71	6.21	3.97	4.61	5.14	4.20	4.08	5.36	4.94	5.10	5.91	5.57	4.69	4.55	5.74	6.73	10.23	11.97	8.31	5.05	3.95	4.38	5.39	5.00	4.44	5.28	7.19	8.51	8.45	7.19	6.01	5.42	5.30	5.43	5.60	5.73	
10.27	7.82	6.15	7.11	7.46	6.84	6.29	6.45	4.79	3.70	4.54	5.83	7.08	7.59	7.23	7.63	6.36	4.27	3.77	5.02	9.13	9.70	4.90	3.97	5.81	5.22	3.68	4.51	5.67	4.89	5.00	5.91	5.87	4.68	5.40	7.98	9.45	11.43	9.38	4.92	3.89	4.62	5.73	4.92	4.28	5.31	6.65	8.95	9.35	7.17	5.75	5.41	4.97	4.77	5.06	5.60	5.95	
9.72	7.24	6.57	8.13	8.83	7.85	5.66	4.48	3.98	4.03	5.07	6.03	6.28	6.92	8.14	7.97	5.46	4.37	3.89	5.73	10.32	8.84	4.38	4.73	6.67	5.17	3.20	4.82	6.04	4.91	4.68	5.57	6.46	5.96	7.98	10.84	10.73	9.59	6.67	4.52	5.72	7.07	6.47	4.21	4.59	7.32	8.30	9.13	7.91	5.87	5.12	4.48	3.85	3.97	4.77	5.86	6.57	
8.79	6.08	5.95	9.27	9.83	7.69	4.93	3.23	3.43	4.52	4.82	6.09	6.73	6.09	7.38	7.71	5.83	5.01	4.16	7.50	10.58	7.32	4.65	5.87	6.82	4.72	3.20	5.21	6.50	4.76	4.28	5.79	7.83	8.77	10.44	10.82	8.64	7.08	6.44	6.92	8.26	7.89	5.73	4.55	6.40	8.80	8.54	7.78	6.44	4.89	3.71	3.41	3.62	4.32	5.26	6.47	7.41	
7.91	5.28	5.10	9.57	9.99	7.50	5.72	3.56	3.24	4.69	5.18	6.63	6.67	5.32	6.85	7.11	6.31	5.59	5.11	8.87	10.01	6.14	4.86	6.76	6.36	4.46	4.23	6.04	6.29	4.24	4.25	6.99	10.19	10.79	9.77	8.52	6.59	5.85	6.27	7.06	7.09	5.48	3.92	5.34	8.00	8.24	7.35	6.61	5.33	3.96	3.68	4.70	5.55	6.22	6.69	7.16	7.77	
7.30	5.65	5.44	8.77	8.95	7.59	6.86	4.87	3.83	5.19	6.50	7.08	6.15	5.78	7.55	7.22	6.76	6.54	6.59	8.69	8.23	5.20	5.31	6.85	5.73	4.88	5.75	6.58	6.64	6.07	6.82	8.95	10.15	8.30	6.47	6.09	5.36	5.27	5.70	5.91	5.55	4.33	3.74	5.79	7.03	5.91	6.13	5.98	4.84	4.80	5.74	6.65	6.86	7.03	7.15	7.09	7.23	
7.11	5.82	5.70	7.78	8.18	7.84	7.70	5.99	4.45	6.05	7.25	7.01	6.40	7.24	8.19	7.33	7.20	7.55	7.59	8.06	7.07	5.11	5.62	6.64	5.54	5.48	6.50	7.02	7.74	8.74	9.81	10.45	9.05	6.17	5.31	5.39	5.05	5.10	5.43	5.52	5.27	4.50	4.36	5.98	5.96	4.99	5.77	5.64	4.61	5.34	6.33	6.63	6.48	6.52	6.58	6.56	6.67	
