autotest/output/original/cli_wxModelInitialization_local_model/mackay_07-13-2013_1500_393m_cld.asc
ncols	57
nrows	71
xllcorner	279635.000000
yllcorner	4850745.000000
cellsize	393.466398
NODATA_value	-9999.000000
5.6	5.6	5.6	5.7	5.7	5.7	5.7	5.8	5.8	5.8	5.9	5.9	6.0	6.1	6.3	6.4	6.5	6.6	6.8	6.9	7.0	7.1	7.2	7.4	7.5	7.6	7.7	7.9	8.0	8.1	8.2	8.4	8.5	8.6	8.7	8.8	9.0	9.1	9.2	9.3	9.5	9.5	9.5	9.5	9.5	9.6	9.6	9.6	9.6	9.6	9.6	9.7	9.7	9.7	9.7	9.7	9.8	
5.7	5.7	5.8	5.8	5.9	5.9	5.9	6.0	6.0	6.1	6.1	6.2	6.3	6.4	6.5	6.6	6.7	6.9	7.0	7.1	7.2	7.3	7.4	7.6	7.7	7.8	7.9	8.0	8.1	8.3	8.4	8.5	8.6	8.7	8.8	8.9	9.1	9.2	9.3	9.4	9.5	9.6	9.6	9.6	9.6	9.6	9.6	9.6	9.7	9.7	9.7	9.7	9.7	9.7	9.8	9.8	9.8	
5.8	5.9	5.9	6.0	6.0	6.1	6.2	6.2	6.3	6.3	6.4	6.4	6.6	6.7	6.8	6.9	7.0	7.1	7.2	7.3	7.4	7.5	7.6	7.7	7.9	8.0	8.1	8.2	8.3	8.4	8.5	8.6	8.7	8.8	8.9	9.1	9.2	9.3	9.4	9.5	9.6	9.6	9.6	9.6	9.7	9.7	9.7	9.7	9.7	9.7	9.7	9.8	9.8	9.8	9.8	9.8	9.8	
5.9	6.0	6.1	6.1	6.2	6.3	6.4	6.4	6.5	6.6	6.6	6.7	6.8	6.9	7.0	7.1	7.2	7.3	7.4	7.5	7.6	7.7	7.8	7.9	8.0	8.1	8.2	8.3	8.4	8.5	8.6	8.8	8.9	9.0	9.1	9.2	9.3	9.4	9.5	9.6	9.7	9.7	9.7	9.7	9.7	9.7	9.7	9.8	9.8	9.8	9.8	9.8	9.8	9.8	9.8	9.8	9.9	
6.1	6.1	6.2	6.3	6.4	6.5	6.6	6.6	6.7	6.8	6.9	7.0	7.1	7.2	7.3	7.4	7.5	7.6	7.7	7.7	7.8	7.9	8.0	8.1	8.2	8.3	8.4	8.5	8.6	8.7	8.8	8.9	9.0	9.1	9.2	9.3	9.4	9.5	9.5	9.6	9.7	9.8	9.8	9.8	9.8	9.8	9.8	9.8	9.8	9.8	9.8	9.8	9.8	9.9	9.9	9.9	9.9	
6.2	6.3	6.4	6.5	6.6	6.7	6.8	6.9	7.0	7.1	7.2	7.3	7.3	7.4	7.5	7.6	7.7	7.8	7.9	8.0	8.0	8.1	8.2	8.3	8.4	8.5	8.6	8.7	8.8	8.8	8.9	9.0	9.1	9.2	9.3	9.4	9.5	9.5	9.6	9.7	9.8	9.8	9.8	9.8	9.8	9.8	9.8	9.9	9.9	9.9	9.9	9.9	9.9	9.9	9.9	9.9	9.9	
6.3	6.4	6.5	6.6	6.8	6.9	7.0	7.1	7.2	7.3	7.4	7.5	7.6	7.7	7.8	7.9	7.9	8.0	8.1	8.2	8.3	8.3	8.4	8.5	8.6	8.7	8.7	8.8	8.9	9.0	9.1	9.1	9.2	9.3	9.4	9.5	9.5	9.6	9.7	9.8	9.9	9.9	9.9	9.9	9.9	9.9	9.9	9.9	9.9	9.9	9.9	9.9	9.9	9.9	9.9	9.9	9.9	
6.4	6.6	6.7	6.8	6.9	7.1	7.2	7.3	7.4	7.6	7.7	7.8	7.9	8.0	8.0	8.1	8.2	8.2	8.3	8.4	8.5	8.5	8.6	8.7	8.8	8.8	8.9	9.0	9.1	9.1	9.2	9.3	9.4	9.4	9.5	9.6	9.6	9.7	9.8	9.9	9.9	9.9	10.0	10.0	10.0	10.0	10.0	10.0	10.0	10.0	10.0	10.0	10.0	10.0	10.0	10.0	10.0	
6.5	6.7	6.8	6.9	7.1	7.2	7.3	7.5	7.6	7.8	7.9	8.0	8.1	8.2	8.2	8.3	8.4	8.4	8.5	8.6	8.6	8.7	8.8	8.8	8.9	9.0	9.0	9.1	9.2	9.2	9.3	9.4	9.5	9.5	9.6	9.7	9.7	9.8	9.9	9.9	10.0	10.0	10.0	10.0	10.0	10.0	10.0	10.0	10.0	10.0	10.0	10.0	10.0	10.0	10.0	10.0	10.0	
6.5	6.7	6.8	7.0	7.1	7.3	7.4	7.5	7.7	7.8	8.0	8.1	8.2	8.2	8.3	8.4	8.4	8.5	8.6	8.6	8.7	8.8	8.8	8.9	8.9	9.0	9.1	9.1	9.2	9.3	9.3	9.4	9.5	9.5	9.6	9.7	9.7	9.8	9.9	9.9	10.0	10.0	10.0	10.0	10.0	10.0	10.0	10.0	10.0	10.0	10.0	10.0	10.0	10.0	10.0	10.0	10.0	
6.6	6.7	6.9	7.0	7.1	7.3	7.4	7.6	7.7	7.9	8.0	8.2	8.2	8.3	8.4	8.4	8.5	8.5	8.6	8.7	8.7	8.8	8.9	8.9	9.0	9.0	9.1	9.2	9.2	9.3	9.4	9.4	9.5	9.6	9.6	9.7	9.7	9.8	9.9	9.9	10.0	10.0	10.0	10.0	10.0	10.0	10.0	10.0	10.0	10.0	10.0	10.0	10.0	10.0	10.0	10.0	10.0	
6.6	6.7	6.9	7.0	7.2	7.3	7.5	7.6	7.8	7.9	8.1	8.2	8.3	8.4	8.4	8.5	8.5	8.6	8.7	8.7	8.8	8.8	8.9	9.0	9.0	9.1	9.1	9.2	9.3	9.3	9.4	9.4	9.5	9.6	9.6	9.7	9.8	9.8	9.9	9.9	10.0	10.0	10.0	10.0	10.0	10.0	10.0	10.0	10.0	10.0	10.0	10.0	10.0	10.0	10.0	10.0	10.0	
6.6	6.8	6.9	7.1	7.2	7.4	7.5	7.7	7.8	8.0	8.2	8.3	8.4	8.4	8.5	8.5	8.6	8.7	8.7	8.8	8.8	8.9	8.9	9.0	9.1	9.1	9.2	9.2	9.3	9.4	9.4	9.5	9.5	9.6	9.6	9.7	9.8	9.8	9.9	9.9	10.0	10.0	10.0	10.0	10.0	10.0	10.0	10.0	10.0	10.0	10.0	10.0	10.0	10.0	10.0	10.0	10.0	
6.6	6.8	6.9	7.1	7.3	7.4	7.6	7.7	7.9	8.1	8.2	8.4	8.4	8.5	8.5	8.6	8.6	8.7	8.8	8.8	8.9	8.9	9.0	9.0	9.1	9.2	9.2	9.3	9.3	9.4	9.4	9.5	9.5	9.6	9.7	9.7	9.8	9.8	9.9	9.9	10.0	10.0	10.0	10.0	10.0	10.0	10.0	10.0	10.0	10.0	10.0	10.0	10.0	10.0	10.0	10.0	10.0	
6.6	6.8	7.0	7.1	7.3	7.5	7.6	7.8	8.0	8.1	8.3	8.4	8.5	8.5	8.6	8.7	8.7	8.8	8.8	8.9	8.9	9.0	9.0	9.1	9.1	9.2	9.2	9.3	9.4	9.4	9.5	9.5	9.6	9.6	9.7	9.7	9.8	9.8	9.9	9.9	10.0	10.0	10.0	10.0	10.0	10.0	10.0	10.0	10.0	10.0	10.0	10.0	10.0	10.0	10.0	10.0	10.0	
6.6	6.8	7.0	7.2	7.3	7.5	7.7	7.8	8.0	8.2	8.4	8.5	8.6	8.6	8.7	8.7	8.8	8.8	8.9	8.9	9.0	9.0	9.1	9.1	9.2	9.2	9.3	9.3	9.4	9.4	9.5	9.5	9.6	9.6	9.7	9.7	9.8	9.8	9.9	9.9	10.0	10.0	10.0	10.0	10.0	10.0	10.0	10.0	10.0	10.0	10.0	10.0	10.0	10.0	10.0	10.0	10.0	
6.7	6.8	7.0	7.2	7.4	7.5	7.7	7.9	8.1	8.2	8.4	8.6	8.6	8.7	8.7	8.8	8.8	8.9	8.9	9.0	9.0	9.1	9.1	9.2	9.2	9.3	9.3	9.4	9.4	9.5	9.5	9.6	9.6	9.7	9.7	9.8	9.8	9.8	9.9	9.9	10.0	10.0	10.0	10.0	10.0	10.0	10.0	10.0	10.0	10.0	10.0	10.0	10.0	10.0	10.0	10.0	10.0	
6.7	6.9	7.0	7.2	7.4	7.6	7.8	7.9	8.1	8.3	8.5	8.6	8.7	8.7	8.8	8.8	8.9	8.9	9.0	9.0	9.1	9.1	9.2	9.2	9.2	9.3	9.3	9.4	9.4	9.5	9.5	9.6	9.6	9.7	9.7	9.8	9.8	9.9	9.9	9.9	10.0	10.0	10.0	10.0	10.0	10.0	10.0	10.0	10.0	10.0	10.0	10.0	10.0	10.0	10.0	10.0	10.0	
6.7	6.9	7.1	7.3	7.4	7.6	7.8	8.0	8.2	8.4	8.5	8.7	8.8	8.8	8.8	8.9	8.9	9.0	9.0	9.1	9.1	9.2	9.2	9.2	9.3	9.3	9.4	9.4	9.5	9.5	9.6	9.6	9.6	9.7	9.7	9.8	9.8	9.9	9.9	10.0	10.0	10.0	10.0	10.0	10.0	10.0	10.0	10.0	10.0	10.0	10.0	10.0	10.0	10.0	10.0	10.0	10.0	
6.7	6.9	7.1	7.3	7.5	7.7	7.9	8.0	8.2	8.4	8.6	8.8	8.8	8.9	8.9	8.9	9.0	9.0	9.1	9.1	9.2	9.2	9.2	9.3	9.3	9.4	9.4	9.4	9.5	9.5	9.6	9.6	9.7	9.7	9.7	9.8	9.8	9.9	9.9	10.0	10.0	10.0	10.0	10.0	10.0	10.0	10.0	10.0	10.0	10.0	10.0	10.0	10.0	10.0	10.0	10.0	10.0	
6.7	6.9	7.1	7.3	7.5	7.7	7.9	8.1	8.3	8.5	8.7	8.8	8.9	8.9	9.0	9.0	9.0	9.1	9.1	9.2	9.2	9.2	9.3	9.3	9.4	9.4	9.4	9.5	9.5	9.6	9.6	9.6	9.7	9.7	9.8	9.8	9.8	9.9	9.9	10.0	10.0	10.0	10.0	10.0	10.0	10.0	10.0	10.0	10.0	10.0	10.0	10.0	10.0	10.0	10.0	10.0	10.0	
6.8	7.0	7.2	7.3	7.5	7.7	7.9	8.1	8.3	8.5	8.7	8.9	8.9	9.0	9.0	9.1	9.1	9.1	9.2	9.2	9.2	9.3	9.3	9.4	9.4	9.4	9.5	9.5	9.5	9.6	9.6	9.7	9.7	9.7	9.8	9.8	9.8	9.9	9.9	10.0	10.0	10.0	10.0	10.0	10.0	10.0	10.0	10.0	10.0	10.0	10.0	10.0	10.0	10.0	10.0	10.0	10.0	
6.8	7.0	7.2	7.4	7.6	7.8	8.0	8.2	8.4	8.6	8.8	9.0	9.0	9.0	9.1	9.1	9.2	9.2	9.2	9.3	9.3	9.3	9.4	9.4	9.4	9.5	9.5	9.5	9.6	9.6	9.6	9.7	9.7	9.8	9.8	9.8	9.9	9.9	9.9	10.0	10.0	10.0	10.0	10.0	10.0	10.0	10.0	10.0	10.0	10.0	10.0	10.0	10.0	10.0	10.0	10.0	10.0	
6.8	7.0	7.2	7.4	7.6	7.8	8.0	8.2	8.5	8.7	8.9	9.0	9.1	9.1	9.1	9.2	9.2	9.2	9.3	9.3	9.3	9.4	9.4	9.4	9.5	9.5	9.5	9.6	9.6	9.6	9.7	9.7	9.7	9.8	9.8	9.8	9.9	9.9	9.9	10.0	10.0	10.0	10.0	10.0	10.0	10.0	10.0	10.0	10.0	10.0	10.0	10.0	10.0	10.0	10.0	10.0	10.0	
6.8	7.0	7.2	7.4	7.7	7.9	8.1	8.3	8.5	8.7	8.9	9.1	9.1	9.2	9.2	9.2	9.3	9.3	9.3	9.4	9.4	9.4	9.5	9.5	9.5	9.5	9.6	9.6	9.6	9.7	9.7	9.7	9.8	9.8	9.8	9.8	9.9	9.9	9.9	10.0	10.0	10.0	10.0	10.0	10.0	10.0	10.0	10.0	10.0	10.0	10.0	10.0	10.0	10.0	10.0	10.0	10.0	
6.8	7.0	7.3	7.5	7.7	7.9	8.1	8.3	8.6	8.8	9.0	9.2	9.2	9.2	9.3	9.3	9.3	9.4	9.4	9.4	9.4	9.5	9.5	9.5	9.5	9.6	9.6	9.6	9.7	9.7	9.7	9.7	9.8	9.8	9.8	9.9	9.9	9.9	9.9	10.0	10.0	10.0	10.0	10.0	10.0	10.0	10.0	10.0	10.0	10.0	10.0	10.0	10.0	10.0	10.0	10.0	10.0	
6.8	7.1	7.3	7.5	7.7	8.0	8.2	8.4	8.6	8.8	9.1	9.3	9.3	9.3	9.3	9.4	9.4	9.4	9.4	9.5	9.5	9.5	9.5	9.6	9.6	9.6	9.6	9.7	9.7	9.7	9.7	9.8	9.8	9.8	9.8	9.9	9.9	9.9	9.9	10.0	10.0	10.0	10.0	10.0	10.0	10.0	10.0	10.0	10.0	10.0	10.0	10.0	10.0	10.0	10.0	10.0	10.0	
6.9	7.1	7.3	7.5	7.8	8.0	8.2	8.4	8.7	8.9	9.1	9.3	9.3	9.4	9.4	9.4	9.4	9.5	9.5	9.5	9.5	9.6	9.6	9.6	9.6	9.6	9.7	9.7	9.7	9.7	9.8	9.8	9.8	9.8	9.9	9.9	9.9	9.9	10.0	10.0	10.0	10.0	10.0	10.0	10.0	10.0	10.0	10.0	10.0	10.0	10.0	10.0	10.0	10.0	10.0	10.0	10.0	
6.9	7.1	7.3	7.6	7.8	8.0	8.3	8.5	8.7	9.0	9.2	9.4	9.4	9.4	9.5	9.5	9.5	9.5	9.5	9.6	9.6	9.6	9.6	9.6	9.7	9.7	9.7	9.7	9.7	9.8	9.8	9.8	9.8	9.9	9.9	9.9	9.9	9.9	10.0	10.0	10.0	10.0	10.0	10.0	10.0	10.0	10.0	10.0	10.0	10.0	10.0	10.0	10.0	10.0	10.0	10.0	10.0	
6.9	7.1	7.4	7.6	7.8	8.1	8.3	8.5	8.8	9.0	9.3	9.5	9.5	9.5	9.5	9.5	9.5	9.6	9.6	9.6	9.6	9.6	9.7	9.7	9.7	9.7	9.7	9.8	9.8	9.8	9.8	9.8	9.8	9.9	9.9	9.9	9.9	9.9	10.0	10.0	10.0	10.0	10.0	10.0	10.0	10.0	10.0	10.0	10.0	10.0	10.0	10.0	10.0	10.0	10.0	10.0	10.0	
6.9	7.2	7.4	7.6	7.9	8.1	8.4	8.6	8.8	9.1	9.3	9.5	9.5	9.6	9.6	9.6	9.6	9.6	9.6	9.7	9.7	9.7	9.7	9.7	9.7	9.8	9.8	9.8	9.8	9.8	9.8	9.9	9.9	9.9	9.9	9.9	9.9	9.9	10.0	10.0	10.0	10.0	10.0	10.0	10.0	10.0	10.0	10.0	10.0	10.0	10.0	10.0	10.0	10.0	10.0	10.0	10.0	
6.9	7.2	7.4	7.7	7.9	8.2	8.4	8.6	8.9	9.1	9.4	9.6	9.6	9.6	9.6	9.6	9.7	9.7	9.7	9.7	9.7	9.7	9.7	9.8	9.8	9.8	9.8	9.8	9.8	9.8	9.9	9.9	9.9	9.9	9.9	9.9	9.9	10.0	10.0	10.0	10.0	10.0	10.0	10.0	10.0	10.0	10.0	10.0	10.0	10.0	10.0	10.0	10.0	10.0	10.0	10.0	10.0	
6.9	7.2	7.4	7.7	7.9	8.2	8.4	8.7	8.9	9.2	9.4	9.7	9.7	9.7	9.7	9.7	9.7	9.7	9.7	9.8	9.8	9.8	9.8	9.8	9.8	9.8	9.8	9.8	9.9	9.9	9.9	9.9	9.9	9.9	9.9	9.9	10.0	10.0	10.0	10.0	10.0	10.0	10.0	10.0	10.0	10.0	10.0	10.0	10.0	10.0	10.0	10.0	10.0	10.0	10.0	10.0	10.0	
7.0	7.2	7.5	7.7	8.0	8.2	8.5	8.7	9.0	9.3	9.5	9.7	9.7	9.7	9.8	9.8	9.8	9.8	9.8	9.8	9.8	9.8	9.8	9.8	9.8	9.9	9.9	9.9	9.9	9.9	9.9	9.9	9.9	9.9	9.9	10.0	10.0	10.0	10.0	10.0	10.0	10.0	10.0	10.0	10.0	10.0	10.0	10.0	10.0	10.0	10.0	10.0	10.0	10.0	10.0	10.0	10.0	
7.0	7.2	7.5	7.8	8.0	8.3	8.5	8.8	9.1	9.3	9.6	9.8	9.8	9.8	9.8	9.8	9.8	9.8	9.8	9.9	9.9	9.9	9.9	9.9	9.9	9.9	9.9	9.9	9.9	9.9	9.9	9.9	9.9	10.0	10.0	10.0	10.0	10.0	10.0	10.0	10.0	10.0	10.0	10.0	10.0	10.0	10.0	10.0	10.0	10.0	10.0	10.0	10.0	10.0	10.0	10.0	10.0	
7.0	7.3	7.5	7.8	8.1	8.3	8.6	8.9	9.1	9.4	9.6	9.9	9.9	9.9	9.9	9.9	9.9	9.9	9.9	9.9	9.9	9.9	9.9	9.9	9.9	9.9	9.9	9.9	9.9	9.9	10.0	10.0	10.0	10.0	10.0	10.0	10.0	10.0	10.0	10.0	10.0	10.0	10.0	10.0	10.0	10.0	10.0	10.0	10.0	10.0	10.0	10.0	10.0	10.0	10.0	10.0	10.0	
7.0	7.3	7.6	7.8	8.1	8.4	8.6	8.9	9.2	9.4	9.7	9.9	9.9	9.9	9.9	9.9	9.9	9.9	9.9	10.0	10.0	10.0	10.0	10.0	10.0	10.0	10.0	10.0	10.0	10.0	10.0	10.0	10.0	10.0	10.0	10.0	10.0	10.0	10.0	10.0	10.0	10.0	10.0	10.0	10.0	10.0	10.0	10.0	10.0	10.0	10.0	10.0	10.0	10.0	10.0	10.0	10.0	
7.0	7.3	7.6	7.9	8.1	8.4	8.7	9.0	9.2	9.5	9.8	10.0	10.0	10.0	10.0	10.0	10.0	10.0	10.0	10.0	10.0	10.0	10.0	10.0	10.0	10.0	10.0	10.0	10.0	10.0	10.0	10.0	10.0	10.0	10.0	10.0	10.0	10.0	10.0	10.0	10.0	10.0	10.0	10.0	10.0	10.0	10.0	10.0	10.0	10.0	10.0	10.0	10.0	10.0	10.0	10.0	10.0	
7.0	7.3	7.6	7.9	8.1	8.4	8.7	9.0	9.2	9.5	9.8	10.0	10.0	10.0	10.0	10.0	10.0	10.0	10.0	10.0	10.0	10.0	10.0	10.0	10.0	10.0	10.0	10.0	10.0	10.0	10.0	10.0	10.0	10.0	10.0	10.0	10.0	10.0	10.0	10.0	10.0	10.0	10.0	10.0	10.0	10.0	10.0	10.0	10.0	10.0	10.0	10.0	10.0	10.0	10.0	10.0	10.0	
7.0	7.3	7.6	7.9	8.1	8.4	8.7	9.0	9.2	9.5	9.8	10.0	10.0	10.0	10.0	10.0	10.0	10.0	10.0	10.0	10.0	10.0	10.0	10.0	10.0	10.0	10.0	10.0	10.0	10.0	10.0	10.0	10.0	10.0	10.0	10.0	10.0	10.0	10.0	10.0	10.0	10.0	10.0	10.0	10.0	10.0	10.0	10.0	10.0	10.0	10.0	10.0	10.0	10.0	10.0	10.0	10.0	
7.0	7.3	7.6	7.9	8.1	8.4	8.7	9.0	9.2	9.5	9.8	10.0	10.0	10.0	10.0	10.0	10.0	10.0	10.0	10.0	10.0	10.0	10.0	10.0	10.0	10.0	10.0	10.0	10.0	10.0	10.0	10.0	10.0	10.0	10.0	10.0	10.0	10.0	10.0	10.0	10.0	10.0	10.0	10.0	10.0	10.0	10.0	10.0	10.0	10.0	10.0	10.0	10.0	10.0	10.0	10.0	10.0	
7.0	7.3	7.6	7.9	8.1	8.4	8.7	9.0	9.2	9.5	9.8	10.0	10.0	10.0	10.0	10.0	10.0	10.0	10.0	10.0	10.0	10.0	10.0	10.0	10.0	10.0	10.0	10.0	10.0	10.0	10.0	10.0	10.0	10.0	10.0	10.0	10.0	10.0	10.0	10.0	10.0	10.0	10.0	10.0	10.0	10.0	10.0	10.0	10.0	10.0	10.0	10.0	10.0	10.0	10.0	10.0	10.0	
7.0	7.3	7.6	7.9	8.1	8.4	8.7	9.0	9.2	9.5	9.8	10.0	10.0	10.0	10.0	10.0	10.0	10.0	10.0	10.0	10.0	10.0	10.0	10.0	10.0	10.0	10.0	10.0	10.0	10.0	10.0	10.0	10.0	10.0	10.0	10.0	10.0	10.0	10.0	10.0	10.0	10.0	10.0	10.0	10.0	10.0	10.0	10.0	10.0	10.0	10.0	10.0	10.0	10.0	10.0	10.0	10.0	
7.0	7.3	7.6	7.9	8.1	8.4	8.7	9.0	9.2	9.5	9.8	10.0	10.0	10.0	10.0	10.0	10.0	10.0	10.0	10.0	10.0	10.0	10.0	10.0	10.0	10.0	10.0	10.0	10.0	10.0	10.0	10.0	10.0	10.0	10.0	10.0	10.0	10.0	10.0	10.0	10.0	10.0	10.0	10.0	10.0	10.0	10.0	10.0	10.0	10.0	10.0	10.0	10.0	10.0	10.0	10.0	10.0	
7.0	7.3	7.6	7.9	8.1	8.4	8.7	9.0	9.2	9.5	9.8	10.0	10.0	10.0	10.0	10.0	10.0	10.0	10.0	10.0	10.0	10.0	10.0	10.0	10.0	10.0	10.0	10.0	10.0	10.0	10.0	10.0	10.0	10.0	10.0	10.0	10.0	10.0	10.0	10.0	10.0	10.0	10.0	10.0	10.0	10.0	10.0	10.0	10.0	10.0	10.0	10.0	10.0	10.0	10.0	10.0	10.0	
7.0	7.3	7.6	7.9	8.1	8.4	8.7	9.0	9.2	9.5	9.8	10.0	10.0	10.0	10.0	10.0	10.0	10.0	10.0	10.0	10.0	10.0	10.0	10.0	10.0	10.0	10.0	10.0	10.0	10.0	10.0	10.0	10.0	10.0	10.0	10.0	10.0	10.0	10.0	10.0	10.0	10.0	10.0	10.0	10.0	10.0	10.0	10.0	10.0	10.0	10.0	10.0	10.0	10.0	10.0	10.0	10.0	
7.0	7.3	7.6	7.9	8.1	8.4	8.7	9.0	9.2	9.5	9.8	10.0	10.0	10.0	10.0	10.0	10.0	10.0	10.0	10.0	10.0	10.0	10.0	10.0	10.0	10.0	10.0	10.0	10.0	10.0	10.0	10.0	10.0	10.0	10.0	10.0	10.0	10.0	10.0	10.0	10.0	10.0	10.0	10.0	10.0	10.0	10.0	10.0	10.0	10.0	10.0	10.0	10.0	10.0	10.0	10.0	10.0	
7.0	7.3	7.6	7.9	8.1	8.4	8.7	9.0	9.2	9.5	9.8	10.0	10.0	10.0	10.0	10.0	10.0	10.0	10.0	10.0	10.0	10.0	10.0	10.0	10.0	10.0	10.0	10.0	10.0	10.0	10.0	10.0	10.0	10.0	10.0	10.0	10.0	10.0	10.0	10.0	10.0	10.0	10.0	10.0	10.0	10.0	10.0	10.0	10.0	10.0	10.0	10.0	10.0	10.0	10.0	10.0	10.0	
7.0	7.3	7.6	7.9	8.1	8.4	8.7	9.0	9.2	9.5	9.8	10.0	10.0	10.0	10.0	10.0	10.0	10.0	10.0	10.0	10.0	10.0	10.0	10.0	10.0	10.0	10.0	10.0	10.0	10.0	10.0	10.0	10.0	10.0	10.0	10.0	10.0	10.0	10.0	10.0	10.0	10.0	10.0	10.0	10.0	10.0	10.0	10.0	10.0	10.0	10.0	10.0	10.0	10.0	10.0	10.0	10.0	
7.0	7.3	7.6	7.9	8.1	8.4	8.7	9.0	9.2	9.5	9.8	10.0	10.0	10.0	10.0	10.0	10.0	10.0	10.0	10.0	10.0	10.0	10.0	10.0	10.0	10.0	10.0	10.0	10.0	10.0	10.0	10.0	10.0	10.0	10.0	10.0	10.0	10.0	10.0	10.0	10.0	10.0	10.0	10.0	10.0	10.0	10.0	10.0	10.0	10.0	10.0	10.0	10.0	10.0	10.0	10.0	10.0	
7.0	7.3	7.6	7.9	8.1	8.4	8.7	9.0	9.2	9.5	9.8	10.0	10.0	10.0	10.0	10.0	10.0	10.0	10.0	10.0	10.0	10.0	10.0	10.0	10.0	10.0	10.0	10.0	10.0	10.0	10.0	10.0	10.0	10.0	10.0	10.0	10.0	10.0	10.0	10.0	10.0	10.0	10.0	10.0	10.0	10.0	10.0	10.0	10.0	10.0	10.0	10.0	10.0	10.0	10.0	10.0	10.0	
7.0	7.3	7.6	7.9	8.1	8.4	8.7	9.0	9.2	9.5	9.8	10.0	10.0	10.0	10.0	10.0	10.0	10.0	10.0	10.0	10.0	10.0	10.0	10.0	10.0	10.0	10.0	10.0	10.0	10.0	10.0	10.0	10.0	10.0	10.0	10.0	10.0	10.0	10.0	10.0	10.0	10.0	10.0	10.0	10.0	10.0	10.0	10.0	10.0	10.0	10.0	10.0	10.0	10.0	10.0	10.0	10.0	
7.0	7.3	7.6	7.9	8.1	8.4	8.7	9.0	9.2	9.5	9.8	10.0	10.0	10.0	10.0	10.0	10.0	10.0	10.0	10.0	10.0	10.0	10.0	10.0	10.0	10.0	10.0	10.0	10.0	10.0	10.0	10.0	10.0	10.0	10.0	10.0	10.0	10.0	10.0	10.0	10.0	10.0	10.0	10.0	10.0	10.0	10.0	10.0	10.0	10.0	10.0	10.0	10.0	10.0	10.0	10.0	10.0	
7.0	7.3	7.6	7.9	8.1	8.4	8.7	9.0	9.2	9.5	9.8	10.0	10.0	10.0	10.0	10.0	10.0	10.0	10.0	10.0	10.0	10.0	10.0	10.0	10.0	10.0	10.0	10.0	10.0	10.0	10.0	10.0	10.0	10.0	10.0	10.0	10.0	10.0	10.0	10.0	10.0	10.0	10.0	10.0	10.0	10.0	10.0	10.0	10.0	10.0	10.0	10.0	10.0	10.0	10.0	10.0	10.0	
7.0	7.3	7.6	7.9	8.1	8.4	8.7	9.0	9.2	9.5	9.8	10.0	10.0	10.0	10.0	10.0	10.0	10.0	10.0	10.0	10.0	10.0	10.0	10.0	10.0	10.0	10.0	10.0	10.0	10.0	10.0	10.0	10.0	10.0	10.0	10.0	10.0	10.0	10.0	10.0	10.0	10.0	10.0	10.0	10.0	10.0	10.0	10.0	10.0	10.0	10.0	10.0	10.0	10.0	10.0	10.0	10.0	
7.0	7.3	7.6	7.9	8.1	8.4	8.7	9.0	9.2	9.5	9.8	10.0	10.0	10.0	10.0	10.0	10.0	10.0	10.0	10.0	10.0	10.0	10.0	10.0	10.0	10.0	10.0	10.0	10.0	10.0	10.0	10.0	10.0	10.0	10.0	10.0	10.0	10.0	10.0	10.0	10.0	10.0	10.0	10.0	10.0	10.0	10.0	10.0	10.0	10.0	10.0	10.0	10.0	10.0	10.0	10.0	10.0	
7.0	7.3	7.6	7.9	8.1	8.4	8.7	9.0	9.2	9.5	9.8	10.0	10.0	10.0	10.0	10.0	10.0	10.0	10.0	10.0	10.0	10.0	10.0	10.0	10.0	10.0	10.0	10.0	10.0	10.0	10.0	10.0	10.0	10.0	10.0	10.0	10.0	10.0	10.0	10.0	10.0	10.0	10.0	10.0	10.0	10.0	10.0	10.0	10.0	10.0	10.0	10.0	10.0	10.0	10.0	10.0	10.0	
7.0	7.3	7.6	7.9	8.1	8.4	8.7	9.0	9.2	9.5	9.8	10.0	10.0	10.0	10.0	10.0	10.0	10.0	10.0	10.0	10.0	10.0	10.0	10.0	10.0	10.0	10.0	10.0	10.0	10.0	10.0	10.0	10.0	10.0	10.0	10.0	10.0	10.0	10.0	10.0	10.0	10.0	10.0	10.0	10.0	10.0	10.0	10.0	10.0	10.0	10.0	10.0	10.0	10.0	10.0	10.0	10.0	
7.0	7.3	7.6	7.9	8.1	8.4	8.7	9.0	9.2	9.5	9.8	10.0	10.0	10.0	10.0	10.0	10.0	10.0	10.0	10.0	10.0	10.0	10.0	10.0	10.0	10.0	10.0	10.0	10.0	10.0	10.0	10.0	10.0	10.0	10.0	10.0	10.0	10.0	10.0	10.0	10.0	10.0	10.0	10.0	10.0	10.0	10.0	10.0	10.0	10.0	10.0	10.0	10.0	10.0	10.0	10.0	10.0	
7.0	7.3	7.6	7.9	8.1	8.4	8.7	9.0	9.2	9.5	9.8	10.0	10.0	10.0	10.0	10.0	10.0	10.0	10.0	10.0	10.0	10.0	10.0	10.0	10.0	10.0	10.0	10.0	10.0	10.0	10.0	10.0	10.0	10.0	10.0	10.0	10.0	10.0	10.0	10.0	10.0	10.0	10.0	10.0	10.0	10.0	10.0	10.0	10.0	10.0	10.0	10.0	10.0	10.0	10.0	10.0	10.0	
7.0	7.3	7.6	7.9	8.1	8.4	8.7	9.0	9.2	9.5	9.8	10.0	10.0	10.0	10.0	10.0	10.0	10.0	10.0	10.0	10.0	10.0	10.0	10.0	10.0	10.0	10.0	10.0	10.0	10.0	10.0	10.0	10.0	10.0	10.0	10.0	10.0	10.0	10.0	10.0	10.0	10.0	10.0	10.0	10.0	10.0	10.0	10.0	10.0	10.0	10.0	10.0	10.0	10.0	10.0	10.0	10.0	
7.0	7.3	7.6	7.9	8.1	8.4	8.7	9.0	9.2	9.5	9.8	10.0	10.0	10.0	10.0	10.0	10.0	10.0	10.0	10.0	10.0	10.0	10.0	10.0	10.0	10.0	10.0	10.0	10.0	10.0	10.0	10.0	10.0	10.0	10.0	10.0	10.0	10.0	10.0	10.0	10.0	10.0	10.0	10.0	10.0	10.0	10.0	10.0	10.0	10.0	10.0	10.0	10.0	10.0	10.0	10.0	10.0	
7.0	7.3	7.6	7.9	8.1	8.4	8.7	9.0	9.2	9.5	9.8	10.0	10.0	10.0	10.0	10.0	10.0	10.0	10.0	10.0	10.0	10.0	10.0	10.0	10.0	10.0	10.0	10.0	10.0	10.0	10.0	10.0	10.0	10.0	10.0	10.0	10.0	10.0	10.0	10.0	10.0	10.0	10.0	10.0	10.0	10.0	10.0	10.0	10.0	10.0	10.0	10.0	10.0	10.0	10.0	10.0	10.0	
7.0	7.3	7.6	7.9	8.1	8.4	8.7	9.0	9.2	9.5	9.8	10.0	10.0	10.0	10.0	10.0	10.0	10.0	10.0	10.0	10.0	10.0	10.0	10.0	10.0	10.0	10.0	10.0	10.0	10.0	10.0	10.0	10.0	10.0	10.0	10.0	10.0	10.0	10.0	10.0	10.0	10.0	10.0	10.0	10.0	10.0	10.0	10.0	10.0	10.0	10.0	10.0	10.0	10.0	10.0	10.0	10.0	
7.0	7.3	7.6	7.9	8.1	8.4	8.7	9.0	9.2	9.5	9.8	10.0	10.0	10.0	10.0	10.0	10.0	10.0	10.0	10.0	10.0	10.0	10.0	10.0	10.0	10.0	10.0	10.0	10.0	10.0	10.0	10.0	10.0	10.0	10.0	10.0	10.0	10.0	10.0	10.0	10.0	10.0	10.0	10.0	10.0	10.0	10.0	10.0	10.0	10.0	10.0	10.0	10.0	10.0	10.0	10.0	10.0	
7.0	7.3	7.6	7.9	8.1	8.4	8.7	9.0	9.2	9.5	9.8	10.0	10.0	10.0	10.0	10.0	10.0	10.0	10.0	10.0	10.0	10.0	10.0	10.0	10.0	10.0	10.0	10.0	10.0	10.0	10.0	10.0	10.0	10.0	10.0	10.0	10.0	10.0	10.0	10.0	10.0	10.0	10.0	10.0	10.0	10.0	10.0	10.0	10.0	10.0	10.0	10.0	10.0	10.0	10.0	10.0	10.0	
7.0	7.3	7.6	7.9	8.1	8.4	8.7	9.0	9.2	9.5	9.8	10.0	10.0	10.0	10.0	10.0	10.0	10.0	10.0	10.0	10.0	10.0	10.0	10.0	10.0	10.0	10.0	10.0	10.0	10.0	10.0	10.0	10.0	10.0	10.0	10.0	10.0	10.0	10.0	10.0	10.0	10.0	10.0	10.0	10.0	10.0	10.0	10.0	10.0	10.0	10.0	10.0	10.0	10.0	10.0	10.0	10.0	
6.9	7.2	7.5	7.7	8.0	8.3	8.6	8.8	9.1	9.4	9.6	9.8	9.8	9.8	9.8	9.8	9.8	9.8	9.8	9.8	9.8	9.8	9.8	9.8	9.8	9.8	9.8	9.8	9.8	9.8	9.8	9.8	9.8	9.8	9.8	9.8	9.8	9.8	9.8	9.8	9.8	9.8	9.8	9.8	9.8	9.8	9.8	9.8	9.8	9.8	9.8	9.8	9.8	9.8	9.8	9.8	9.8	
6.8	7.1	7.3	7.6	7.9	8.1	8.4	8.6	8.9	9.2	9.4	9.6	9.6	9.6	9.6	9.6	9.6	9.6	9.6	9.6	9.6	9.6	9.6	9.6	9.6	9.6	9.6	9.6	9.6	9.6	9.6	9.6	9.6	9.6	9.6	9.6	9.6	9.6	9.6	9.6	9.6	9.6	9.6	9.6	9.6	9.6	9.6	9.6	9.6	9.6	9.6	9.6	9.6	9.6	9.6	9.6	9.6	
6.7	6.9	7.2	7.4	7.7	8.0	8.2	8.5	8.7	9.0	9.2	9.4	9.4	9.4	9.4	9.4	9.4	9.4	9.4	9.4	9.4	9.4	9.4	9.4	9.4	9.4	9.4	9.4	9.4	9.4	9.4	9.4	9.4	9.4	9.4	9.4	9.4	9.4	9.4	9.4	9.4	9.4	9.4	9.4	9.4	9.4	9.4	9.4	9.4	9.4	9.4	9.4	9.4	9.4	9.4	9.4	9.4	
6.6	6.8	7.0	7.3	7.5	7.8	8.0	8.3	8.5	8.8	9.0	9.2	9.2	9.2	9.2	9.2	9.2	9.2	9.2	9.2	9.2	9.2	9.2	9.2	9.2	9.2	9.2	9.2	9.2	9.2	9.2	9.2	9.2	9.2	9.2	9.2	9.2	9.2	9.2	9.2	9.2	9.2	9.2	9.2	9.2	9.2	9.2	9.2	9.2	9.2	9.2	9.2	9.2	9.2	9.2	9.2	9.2	
