autotest/output/original/cli_wxModelInitialization_local_model/mackay_07-14-2013_0900_393m_ang.asc
ncols	57
nrows	71
xllcorner	279635.000000
yllcorner	4850745.000000
cellsize	393.466398
NODATA_value	-9999.000000
298	298	298	298	296	296	299	301	303	303	300	296	294	293	288	289	291	292	300	317	335	333	309	314	325	335	336	319	285	264	256	267	286	300	308	322	317	295	298	313	328	341	345	339	334	342	348	347	345	340	337	338	341	342	338	339	343	
299	299	299	300	300	300	301	303	304	304	304	301	300	302	302	300	302	304	304	309	330	338	315	312	319	329	336	321	299	286	281	283	294	307	303	313	323	316	309	311	322	336	342	336	331	339	348	350	348	340	334	338	341	341	335	334	338	
299	299	299	301	303	302	302	303	304	305	306	305	305	307	308	308	307	305	303	296	313	332	311	300	295	298	317	304	305	308	310	302	302	312	294	296	322	328	314	307	313	323	328	330	324	330	347	356	354	341	336	340	341	337	331	323	321	
299	299	300	301	301	302	302	302	303	305	305	304	305	306	307	309	306	299	298	292	292	298	285	269	260	255	288	304	311	317	312	301	292	302	306	310	324	333	322	315	321	323	322	327	320	320	339	351	343	336	337	343	341	339	335	322	314	
300	300	300	301	301	301	301	301	303	304	304	304	305	307	308	311	309	299	292	276	254	255	263	258	258	277	312	314	316	321	315	305	296	310	321	327	337	337	327	327	332	325	323	327	320	315	311	297	302	311	328	340	344	342	336	325	319	
300	300	300	300	300	300	301	301	303	304	304	304	305	305	306	307	308	297	280	263	260	271	279	283	287	300	316	315	313	318	323	323	314	311	318	330	339	339	330	332	336	326	326	328	318	323	320	315	319	325	335	344	351	345	332	328	327	
300	299	299	300	300	300	300	301	303	303	304	304	304	304	305	305	305	306	307	314	319	318	318	318	310	306	318	321	313	314	320	324	310	301	303	312	320	334	340	346	345	326	321	325	334	350	340	332	336	340	344	349	353	346	336	336	337	
300	299	299	299	300	300	300	302	303	303	303	304	304	304	304	305	307	317	320	319	323	326	324	329	328	317	324	332	320	309	313	323	316	307	307	311	314	327	344	358	1	341	330	329	337	346	340	334	341	349	352	352	348	343	344	349	349	
301	300	299	300	300	300	301	302	302	301	301	304	305	304	305	306	311	317	317	312	312	316	315	322	330	325	330	340	333	315	313	319	319	319	321	327	332	333	351	19	7	340	331	332	340	341	331	331	343	349	353	354	344	340	350	1	1	
300	300	300	300	300	300	300	301	302	300	301	305	306	305	306	307	311	314	315	314	313	312	310	313	318	322	332	340	342	331	319	318	319	321	318	327	343	348	14	28	357	322	311	319	340	333	322	330	339	344	353	354	342	337	347	5	14	
300	300	299	299	299	300	300	300	301	302	303	307	307	306	307	308	310	314	317	316	315	313	313	316	315	319	327	332	342	338	323	324	329	324	311	313	340	3	35	28	349	324	312	313	327	317	314	319	322	323	332	341	342	342	345	5	22	
299	299	299	299	300	300	300	301	303	304	305	307	307	306	306	307	310	315	318	317	317	316	318	319	317	319	320	318	331	331	319	321	331	328	319	317	337	19	39	16	343	328	328	337	330	317	314	316	311	307	316	327	336	344	349	5	20	
300	300	300	300	301	302	303	305	305	305	305	306	307	305	306	308	310	315	318	317	317	318	318	318	316	316	315	312	319	318	308	308	315	323	331	334	349	28	27	353	331	322	330	341	331	329	333	337	337	329	333	337	328	326	339	1	14	
300	301	301	300	302	304	306	305	302	302	305	307	308	306	308	311	312	315	317	316	317	317	317	317	318	317	313	313	316	313	311	316	312	315	328	344	13	38	3	330	318	313	323	324	323	335	338	337	339	338	344	350	334	324	331	348	355	
299	300	300	300	301	303	303	301	299	302	305	309	311	309	310	313	313	315	316	317	318	317	317	318	318	315	310	308	309	310	314	321	318	316	327	4	62	57	326	309	300	296	306	308	313	330	340	342	343	345	345	338	337	340	344	348	349	
299	299	300	299	299	300	300	300	301	303	306	309	312	310	310	313	313	314	314	316	318	316	316	316	315	311	307	306	304	306	311	318	322	322	343	39	60	17	328	318	310	315	323	322	320	322	331	349	10	344	332	336	339	344	349	336	329	
299	299	299	299	298	299	301	302	303	304	306	308	309	308	307	309	312	313	312	316	318	315	314	314	312	310	310	307	305	306	308	314	320	325	8	44	25	352	339	340	332	331	336	340	340	335	316	323	343	331	333	340	347	350	350	328	316	
299	298	297	297	297	298	300	302	303	305	306	306	308	308	306	307	310	312	310	314	317	315	314	313	312	311	309	306	305	305	307	313	317	329	18	25	3	347	343	342	332	331	338	348	355	359	353	339	337	337	339	346	353	350	345	343	340	
301	300	297	295	296	297	299	302	304	304	305	306	307	309	308	308	310	311	309	312	316	315	314	314	313	311	309	307	306	307	309	312	316	333	359	358	352	343	338	335	328	331	348	355	355	354	350	344	343	348	352	353	353	347	341	346	354	
302	301	298	295	296	297	298	301	304	304	304	305	306	308	308	308	311	312	310	312	316	315	314	314	314	313	312	311	311	311	313	316	321	334	342	342	340	335	331	326	324	339	356	359	349	338	340	347	349	350	357	2	358	348	345	343	341	
303	302	298	295	295	298	298	301	306	306	306	306	306	306	306	308	311	312	310	312	316	316	315	314	314	313	313	313	313	314	316	320	324	331	334	332	329	328	330	323	325	348	5	4	345	328	328	342	354	353	358	9	7	357	350	345	342	
306	303	297	295	297	301	301	302	307	308	307	307	306	304	303	308	311	311	310	312	316	317	315	315	315	315	315	316	317	318	320	322	325	329	331	329	326	328	329	322	325	358	11	352	339	335	331	333	350	1	6	8	6	2	357	351	347	
312	309	301	299	302	306	303	302	307	310	308	307	307	302	302	307	309	309	309	312	316	317	317	317	318	318	318	319	321	322	323	324	325	327	329	328	325	326	326	319	327	358	355	339	334	339	337	333	348	17	20	357	351	1	8	357	345	
317	315	308	303	306	309	304	303	307	311	311	311	311	301	299	304	304	304	307	311	316	318	319	319	320	320	320	321	322	323	324	325	326	326	327	325	321	321	322	320	331	347	338	331	334	339	336	342	9	24	4	347	346	357	12	6	351	
315	314	307	299	299	302	301	301	305	310	313	318	315	298	299	308	308	305	308	314	317	319	320	320	321	321	322	322	323	323	324	325	326	326	326	324	319	318	316	315	325	333	329	327	335	337	333	354	25	14	348	347	351	353	4	12	13	
311	308	299	290	288	293	296	299	303	309	316	328	316	297	303	313	314	312	315	319	320	320	321	322	323	323	324	324	324	324	324	325	326	326	326	325	323	321	319	319	322	322	325	328	333	333	332	4	19	359	344	352	358	353	353	19	37	
312	308	301	296	295	297	298	303	307	310	318	336	320	306	309	316	319	319	318	321	320	321	323	323	324	324	325	325	325	325	326	326	327	327	328	328	328	327	326	327	327	322	323	325	330	332	335	359	6	350	345	358	5	359	353	24	46	
315	311	306	301	298	297	297	301	305	306	311	319	315	309	311	319	324	324	321	320	321	324	325	324	324	324	324	324	325	326	327	327	328	328	329	330	330	329	328	328	327	323	323	322	324	329	335	351	352	346	349	358	4	5	4	21	35	
316	312	304	296	291	289	289	292	298	311	320	313	311	307	308	317	326	330	328	321	323	330	330	325	324	325	325	325	325	327	327	328	328	329	330	330	331	330	328	327	326	325	326	324	322	323	331	341	338	344	356	355	358	7	11	21	31	
315	314	307	297	289	287	288	290	300	322	328	319	316	315	312	317	327	332	330	323	325	334	333	328	326	326	326	326	326	327	328	328	329	330	330	331	331	330	329	329	329	330	329	328	327	325	328	330	328	338	351	352	358	10	16	28	39	
316	319	315	307	299	296	298	300	306	321	327	316	312	317	318	318	323	324	321	319	325	335	335	329	327	326	325	325	327	328	328	329	330	330	330	331	331	331	331	331	332	333	331	332	333	332	330	326	324	329	335	346	1	11	16	32	42	
318	321	321	314	307	305	305	305	310	322	329	316	307	310	316	315	320	318	314	315	322	332	334	330	327	326	325	325	326	328	328	329	330	330	331	331	332	332	332	332	334	335	333	334	337	338	336	333	332	330	330	342	357	4	14	33	42	
320	321	323	314	304	302	301	300	307	322	329	324	314	316	320	321	327	323	321	322	325	329	330	329	327	327	326	326	326	327	328	329	330	331	331	332	332	332	333	333	334	334	333	335	338	339	340	340	339	339	339	345	353	1	12	27	33	
325	321	325	320	302	299	299	294	302	317	320	320	318	322	324	324	329	323	319	323	329	329	329	328	326	326	327	327	327	327	328	329	330	331	331	332	333	333	334	334	334	334	334	336	339	340	341	342	344	345	347	350	354	1	7	15	18	
332	317	324	333	311	305	305	297	302	317	316	316	314	313	314	318	325	322	319	325	329	330	328	326	325	326	327	327	328	328	329	329	330	331	331	332	333	334	335	335	335	335	336	338	339	341	342	344	346	348	351	354	357	360	3	6	8	
326	316	323	338	316	308	307	301	305	316	318	318	319	315	313	309	313	316	318	326	331	330	328	326	326	326	327	327	328	329	330	330	330	331	332	333	334	335	336	336	337	338	338	339	340	342	344	346	348	350	353	355	357	358	0	2	3	
313	310	319	330	318	308	299	298	303	308	310	317	321	320	319	316	315	315	314	320	327	328	328	327	328	326	325	326	328	329	330	331	331	332	332	334	335	336	337	338	339	339	340	340	341	343	345	347	349	352	353	355	356	357	358	359	1	
304	297	303	319	322	316	294	291	300	306	313	320	319	318	319	319	318	318	319	323	327	328	328	328	328	325	324	326	328	330	331	331	332	333	334	335	336	337	338	339	340	341	342	342	343	344	346	348	350	352	353	354	355	356	357	358	359	
324	300	299	317	330	325	306	301	307	314	318	318	314	314	313	312	313	316	320	326	328	327	328	332	330	326	326	329	330	330	331	332	333	333	334	336	337	338	339	340	341	342	343	344	345	346	347	349	351	353	353	354	354	355	356	357	359	
357	310	300	314	335	321	313	313	315	320	324	320	318	317	316	317	318	320	323	326	328	329	330	334	332	327	329	331	332	331	331	332	333	334	335	336	338	339	340	341	342	343	345	346	347	348	349	350	352	353	353	354	354	355	355	357	358	
335	308	297	307	326	312	309	311	312	319	332	332	329	328	329	328	325	322	323	327	331	332	332	333	331	329	330	333	334	333	332	332	333	334	335	337	338	339	340	341	343	344	346	347	348	349	350	351	352	353	354	354	354	354	355	356	358	
312	300	293	302	313	308	305	304	303	307	318	327	329	332	334	333	332	330	331	335	334	332	333	333	331	330	332	336	337	334	333	334	334	335	336	337	338	340	341	342	343	345	346	347	348	350	351	352	353	353	354	354	355	355	355	356	357	
306	297	292	301	308	307	305	302	299	295	293	301	312	321	327	331	331	331	336	340	335	331	331	332	329	328	330	335	336	334	334	334	335	335	336	337	339	340	341	343	344	345	347	348	349	350	351	352	353	354	354	355	355	355	355	355	356	
306	297	294	300	304	302	299	297	296	294	293	299	309	313	318	328	326	327	338	336	332	331	332	331	328	325	327	331	333	334	334	334	335	336	337	338	339	340	342	343	344	346	347	348	349	351	352	353	354	354	355	355	355	355	355	355	356	
305	297	295	298	298	297	300	302	303	302	303	309	317	315	311	317	318	324	336	333	333	335	336	334	330	327	329	331	333	334	334	335	335	336	337	338	339	341	342	343	345	346	347	348	349	351	352	353	354	354	355	355	355	355	355	355	355	
300	293	290	292	291	296	310	316	319	311	306	308	312	310	304	307	309	311	320	325	332	337	338	337	330	329	331	333	336	336	336	335	335	336	337	338	340	342	343	344	345	347	348	349	350	351	352	353	354	354	355	356	356	355	355	355	355	
287	282	278	283	290	298	312	322	321	315	312	314	317	317	318	323	324	319	321	322	325	331	336	336	331	330	332	337	337	335	337	336	337	339	338	338	341	342	344	345	346	347	348	350	351	352	352	353	354	355	355	356	356	356	355	354	355	
287	282	281	288	298	302	310	318	316	312	312	318	326	328	329	334	329	326	327	328	327	328	332	334	333	334	338	342	336	334	336	337	339	340	339	340	341	342	344	345	347	348	349	350	351	352	353	353	354	355	356	357	357	356	355	354	354	
288	288	287	289	294	297	303	313	316	310	304	304	313	324	336	334	324	323	326	329	332	332	333	331	331	336	345	345	337	336	336	336	339	338	335	337	340	343	345	346	347	348	349	350	351	352	353	354	355	356	357	357	358	358	355	350	349	
277	282	284	283	283	286	290	299	307	307	303	298	299	315	333	330	326	328	331	332	333	334	333	329	326	333	342	338	336	339	338	336	338	338	338	338	341	345	347	347	348	348	348	349	350	352	353	354	356	357	359	360	0	0	356	344	338	
271	277	283	284	280	276	276	283	293	302	309	307	303	315	329	325	323	327	330	330	331	332	332	331	330	335	336	332	335	341	342	341	340	342	346	347	348	350	351	349	347	347	348	348	350	351	353	354	356	358	1	3	1	358	356	346	338	
269	276	283	287	286	287	287	288	293	301	309	310	305	312	327	321	315	318	320	320	324	327	331	334	336	337	335	333	337	342	342	342	344	345	349	354	358	358	355	351	348	346	347	349	349	350	352	354	355	357	359	359	358	357	357	352	346	
264	272	281	292	298	303	304	299	295	302	309	312	309	313	326	321	316	324	326	324	326	330	334	336	338	334	331	331	336	341	341	341	346	350	353	358	4	3	357	352	346	344	348	351	350	349	351	353	354	355	355	354	356	358	358	356	354	
259	266	272	285	293	298	303	305	300	303	311	316	315	315	326	322	321	332	334	332	334	336	337	340	339	336	334	332	335	339	340	344	352	357	359	359	0	0	359	354	344	343	349	352	353	351	351	352	354	354	352	353	356	357	357	358	0	
255	260	261	265	273	282	292	301	298	296	302	310	311	311	318	317	317	328	330	331	338	340	339	339	338	338	340	341	341	339	340	348	358	2	360	357	356	355	357	353	348	348	350	351	354	356	354	354	355	354	353	353	354	355	357	360	2	
241	253	255	258	269	283	293	295	292	289	289	290	295	303	309	307	306	316	319	324	334	336	338	336	332	332	336	343	346	346	348	353	357	355	355	358	354	350	350	350	351	354	353	352	355	358	358	357	356	355	355	354	354	355	356	0	4	
232	249	253	259	273	286	295	297	296	296	295	293	298	306	309	302	298	303	307	316	322	324	329	328	326	327	329	336	343	349	355	355	351	347	350	355	353	348	345	343	350	357	357	356	356	357	359	358	356	356	355	354	354	354	355	1	7	
236	247	253	255	260	270	285	296	299	300	307	308	307	314	319	315	311	310	311	317	318	315	318	319	322	327	330	336	342	347	349	350	349	347	347	348	350	352	350	342	344	355	359	358	358	358	357	356	356	355	355	355	354	354	356	0	4	
236	238	249	250	251	265	278	288	290	293	303	307	306	313	322	322	320	322	324	324	317	309	310	313	316	322	329	340	346	347	345	346	348	348	347	345	347	356	358	348	345	351	354	355	358	359	357	357	356	354	355	355	355	355	357	359	359	
230	223	238	250	255	265	270	269	275	288	298	301	298	302	311	310	309	314	320	322	318	311	312	314	318	324	333	342	344	344	345	347	347	348	349	347	347	356	360	352	350	352	352	354	356	358	1	2	356	353	354	355	355	355	355	358	1	
220	218	236	259	259	255	254	259	271	285	291	292	288	286	294	298	296	297	307	320	323	321	322	326	330	333	339	346	345	341	342	348	348	348	350	350	351	353	351	350	353	354	355	357	357	1	9	5	356	354	353	353	354	354	353	358	4	
209	220	249	268	260	250	244	255	268	275	278	282	283	286	295	302	303	307	318	326	324	322	325	332	338	342	345	347	346	344	344	349	350	348	350	353	355	350	342	343	351	357	1	3	3	8	10	4	360	357	352	350	351	353	353	356	359	
216	234	261	270	265	252	245	250	261	269	274	277	286	297	303	306	309	312	322	330	321	318	323	331	341	345	345	345	342	343	348	350	350	349	353	356	355	349	338	338	349	3	10	11	9	6	4	6	7	360	351	348	350	352	353	353	354	
247	259	273	272	268	257	251	252	260	269	274	280	289	298	303	306	310	315	326	331	318	315	321	332	339	339	343	347	341	341	349	350	346	350	358	358	354	347	339	341	355	7	12	10	5	2	3	8	7	359	354	352	351	352	352	351	350	
250	254	269	272	270	268	263	260	260	265	278	292	291	295	303	308	313	321	331	328	316	314	328	341	336	336	344	347	342	345	349	349	347	351	358	357	351	341	342	354	6	10	5	4	7	5	3	3	359	358	2	1	356	353	352	349	347	
236	232	237	257	267	277	279	269	262	269	286	295	293	294	304	309	314	324	329	324	313	316	337	344	335	338	348	347	343	346	347	348	350	352	351	350	348	344	349	9	15	6	358	3	12	6	355	355	357	2	8	8	3	358	353	346	342	
225	219	222	239	256	271	282	278	271	280	290	292	296	301	303	307	317	325	330	322	313	322	340	339	335	343	352	349	345	349	350	349	348	347	340	340	345	353	6	11	3	356	359	8	11	3	350	350	1	7	9	13	13	5	354	339	332	
217	211	219	238	249	254	261	274	282	287	292	294	300	307	302	305	320	328	335	323	317	331	343	338	337	347	354	350	350	355	358	354	345	340	335	333	339	354	5	4	0	360	6	11	7	4	359	355	3	12	17	21	18	8	356	335	324	
214	211	226	247	250	247	253	268	286	288	297	303	304	310	309	317	328	336	339	326	326	340	345	339	342	350	350	348	354	3	2	352	343	340	340	341	343	346	350	356	3	8	11	7	2	6	11	7	6	14	17	11	6	4	1	345	331	
221	227	256	262	256	251	255	267	292	302	307	310	316	323	321	326	333	339	340	331	332	346	346	341	347	351	347	348	356	4	2	351	344	345	347	350	352	349	343	345	1	13	11	1	358	10	17	11	7	7	7	6	3	4	6	359	350	
224	236	273	274	258	249	249	258	296	313	311	312	323	330	325	327	333	338	341	334	333	347	347	344	350	352	349	350	357	2	2	353	347	349	350	352	357	356	350	346	358	12	9	0	359	15	18	11	7	5	5	7	5	5	9	7	2	
