autotest/output/original/cli_wxModelInitialization_local_model/mackay_07-12-2013_0300_393m_ang.asc
ncols	57
nrows	71
xllcorner	279635.000000
yllcorner	4850745.000000
cellsize	393.466398
NODATA_value	-9999.000000
201	203	206	206	205	206	206	207	207	205	203	201	200	195	193	195	196	195	202	210	201	195	200	207	216	219	209	200	197	199	205	221	229	227	248	267	226	205	210	226	241	236	211	212	231	256	277	284	277	268	266	261	252	245	236	229	228	
201	204	207	207	206	207	207	207	207	205	203	202	200	194	192	195	197	197	206	214	201	192	204	212	220	219	208	202	198	200	208	225	232	229	244	249	219	202	217	235	241	233	210	218	237	245	248	251	251	256	259	253	247	243	238	232	229	
201	205	208	208	207	208	209	209	208	206	205	204	201	195	192	195	203	206	217	222	206	197	217	228	232	226	218	218	210	202	208	224	230	227	239	243	220	178	231	246	241	233	224	241	248	243	234	229	232	241	245	241	240	240	239	231	222	
202	205	208	208	209	209	210	211	210	208	208	208	205	201	199	198	210	220	224	229	224	228	246	252	252	242	227	227	220	198	204	225	234	231	233	237	221	175	220	236	232	234	242	258	257	249	241	242	246	246	243	238	235	232	232	220	205	
202	205	209	209	210	211	212	212	211	210	210	210	208	206	204	200	210	227	233	242	248	258	270	264	258	251	226	221	219	209	207	231	236	233	224	221	215	197	208	223	226	235	242	250	261	250	242	253	266	260	246	233	225	224	227	217	203	
202	206	210	211	212	213	213	213	212	212	212	212	212	211	211	209	213	227	236	244	247	248	254	254	248	247	235	216	220	220	213	209	227	236	231	219	218	213	215	212	226	238	239	242	256	246	239	247	253	245	234	224	218	221	230	221	206	
203	207	211	212	213	214	214	214	214	214	215	215	215	215	215	216	217	217	218	217	216	219	224	225	228	239	236	203	219	223	220	204	233	248	248	246	234	221	218	205	219	241	243	243	240	221	226	237	234	225	222	217	214	220	229	219	202	
204	208	212	213	214	215	215	215	215	216	217	217	217	218	218	218	216	204	201	204	204	207	213	211	215	226	226	205	212	229	232	225	245	246	238	232	222	206	213	208	214	235	240	238	225	203	221	236	233	226	219	211	211	220	226	218	209	
205	209	213	214	215	216	216	216	216	219	221	219	218	219	220	219	214	205	200	206	208	209	213	211	212	220	221	214	211	231	240	239	239	236	231	223	213	191	185	209	219	231	238	237	224	216	240	246	237	227	216	213	222	228	227	226	226	
206	210	214	216	217	218	218	218	219	222	223	219	219	221	221	220	216	211	208	211	216	221	223	220	220	221	221	218	208	217	233	239	234	241	242	232	222	207	178	201	230	244	255	252	236	242	261	257	245	237	223	226	239	242	235	238	241	
208	212	216	218	219	220	220	220	221	223	223	219	220	222	222	222	220	215	213	215	218	224	224	224	228	225	222	219	206	211	228	226	221	239	249	242	230	214	185	201	234	250	260	255	243	257	268	274	261	254	255	252	247	243	238	248	250	
210	214	219	221	221	221	221	222	222	223	222	220	222	224	225	225	223	217	216	218	221	224	224	226	229	227	229	229	216	223	234	228	226	235	238	233	221	203	193	213	239	248	245	238	242	256	262	261	258	257	264	277	259	248	240	245	250	
213	216	220	221	221	221	221	221	222	223	223	223	224	226	228	227	225	221	219	221	223	225	227	230	234	237	242	241	234	244	245	235	236	240	235	229	212	188	197	225	247	248	238	237	245	250	248	243	241	251	255	256	268	264	256	247	244	
217	218	221	223	222	221	220	223	226	226	225	225	225	228	228	226	226	223	223	225	226	229	233	237	242	247	248	244	244	249	244	238	239	238	237	231	216	196	210	242	252	248	241	248	253	249	247	244	244	251	249	243	254	265	261	239	223	
221	223	225	227	225	225	226	228	230	229	227	226	224	228	228	225	226	225	227	228	228	233	237	240	245	253	253	252	253	251	245	241	240	236	226	221	217	217	249	267	260	255	257	262	261	254	249	247	246	249	249	249	253	255	247	221	206	
226	227	228	230	231	231	231	232	231	230	229	228	226	229	229	227	228	228	231	231	231	237	241	245	252	257	259	260	259	256	253	248	245	239	221	201	210	229	257	275	263	260	264	263	261	263	265	254	241	244	254	260	259	253	244	224	208	
230	230	231	233	234	234	234	233	233	232	232	232	232	234	234	232	232	232	235	234	235	241	244	248	254	258	261	262	260	258	258	255	253	244	223	203	209	230	249	260	263	261	254	248	249	252	260	252	242	254	261	259	250	242	239	227	207	
235	235	235	237	237	238	237	236	236	235	235	236	235	236	238	238	236	236	239	238	238	243	246	249	253	258	262	262	260	260	260	259	257	245	222	211	218	235	245	249	261	262	244	238	242	243	242	245	250	256	259	252	237	236	242	233	221	
238	237	236	239	240	241	242	241	240	239	238	238	237	237	239	240	239	240	243	242	242	245	248	250	252	256	260	261	261	260	259	259	258	244	221	220	226	239	246	250	257	251	227	234	242	243	245	248	253	251	247	242	235	247	256	247	237	
238	235	233	237	239	242	245	246	245	243	242	241	241	240	241	242	241	241	245	245	244	246	249	251	252	254	256	258	259	258	256	256	256	247	233	233	239	246	251	257	256	234	210	230	248	258	258	252	248	250	246	237	236	249	256	248	238	
236	234	233	236	239	239	243	246	246	243	243	242	242	244	246	246	244	244	247	247	245	247	249	252	254	255	255	256	257	257	256	256	256	255	257	261	262	259	260	262	255	227	211	241	264	269	269	261	248	246	244	237	237	245	252	248	241	
234	232	233	237	239	236	239	243	242	242	243	243	242	245	251	252	249	249	250	249	246	247	250	252	253	255	256	256	255	256	257	258	259	262	269	278	278	273	270	264	254	223	221	261	271	266	264	267	259	246	238	244	245	246	251	251	247	
230	229	230	235	235	232	235	239	238	238	242	243	242	247	254	256	256	257	256	252	248	249	250	251	252	254	255	255	254	255	257	259	260	264	274	284	285	283	277	267	254	228	251	273	272	265	261	259	253	241	244	259	265	254	250	249	249	
227	226	228	233	231	228	233	236	235	235	238	238	236	248	256	256	260	266	265	258	252	251	251	252	252	254	255	255	256	257	258	259	261	265	274	284	287	288	283	269	256	250	273	275	270	269	265	255	219	227	257	270	276	265	250	250	254	
229	229	234	238	236	234	237	237	236	235	236	230	229	247	256	254	255	263	268	266	258	254	253	253	253	254	255	256	258	259	260	260	262	265	271	280	284	287	286	276	266	271	281	278	274	275	269	249	209	238	268	273	273	277	269	263	264	
233	236	244	247	245	244	244	241	238	237	234	221	225	248	255	252	251	255	260	264	263	259	256	254	254	255	255	256	258	260	260	261	263	265	268	274	279	283	285	282	279	281	286	283	280	278	267	239	221	262	272	268	267	279	299	282	275	
234	236	240	242	242	243	245	244	241	240	232	218	226	246	251	249	250	250	252	256	263	264	259	257	256	256	256	257	259	260	261	262	263	265	267	271	275	279	284	286	285	284	286	286	285	280	268	244	253	273	272	263	262	273	295	290	282	
236	237	237	238	239	241	246	249	249	243	233	231	242	246	248	248	248	246	246	250	260	264	261	259	258	257	258	259	260	261	262	262	264	265	267	270	274	278	282	287	286	281	281	286	288	283	272	264	280	277	269	263	268	271	282	289	286	
240	240	239	242	244	246	250	254	256	243	232	243	257	259	256	252	247	241	242	249	255	258	257	259	260	259	260	261	261	262	262	264	265	266	268	271	274	277	280	284	285	279	278	282	288	287	279	284	291	281	268	268	279	274	274	283	288	
243	240	237	239	242	248	252	254	256	244	228	239	249	261	262	255	246	241	245	251	251	248	252	257	260	261	262	262	262	262	263	265	266	267	269	271	274	277	278	281	284	281	278	280	283	285	286	290	290	287	278	274	277	276	272	279	289	
244	239	233	233	236	242	246	249	253	253	242	246	251	257	259	255	249	251	261	260	252	245	249	256	259	263	264	264	263	264	265	266	267	268	270	272	274	276	278	280	282	282	279	279	280	282	286	287	287	292	287	276	272	278	276	278	287	
246	242	232	231	234	237	239	245	251	250	250	262	262	260	255	253	249	254	264	266	258	249	250	257	260	262	264	266	266	266	266	267	268	269	270	272	274	276	278	279	282	283	281	280	279	279	281	283	286	290	288	279	277	281	278	278	283	
248	246	238	238	242	241	241	248	252	247	246	264	265	255	248	249	246	252	258	260	258	254	254	258	261	262	264	266	268	268	268	268	269	270	271	273	274	276	278	279	282	284	282	279	278	277	279	281	284	285	285	282	281	280	279	280	284	
249	250	246	239	248	253	250	253	255	250	256	270	268	254	250	250	248	253	257	257	254	254	257	260	262	264	265	267	268	269	270	270	270	271	272	273	274	276	277	279	281	283	281	278	278	279	280	281	282	282	283	283	282	281	282	285	287	
251	255	252	226	239	249	254	258	256	251	258	266	265	265	263	257	253	255	256	254	253	254	256	261	265	267	267	267	268	270	271	271	272	272	273	274	274	275	276	278	279	281	281	281	281	281	280	280	281	281	282	282	283	283	285	287	289	
252	255	253	218	236	240	248	259	260	256	257	255	255	261	265	262	261	263	261	254	251	253	257	262	266	268	269	269	269	270	271	272	272	273	274	274	275	275	276	277	279	280	282	282	282	281	281	280	281	281	282	283	284	285	286	288	290	
248	249	246	242	253	241	245	256	262	261	259	256	254	255	255	257	262	265	264	258	254	256	260	262	263	267	270	271	271	271	271	272	273	274	274	275	275	276	276	278	279	281	282	283	282	282	281	281	281	282	283	284	285	287	288	290	291	
241	244	247	253	262	252	249	255	258	258	258	256	255	254	256	259	260	260	260	259	259	261	262	261	261	265	272	275	273	272	272	273	274	274	275	275	276	276	277	279	280	281	282	283	283	282	282	282	282	283	284	286	287	289	290	291	293	
241	246	254	256	247	252	259	256	251	251	252	251	253	255	259	262	262	262	262	261	262	263	262	260	260	266	272	275	275	274	273	274	274	275	275	276	276	277	278	279	281	281	282	283	283	283	283	283	284	284	286	287	289	290	291	292	293	
243	252	259	256	238	258	273	263	249	243	238	242	248	252	256	258	262	265	265	264	263	263	263	261	263	267	270	273	275	275	275	275	275	276	276	277	278	279	280	280	281	282	283	283	284	284	284	285	285	286	287	289	290	291	292	293	294	
237	246	252	250	246	272	280	279	260	244	234	236	241	245	249	252	257	261	264	265	264	263	263	266	268	267	268	271	273	275	275	276	277	277	277	278	279	280	281	281	282	283	284	284	285	285	285	286	287	287	288	290	291	292	293	294	295	
232	241	245	243	253	272	275	274	274	265	254	248	246	246	247	250	251	256	261	261	261	263	265	268	270	269	267	268	271	274	275	276	277	278	279	279	280	281	282	282	283	284	284	285	286	286	286	287	288	289	289	290	292	293	294	295	296	
242	250	251	249	254	260	261	260	266	271	273	275	267	257	255	255	256	259	256	253	258	265	268	268	270	271	269	267	270	274	276	277	278	279	280	280	281	282	282	283	284	285	285	286	287	287	287	288	289	289	290	291	292	293	295	296	297	
254	260	268	268	260	251	247	252	255	257	268	282	285	272	267	264	263	259	250	252	260	264	265	267	268	270	270	270	271	274	276	277	278	279	281	281	282	283	283	284	285	285	286	287	288	288	288	289	290	290	291	292	293	294	295	296	297	
250	257	270	274	267	254	242	242	245	252	266	275	284	283	275	273	267	257	252	257	260	260	261	263	265	269	272	273	274	275	276	278	279	280	281	282	283	283	284	285	286	286	287	288	288	289	289	290	290	291	292	293	293	294	296	297	298	
245	254	261	262	261	265	256	241	237	249	260	265	272	278	274	272	268	263	267	268	263	258	257	259	266	271	274	276	275	274	275	277	280	281	281	283	285	285	285	286	287	287	288	288	289	290	290	291	291	292	292	293	294	295	296	297	298	
248	257	259	254	255	264	274	259	244	247	250	252	255	263	270	266	260	265	271	271	266	261	259	261	267	272	275	274	273	274	276	278	280	281	282	285	286	286	286	287	287	288	289	289	290	290	291	292	292	293	293	294	294	295	296	297	299	
249	255	255	252	254	257	261	278	276	258	252	249	248	253	258	255	260	265	264	263	265	268	270	271	271	272	271	266	270	277	280	279	279	282	283	285	287	287	287	287	288	288	289	290	290	291	292	293	293	293	294	294	294	294	295	297	298	
257	259	258	255	255	254	254	263	283	280	265	256	256	256	247	249	261	262	261	262	266	272	276	278	276	270	262	263	271	277	279	279	278	279	281	284	288	289	288	287	288	288	289	290	291	292	293	294	294	294	294	294	293	292	291	294	296	
266	271	275	270	262	258	257	262	274	282	273	263	261	258	247	250	257	261	263	266	269	270	273	276	274	267	261	268	272	273	275	278	279	280	283	287	291	290	287	286	286	287	289	291	292	293	294	294	295	295	293	292	290	288	289	292	294	
266	273	281	281	272	264	260	265	274	283	283	272	263	253	249	254	258	263	266	267	268	268	269	269	268	267	269	273	274	274	276	281	288	291	289	288	290	288	283	282	286	288	289	292	293	294	295	295	296	296	294	292	294	296	296	296	297	
263	268	277	279	275	267	259	260	268	281	292	285	267	254	249	255	261	262	264	266	268	270	270	267	267	271	277	279	281	283	284	289	295	295	289	282	279	278	278	280	285	289	290	291	293	295	296	296	297	299	300	301	304	306	301	298	297	
257	263	269	273	274	274	266	257	259	271	285	289	273	259	250	255	261	259	259	265	271	272	272	269	267	272	281	286	289	292	289	288	288	283	277	271	268	270	275	277	283	291	294	292	293	296	298	298	299	302	305	304	304	304	301	299	299	
255	259	261	265	271	277	280	275	266	264	267	275	276	266	258	262	264	260	259	264	269	271	272	273	274	279	285	289	292	293	287	280	274	268	266	268	270	273	275	277	285	296	300	296	295	298	301	301	301	303	304	303	302	303	302	300	300	
255	257	256	256	262	270	280	291	284	271	262	260	266	271	275	274	270	266	266	266	265	267	274	282	287	287	286	285	285	285	281	273	265	263	268	274	277	282	284	283	289	300	305	301	299	299	302	304	303	302	303	304	305	305	303	300	301	
248	253	254	253	258	267	274	281	282	277	266	256	259	271	282	282	275	273	274	271	268	271	277	284	288	286	281	276	274	274	271	265	264	271	275	276	281	290	296	290	289	299	307	304	300	298	300	303	303	302	303	305	307	307	305	304	304	
247	252	253	254	261	267	272	272	268	266	259	253	261	269	275	276	276	279	281	278	275	277	279	279	279	278	275	271	268	264	262	264	271	280	283	281	283	291	296	290	287	291	300	298	296	295	295	300	302	302	303	305	308	309	306	305	306	
261	259	254	253	256	263	274	278	269	256	248	255	264	267	266	267	272	280	283	283	279	275	277	275	274	274	272	267	263	262	268	274	277	282	289	290	284	284	288	285	283	285	291	294	294	293	294	299	302	302	304	306	308	308	305	303	304	
264	263	256	251	251	262	270	275	271	260	257	263	265	265	265	267	271	275	276	276	273	270	273	275	273	272	272	268	266	269	276	281	280	281	289	293	286	279	276	280	284	289	294	298	298	296	297	301	301	302	305	306	307	309	308	305	304	
260	257	253	254	257	264	265	257	255	265	273	270	265	263	266	271	272	268	263	260	263	268	271	274	275	276	279	276	273	274	277	283	283	282	286	290	287	281	276	282	290	295	299	303	303	300	297	297	298	302	305	305	307	310	311	309	309	
257	255	265	269	263	258	254	250	250	259	266	268	264	261	265	272	268	263	261	260	264	269	272	278	282	283	283	281	276	277	280	284	284	282	284	289	288	288	285	285	292	300	304	306	304	298	289	289	296	301	303	304	307	309	310	310	311	
259	262	278	282	267	254	246	249	254	254	253	255	259	262	269	271	265	264	269	269	268	272	279	285	287	281	279	284	281	279	282	285	282	282	285	287	287	290	290	288	294	303	304	302	298	294	286	288	294	298	300	305	308	309	309	309	310	
269	276	286	285	274	258	247	248	251	250	245	246	257	269	271	267	267	271	272	268	270	279	285	286	280	274	277	284	285	280	279	283	285	284	284	285	286	286	290	294	296	298	293	288	290	297	293	289	290	294	299	307	310	309	309	310	310	
278	286	291	285	277	264	253	250	249	248	240	245	261	270	267	264	273	276	269	265	273	280	284	278	272	277	280	281	284	284	277	282	290	285	281	283	291	292	294	297	295	292	289	289	296	305	295	287	290	297	303	309	313	311	309	309	310	
276	282	287	281	277	273	266	259	251	244	245	258	262	260	261	271	277	273	264	267	274	279	280	274	277	284	283	281	283	287	282	282	288	288	282	285	296	299	298	298	294	289	293	295	296	301	297	293	299	306	308	310	314	313	309	309	309	
269	268	268	270	273	281	283	269	253	246	259	268	263	256	261	272	274	265	263	268	275	279	280	275	280	287	288	282	283	288	287	282	283	294	295	297	303	300	294	286	282	289	298	299	289	294	304	301	301	305	304	305	310	310	305	305	305	
263	256	248	257	270	281	289	278	260	260	267	268	268	266	264	265	261	262	265	270	278	281	278	280	283	290	294	282	284	290	286	280	282	297	305	305	308	300	290	285	293	303	307	310	294	295	306	303	298	300	302	298	296	298	298	299	300	
261	252	247	260	268	270	269	269	267	269	269	269	275	276	267	260	258	264	270	276	280	281	279	283	285	289	299	288	288	294	289	282	287	300	307	304	303	299	296	301	304	308	316	322	304	299	303	301	296	293	288	283	287	293	298	298	297	
265	264	267	267	263	256	252	255	260	264	273	280	278	273	274	272	269	272	279	281	282	281	277	281	285	287	299	297	291	293	292	289	295	305	306	299	295	295	295	295	294	296	311	316	307	300	295	296	296	289	287	295	305	308	308	305	302	
267	271	279	270	256	245	243	244	260	276	283	287	287	289	289	289	288	290	293	285	276	268	272	275	276	282	295	301	302	313	316	304	296	293	287	281	279	281	282	279	275	276	295	303	299	296	289	286	290	298	304	306	310	311	310	309	306	
264	268	281	273	251	238	236	238	265	289	289	288	297	305	297	295	299	301	302	286	263	256	270	269	267	279	293	303	311	325	329	314	293	268	260	261	264	271	273	270	266	270	292	297	290	293	291	280	282	297	304	304	305	307	307	307	307	
