autotest/output/original/cli_wxModelInitialization_local_model/mackay_07-12-2013_0000_393m_ang.asc
ncols	57
nrows	71
xllcorner	279635.000000
yllcorner	4850745.000000
cellsize	393.466398
NODATA_value	-9999.000000
219	220	223	222	221	223	225	226	226	224	220	217	214	206	202	205	204	204	214	229	220	204	211	221	235	244	226	208	202	203	208	225	236	237	258	278	239	211	216	235	256	258	223	219	240	269	291	294	286	274	271	266	255	247	237	232	230	
219	222	224	224	224	226	227	227	227	224	221	219	216	208	205	207	208	210	221	230	214	201	218	228	234	232	217	208	205	205	212	230	241	241	252	258	237	213	226	244	253	249	224	229	245	254	260	262	259	261	263	257	249	245	240	234	231	
220	224	226	226	227	228	229	229	228	226	225	225	223	217	215	216	221	227	235	236	218	209	235	241	240	230	219	224	224	214	217	232	238	237	244	250	247	217	248	255	250	242	246	261	255	248	240	234	236	245	249	244	242	241	241	234	225	
221	224	227	228	229	230	231	231	230	228	228	230	229	227	227	226	235	241	242	240	233	238	253	254	252	242	229	236	238	224	223	235	239	237	241	247	242	200	246	248	240	242	254	276	262	253	244	244	249	249	246	240	237	234	234	224	210	
221	224	228	229	230	231	232	233	231	230	231	233	232	231	232	231	238	246	246	246	248	257	267	262	257	254	240	234	232	231	240	243	242	242	241	237	228	213	234	236	232	241	250	261	266	252	242	254	267	262	248	235	227	226	228	220	207	
221	225	229	230	231	232	233	233	232	232	234	235	235	236	237	238	242	243	241	245	247	250	257	257	254	259	264	241	233	235	239	232	239	249	250	238	229	224	229	223	232	242	243	247	258	246	239	248	256	249	238	226	220	223	231	223	209	
222	227	230	231	233	234	234	234	233	234	236	237	237	238	238	240	241	232	226	225	224	227	232	235	240	251	259	254	242	237	240	240	252	258	258	262	252	231	224	210	223	243	245	246	243	224	229	240	239	229	225	218	214	220	229	220	205	
223	227	231	232	233	234	235	234	234	236	238	239	238	238	238	239	236	224	218	218	215	216	221	220	224	237	240	229	242	248	250	256	267	257	247	245	248	224	218	210	215	237	242	242	231	209	226	240	236	227	219	211	210	218	224	218	210	
224	228	232	233	234	235	235	235	235	238	241	240	238	238	238	238	234	229	230	233	227	224	225	220	220	228	229	224	228	250	259	269	270	253	242	233	223	199	184	208	220	234	241	241	230	223	245	249	238	226	214	212	220	225	224	225	225	
226	229	233	234	235	236	236	236	237	240	243	240	238	239	239	239	237	235	236	241	245	244	238	231	229	229	227	225	219	231	252	268	267	260	252	239	227	209	174	198	231	247	258	254	239	246	264	259	245	235	220	223	236	238	229	236	239	
227	230	234	236	237	237	237	237	239	242	243	238	238	240	240	240	240	237	237	241	247	251	245	239	241	236	231	228	215	223	243	247	242	252	256	246	231	213	181	198	235	253	262	257	245	259	270	276	261	254	252	246	243	239	230	243	247	
228	232	236	238	239	238	238	239	241	243	241	237	239	242	242	243	242	238	238	242	247	250	250	248	245	240	243	240	227	237	245	237	235	243	243	236	222	200	189	213	243	252	248	240	244	258	263	261	257	256	262	270	253	243	233	239	245	
231	233	237	238	238	238	238	239	242	242	239	238	240	243	245	245	244	241	241	244	246	249	252	255	253	251	255	252	245	254	250	239	240	245	238	231	212	184	195	228	252	252	240	238	246	251	248	242	239	248	250	248	263	261	250	239	237	
234	235	238	239	239	239	239	242	244	242	240	241	240	244	246	244	244	242	244	247	248	251	255	260	262	262	260	255	253	256	248	241	241	241	240	232	214	193	209	246	256	251	242	249	253	249	246	242	239	247	245	240	250	259	253	227	214	
238	239	242	243	243	243	244	245	245	243	243	243	241	245	245	242	243	243	246	249	249	252	256	260	265	268	264	259	260	257	249	244	242	238	227	219	214	215	250	270	261	256	257	262	261	254	247	244	243	248	247	244	243	243	233	209	198	
240	242	244	246	247	248	248	247	246	246	246	246	246	246	244	242	243	244	248	250	251	255	258	262	267	268	266	266	263	260	256	250	246	240	221	199	208	229	259	277	264	260	264	262	260	262	264	253	241	243	249	250	247	243	236	212	193	
243	244	246	248	249	250	250	249	249	249	249	250	251	250	248	246	246	247	250	251	253	257	259	262	266	267	268	268	264	261	260	257	253	244	222	201	208	231	250	262	264	260	252	246	247	251	260	252	240	248	253	248	238	233	230	208	179	
246	247	248	250	251	252	253	253	253	252	251	252	252	252	252	251	250	250	252	253	255	258	259	261	263	266	269	267	264	262	261	260	258	244	220	210	218	236	247	250	261	259	239	235	240	241	240	239	239	246	249	240	225	222	223	208	197	
248	247	247	250	253	255	257	258	257	256	254	253	252	251	253	253	252	253	255	255	256	258	259	260	261	263	265	265	263	262	260	259	258	243	219	219	226	240	246	249	255	245	220	230	238	240	240	240	237	237	237	230	220	228	233	221	214	
247	245	244	247	251	254	258	262	262	259	257	256	254	254	255	255	254	254	256	257	257	258	259	260	260	261	261	261	262	260	258	257	256	245	230	232	238	245	249	255	253	226	204	225	243	252	250	244	235	234	234	227	223	234	239	221	205	
244	243	242	246	249	251	255	261	263	261	258	256	256	257	259	259	257	256	258	257	257	258	259	260	260	260	260	260	260	259	257	257	256	254	254	258	259	256	256	258	250	219	206	233	257	263	262	251	236	230	229	227	227	232	234	215	199	
242	240	241	246	249	249	252	256	259	259	259	257	255	257	262	265	262	260	261	259	256	257	258	259	259	260	260	259	258	257	258	259	259	261	267	274	274	268	265	260	248	216	214	249	261	258	256	255	243	233	227	233	233	232	233	222	206	
239	237	239	245	247	245	248	251	252	254	257	257	254	257	264	267	267	267	265	261	258	257	258	258	258	259	259	258	257	257	258	259	260	262	271	281	281	277	271	263	249	219	235	259	260	255	253	248	233	232	237	247	245	235	236	230	216	
237	236	239	244	243	240	244	246	246	248	252	252	248	257	264	266	269	274	273	267	261	259	259	258	258	258	258	258	258	258	259	259	260	263	271	281	283	283	277	264	249	236	258	264	258	259	257	244	210	221	246	254	249	235	233	233	229	
239	241	246	248	245	243	246	246	245	246	249	243	239	255	263	264	265	271	277	275	268	263	260	259	258	258	258	259	260	260	260	260	260	263	268	276	280	283	282	271	258	259	270	268	262	264	260	238	207	227	254	254	245	235	235	242	244	
243	246	253	254	252	252	252	249	247	247	246	231	233	255	263	263	263	265	270	276	273	267	263	260	259	259	258	258	259	260	260	260	261	262	265	270	274	278	280	276	272	273	276	272	267	267	258	228	213	245	257	248	244	248	260	260	258	
243	245	248	249	250	251	254	254	251	249	241	225	235	255	260	261	263	261	261	266	273	272	266	262	260	259	258	258	259	260	260	260	261	262	263	266	269	273	277	278	277	276	277	276	273	269	257	226	229	256	257	241	242	251	269	269	263	
244	246	246	246	247	248	253	258	258	250	239	240	255	257	256	259	261	257	254	257	269	274	268	264	262	260	259	260	260	260	260	260	261	261	263	264	267	271	274	278	277	272	272	277	279	273	260	240	253	261	254	243	243	249	254	259	258	
247	248	247	249	250	252	256	260	263	252	239	253	269	269	263	261	258	252	249	255	263	268	265	264	263	261	261	261	261	260	260	261	261	262	263	264	267	270	272	276	276	271	269	273	279	278	267	263	271	263	252	248	247	249	248	248	250	
250	247	244	245	247	253	257	258	263	261	246	251	260	271	270	263	256	251	253	256	257	256	258	261	262	263	262	261	261	260	261	262	262	262	263	264	266	268	270	272	274	271	269	270	273	275	275	277	277	271	262	255	247	252	251	249	251	
250	246	240	239	241	248	252	256	261	271	276	259	260	267	268	262	255	258	266	264	256	249	253	259	261	263	264	263	262	261	262	262	262	263	263	265	266	268	269	270	271	270	269	268	268	270	274	277	277	280	276	263	252	258	256	252	252	
252	249	240	238	241	244	246	253	259	263	276	276	269	266	262	258	254	259	268	270	261	252	253	259	261	262	264	264	264	263	263	262	263	263	264	265	266	267	268	269	270	271	270	268	265	265	267	270	274	279	278	267	261	264	260	255	255	
253	252	247	247	250	249	248	254	260	259	263	279	274	262	254	254	253	258	263	264	261	256	256	259	261	262	263	264	265	265	264	263	263	264	264	265	266	267	268	268	270	272	270	267	265	264	265	267	269	271	272	268	266	265	262	259	258	
253	256	256	250	255	259	256	258	261	259	267	280	276	262	255	255	254	257	260	260	256	256	258	260	262	263	263	264	265	265	265	264	264	265	265	265	265	266	267	268	269	271	269	266	265	266	265	265	265	265	265	265	264	263	261	259	258	
255	260	264	242	247	255	261	263	262	260	267	273	272	270	268	261	257	258	258	256	254	255	257	260	264	265	264	264	264	265	265	265	265	265	265	265	265	266	266	267	268	269	268	267	267	266	265	264	264	263	262	262	261	260	260	259	258	
256	261	264	245	246	247	254	264	265	263	264	262	261	267	269	264	263	266	262	255	252	253	257	261	264	265	266	265	265	265	265	265	265	266	265	265	265	265	265	266	267	267	268	268	267	266	265	264	263	262	261	260	260	260	259	258	258	
253	254	253	261	268	249	250	260	267	265	264	261	260	260	258	260	264	267	265	259	254	255	259	261	261	264	267	267	266	265	265	265	265	265	265	265	265	265	265	266	266	267	268	268	267	266	265	264	262	261	261	260	260	260	259	259	258	
245	247	251	263	277	264	254	258	262	262	263	262	260	258	259	262	262	262	261	259	258	260	260	259	258	262	268	270	268	266	265	265	265	265	265	265	265	265	265	266	266	267	267	267	267	266	265	264	262	261	261	261	261	260	260	259	259	
244	249	257	264	262	265	264	259	255	255	257	255	256	258	261	264	263	262	262	261	260	261	260	256	256	262	267	269	268	266	266	266	266	266	265	265	265	265	266	266	266	266	266	266	266	266	265	264	263	262	262	262	261	261	260	260	259	
247	256	263	262	250	269	279	268	254	246	241	245	250	255	258	260	263	265	264	262	261	261	260	257	258	262	265	266	267	267	267	267	266	266	266	266	266	266	266	266	267	266	266	266	266	265	265	264	263	263	262	262	262	261	261	260	260	
241	250	255	254	255	278	284	282	263	247	236	238	243	248	251	253	257	261	263	263	261	259	259	260	262	262	262	263	265	266	267	267	267	267	266	266	266	267	267	267	267	267	266	266	266	265	265	264	264	263	263	263	262	262	261	261	260	
237	245	247	246	259	277	278	276	275	266	256	250	248	247	248	250	251	255	258	257	257	259	260	262	264	263	261	260	262	265	266	267	267	267	267	267	267	267	267	267	267	267	267	266	266	266	265	264	264	264	263	263	263	262	262	261	260	
246	253	253	253	258	264	263	262	267	272	273	275	267	257	255	254	255	257	253	249	254	260	262	262	264	265	263	260	261	264	266	266	267	268	268	268	268	268	268	268	268	267	267	267	267	266	265	265	264	264	264	263	263	262	262	262	261	
256	262	270	270	263	253	248	253	256	258	269	282	285	271	266	262	261	257	247	248	255	259	260	261	263	265	265	263	263	265	266	267	267	268	268	269	268	268	268	268	268	268	268	268	267	267	266	265	265	264	264	263	263	263	262	262	261	
252	259	271	276	269	255	243	243	245	253	267	275	284	282	274	271	265	255	248	252	255	254	254	256	259	263	265	265	265	265	266	267	268	269	269	269	269	269	269	269	269	269	268	268	268	267	266	266	265	265	264	264	263	263	262	262	261	
247	256	263	263	262	265	256	241	238	249	261	265	272	277	272	271	266	260	264	264	257	252	250	252	259	264	265	266	264	264	265	266	269	269	269	270	270	269	269	269	269	269	269	269	268	268	267	267	266	265	265	264	264	263	262	262	262	
249	258	259	254	255	264	274	258	244	247	249	251	254	261	267	262	256	262	267	267	262	256	252	254	260	264	265	263	262	264	265	267	268	268	269	271	271	270	270	269	270	270	269	269	269	268	268	268	267	266	265	264	264	263	263	262	262	
250	255	255	252	254	257	260	276	274	257	251	248	246	250	254	250	255	260	259	257	259	261	261	261	262	262	260	255	261	267	268	267	267	268	270	271	271	271	270	270	270	270	270	269	269	269	269	268	267	266	265	264	264	263	263	263	263	
257	259	258	255	254	253	253	261	281	277	263	255	254	253	243	244	256	258	255	256	258	262	266	268	267	260	251	252	261	266	268	268	266	267	270	272	273	272	271	270	270	270	270	270	270	270	269	268	268	267	265	264	263	262	263	264	264	
265	271	274	269	261	256	256	260	272	280	271	261	259	254	242	245	252	255	256	258	260	261	263	267	267	259	252	258	262	261	264	267	267	267	270	273	274	272	269	269	270	270	271	272	272	271	270	269	268	266	264	263	262	260	263	265	265	
265	272	281	280	271	262	259	264	272	281	281	270	260	249	243	249	254	257	259	259	259	260	260	261	260	258	259	263	264	261	262	266	271	272	269	267	268	266	264	267	270	272	273	274	273	272	271	270	268	266	263	261	262	262	263	263	263	
262	268	276	278	273	265	256	257	266	279	290	282	264	250	243	250	256	257	259	261	261	262	260	258	257	259	265	267	268	266	267	271	273	272	266	260	256	256	260	265	270	273	274	274	275	275	273	271	270	268	265	264	264	264	262	262	262	
256	261	267	270	270	269	261	253	256	268	282	285	268	254	243	250	255	253	252	258	262	262	261	258	256	261	270	274	274	273	271	271	268	263	259	256	253	253	258	264	271	276	276	273	274	277	276	273	272	272	272	270	267	264	263	263	264	
253	257	259	261	267	272	275	270	262	260	262	269	270	259	249	255	257	250	250	254	257	258	259	258	260	265	271	276	277	276	271	264	257	253	253	254	255	255	258	263	273	281	280	274	273	276	277	276	274	274	275	273	270	267	266	266	266	
251	255	255	254	260	267	277	288	281	267	257	255	260	265	267	267	262	255	256	256	252	253	258	264	270	270	269	267	267	269	267	259	250	248	253	256	258	261	261	265	273	281	282	277	274	273	275	276	274	274	275	274	273	271	269	268	267	
243	251	252	251	255	262	269	276	279	274	263	253	255	267	277	277	270	266	267	262	256	258	262	269	274	272	267	262	259	259	257	254	252	254	256	256	262	269	272	271	272	275	279	279	275	271	271	273	274	274	274	275	275	273	272	270	268	
240	248	250	251	255	261	265	264	261	260	253	249	256	264	269	272	273	275	276	270	266	267	268	268	269	269	265	261	258	254	251	252	257	264	263	259	264	271	277	276	272	270	273	274	273	272	271	272	274	275	275	276	276	276	274	271	269	
250	250	250	249	252	259	268	271	260	247	240	248	258	258	256	259	265	274	277	275	271	269	269	268	266	265	263	259	255	254	256	258	261	266	269	268	266	266	271	274	274	271	270	272	272	271	273	274	275	276	276	276	277	276	273	270	268	
256	252	250	249	248	256	263	266	262	252	249	254	258	256	254	257	262	265	265	265	266	265	268	270	267	265	264	258	255	257	262	264	263	265	270	274	269	261	261	269	274	275	274	275	272	271	274	275	276	277	277	276	276	276	272	270	268	
253	246	245	251	253	258	257	248	246	257	264	263	259	256	258	264	265	261	256	253	257	263	266	269	269	268	267	261	259	261	263	265	266	266	268	272	270	262	259	269	275	277	278	278	276	273	270	270	275	279	279	277	276	276	275	272	270	
250	245	252	263	259	253	248	242	241	250	259	263	260	257	261	267	264	259	256	253	256	261	264	268	271	270	268	262	261	265	267	266	265	266	267	269	268	266	267	270	274	278	279	277	276	270	263	267	276	279	279	279	278	277	277	274	271	
250	253	269	276	263	250	241	242	245	247	247	251	256	259	264	266	259	258	261	258	259	264	269	272	271	265	262	262	263	265	267	266	264	266	268	267	266	270	276	276	277	277	273	271	270	262	260	268	274	275	279	283	281	279	276	274	272	
262	269	280	281	270	254	243	242	243	243	240	242	253	264	265	260	260	264	262	256	261	271	276	274	264	259	261	264	268	266	264	264	266	267	266	265	266	270	279	283	281	272	264	263	265	263	265	268	268	272	279	285	284	279	275	273	271	
274	282	288	282	274	260	249	245	242	240	234	240	256	264	260	257	265	268	258	253	265	273	276	268	260	264	265	262	269	269	263	265	272	267	260	263	270	274	281	285	276	265	258	261	266	268	267	265	266	273	278	282	283	279	275	273	272	
272	278	285	280	275	270	261	254	244	236	237	250	255	253	254	263	268	263	251	256	267	272	271	260	264	270	266	263	268	270	265	266	271	268	260	265	275	284	284	279	266	260	264	267	264	266	267	269	274	277	274	273	277	277	274	272	272	
263	261	262	267	272	280	279	263	245	237	249	259	256	249	253	263	264	255	252	258	268	272	266	258	267	272	265	264	269	270	269	266	267	271	271	276	282	283	278	265	259	263	271	267	258	267	279	278	277	274	267	265	266	269	270	271	271	
257	248	241	252	265	276	283	270	251	250	257	260	260	257	255	256	252	252	253	260	271	273	262	263	270	271	262	262	268	271	267	265	268	277	288	289	287	276	262	255	263	272	270	255	256	270	285	283	273	267	264	259	257	261	267	270	271	
254	243	238	253	260	260	258	255	255	259	260	262	267	266	259	253	249	253	255	266	272	269	259	266	271	267	260	265	269	268	263	265	273	285	294	291	287	274	261	261	268	270	261	249	262	270	276	278	271	262	256	254	254	259	267	271	272	
257	253	254	260	256	248	244	243	249	257	265	273	270	264	266	262	256	256	260	269	271	262	255	264	267	262	268	273	268	262	262	269	279	289	289	281	277	275	275	272	268	261	251	264	272	267	261	264	263	254	250	256	260	261	266	270	272	
260	262	273	266	253	242	239	238	252	269	277	280	279	279	279	278	274	272	274	270	261	247	249	255	252	254	267	277	277	280	286	283	277	270	262	259	258	263	269	269	264	259	265	279	279	271	261	253	245	246	253	258	260	262	264	266	268	
257	262	278	271	250	237	234	233	257	282	283	282	290	296	288	285	288	287	285	270	248	237	246	247	241	248	263	276	287	300	305	293	270	246	241	246	249	255	259	260	259	261	275	284	280	280	270	250	237	245	256	257	255	261	263	264	266	
