autotest/output/original/cli_wxModelInitialization_diurnal_local_model/mackay_07-14-2013_0000_393m_ang.asc
ncols	57
nrows	71
xllcorner	279635.000000
yllcorner	4850745.000000
cellsize	393.466398
NODATA_value	-9999.000000
312	18	320	322	37	324	2	3	329	17	25	20	10	31	25	329	16	328	327	335	334	14	329	330	337	332	312	89	100	165	189	246	271	289	305	317	195	123	255	300	326	327	350	335	326	340	331	324	314	304	332	299	335	293	282	318	323	
310	313	318	349	29	344	325	327	328	330	330	344	329	341	5	330	358	349	325	328	334	8	329	327	334	332	327	353	49	49	204	266	285	298	291	274	221	69	288	298	315	325	349	333	320	331	328	323	310	292	297	306	334	320	316	312	315	
306	308	314	344	320	321	323	324	326	328	345	343	341	356	355	357	358	346	338	323	327	0	322	328	328	328	348	93	74	53	39	290	291	287	192	248	249	55	303	293	297	293	308	355	306	308	318	327	309	327	291	296	291	234	231	232	252	
305	339	342	341	317	318	320	321	323	326	346	358	339	352	355	360	1	346	340	331	322	347	339	326	331	322	113	142	187	83	30	287	267	215	231	299	283	297	318	303	301	304	290	329	312	289	296	321	320	310	297	296	215	206	217	288	287	
304	339	339	339	339	316	318	319	322	345	3	342	338	340	351	355	3	348	336	340	328	339	21	167	161	189	113	317	200	147	71	66	223	300	317	323	337	341	327	320	315	283	301	292	329	281	245	214	229	241	237	235	232	191	313	305	301	
302	338	337	337	339	338	337	318	321	4	0	341	336	335	345	346	0	353	357	121	156	180	195	183	186	230	212	316	72	160	131	48	312	303	314	329	340	339	314	335	326	291	288	277	266	218	178	223	250	287	284	274	353	169	313	315	316	
337	338	336	338	340	340	337	336	345	4	354	340	338	335	342	344	350	18	64	88	350	348	347	285	270	274	259	160	78	69	170	41	326	291	292	307	332	335	342	322	30	270	252	236	212	155	239	311	320	320	302	282	359	10	322	295	336	
339	341	338	341	343	342	338	339	350	360	341	339	339	337	335	348	339	32	22	344	346	348	345	350	353	327	299	227	137	98	306	28	325	298	295	282	293	334	359	27	46	267	268	248	330	347	331	317	325	315	305	358	349	337	335	348	357	
335	338	339	343	344	340	338	341	349	1	342	334	341	348	349	345	349	1	14	6	5	7	355	345	351	341	350	354	140	206	276	319	319	317	315	322	314	315	7	48	71	299	300	312	314	336	324	312	317	326	326	323	341	335	348	8	13	
332	338	340	341	341	340	340	343	6	25	332	324	353	357	359	344	346	353	17	25	19	12	5	11	14	337	352	359	358	343	310	317	319	336	314	326	335	325	1	81	91	46	284	292	306	302	308	318	320	321	344	356	329	326	358	17	28	
331	337	339	341	343	342	343	1	315	313	314	322	3	0	360	350	338	358	21	29	29	19	15	21	9	359	349	342	13	355	322	323	330	324	314	313	339	340	17	93	97	289	288	281	273	285	296	308	320	297	315	338	322	327	330	22	35	
333	339	354	358	345	345	3	315	315	315	318	331	10	359	359	356	334	347	24	29	25	24	22	19	6	6	356	327	342	354	316	316	329	333	314	293	317	356	75	96	57	309	304	296	290	293	275	264	250	232	254	295	352	324	323	7	25	
338	353	9	353	345	9	312	316	316	316	320	356	15	17	314	360	331	345	23	20	15	17	16	13	8	4	358	331	349	341	321	311	308	325	340	313	302	357	91	56	5	306	297	292	297	301	301	268	238	307	285	297	323	326	318	349	12	
343	348	357	329	345	358	7	356	311	313	356	12	322	316	317	321	326	344	21	12	14	15	14	16	15	6	349	342	347	340	333	336	305	299	336	350	343	34	89	38	350	338	9	280	288	294	287	280	309	319	315	283	219	232	260	281	267	
325	333	350	341	344	346	343	348	302	353	10	5	325	319	318	334	339	343	6	1	12	14	8	7	6	355	343	343	342	339	341	354	336	292	300	0	24	113	112	58	31	86	120	275	282	297	315	320	308	294	251	225	282	285	335	287	3	
297	297	356	353	338	341	355	3	6	12	2	10	322	319	318	343	342	352	352	347	13	8	3	358	357	352	351	350	337	336	344	355	349	317	296	338	110	120	173	172	137	199	270	290	292	292	306	298	264	197	258	272	301	316	284	268	251	
297	297	297	334	329	346	3	13	14	7	0	352	347	309	311	351	353	5	318	333	10	5	359	356	356	358	355	346	337	337	343	354	356	342	319	99	103	85	315	285	330	324	330	328	308	279	240	211	198	288	279	300	279	236	215	289	288	
254	297	295	294	294	346	356	16	8	3	357	340	328	1	3	310	354	314	345	321	5	1	358	357	355	357	350	343	341	339	339	350	360	358	5	102	82	41	340	337	328	328	338	344	320	291	291	260	319	315	287	285	271	346	298	343	342	
224	300	243	236	238	232	246	10	9	357	348	342	336	307	10	358	353	312	351	324	355	1	357	357	360	355	350	349	347	340	338	347	5	8	60	61	39	11	335	327	321	328	5	24	327	318	323	327	316	334	305	293	285	339	317	341	358	
305	303	234	247	242	239	247	254	260	354	344	346	346	2	5	353	351	18	318	314	341	359	357	358	358	352	350	351	354	341	343	357	359	13	48	32	18	3	337	323	309	325	19	47	26	311	317	324	317	333	339	314	290	286	278	264	201	
309	237	234	230	249	246	249	259	262	263	301	347	355	351	1	353	351	309	345	314	320	357	357	359	359	358	2	358	350	353	355	351	350	4	29	22	10	357	360	306	314	335	33	64	19	304	316	323	326	322	337	351	325	343	340	289	299	
318	220	219	252	298	303	302	272	268	252	236	258	299	295	223	312	349	8	305	312	320	358	4	11	14	18	12	2	1	19	21	8	345	345	18	24	7	6	352	336	315	352	59	32	327	313	304	313	339	343	343	9	357	349	345	306	359	
124	76	304	305	309	313	307	305	271	254	231	243	212	290	250	300	348	2	346	329	338	6	18	16	13	25	7	7	17	8	6	344	350	335	10	12	6	0	350	341	319	7	41	359	346	342	318	302	328	15	11	327	335	352	0	353	347	
334	330	319	312	317	320	311	307	312	247	233	235	185	207	286	258	223	238	331	336	349	15	20	10	10	12	5	5	13	10	346	342	344	338	344	4	355	355	358	344	333	22	14	350	348	346	328	306	337	71	323	321	334	357	14	4	346	
330	13	313	304	304	308	303	302	307	256	242	257	149	235	254	244	244	253	248	272	354	10	13	9	24	16	15	16	10	354	354	346	345	343	333	353	354	356	4	355	357	10	2	350	356	341	324	317	4	75	316	323	341	351	8	10	11	
107	319	300	284	278	285	291	239	243	254	279	252	137	254	274	252	268	278	269	271	270	7	14	15	16	15	7	9	9	3	358	349	347	345	331	340	356	10	21	19	19	2	353	353	356	343	318	334	61	337	313	327	345	331	15	20	43	
337	121	141	173	216	227	223	242	308	311	332	171	86	300	288	295	289	270	289	273	260	266	14	11	4	3	3	9	354	355	349	350	349	342	340	335	2	18	12	16	9	348	342	350	351	345	323	350	27	325	314	330	349	313	352	22	33	
116	91	316	308	301	198	253	296	299	294	233	150	312	305	308	319	310	300	281	257	290	289	1	7	4	1	5	7	354	351	357	348	346	347	344	339	358	7	358	359	2	344	335	349	351	347	332	1	20	324	315	332	6	334	347	354	21	
152	132	99	57	167	163	208	255	260	223	151	292	288	307	303	315	312	308	330	319	325	290	301	3	3	16	21	8	357	352	358	357	350	348	345	341	348	358	351	346	1	354	345	342	342	348	341	4	358	348	346	328	355	360	340	0	49	
360	178	129	146	166	189	209	231	249	230	353	323	317	305	300	315	330	319	332	320	325	311	303	337	350	20	2	358	353	356	358	352	350	349	345	342	345	352	345	338	357	3	349	334	328	337	345	352	346	353	354	331	347	4	350	6	34	
9	181	118	122	145	204	290	238	269	279	2	314	310	315	317	311	309	308	318	314	322	312	287	334	325	3	358	1	359	2	356	350	350	351	345	342	341	346	344	338	347	7	349	340	333	324	329	337	337	354	347	332	346	17	357	8	37	
20	194	105	86	68	314	256	255	313	292	254	322	301	306	304	292	262	315	261	295	308	305	298	332	323	333	353	5	0	360	356	351	351	352	345	340	339	341	342	338	340	14	353	340	336	331	325	321	323	337	348	338	352	9	358	11	26	
121	190	140	84	29	308	303	301	308	296	288	325	312	314	273	320	302	297	289	286	289	291	283	290	322	319	340	357	356	0	357	351	352	353	344	340	337	337	338	338	337	359	347	338	344	344	334	323	321	320	327	342	354	352	358	13	11	
110	163	174	95	128	231	293	290	299	286	281	296	316	322	323	312	302	319	294	295	288	275	289	286	313	323	336	340	338	357	1	353	352	353	343	338	334	335	333	336	335	348	351	349	358	350	337	326	324	322	320	329	350	349	3	13	1	
93	167	265	75	31	312	233	293	300	281	282	290	291	301	319	313	316	313	308	321	275	289	265	242	241	264	331	316	318	328	354	356	351	350	344	338	335	333	330	332	332	334	358	359	355	348	336	329	326	324	325	333	353	355	6	347	349	
20	353	297	101	19	319	287	284	304	297	298	291	270	269	272	284	285	315	307	300	287	265	243	243	264	267	275	317	317	318	345	349	347	346	342	336	331	330	327	327	324	329	355	357	352	345	338	331	325	324	328	340	359	328	334	340	343	
357	346	353	205	36	313	302	297	300	289	285	283	284	286	270	254	258	263	276	279	267	245	258	266	270	266	266	290	318	318	329	343	345	343	339	331	324	325	327	320	315	315	337	355	352	344	339	332	325	321	331	351	324	328	332	337	349	
355	136	254	255	238	27	289	287	281	275	278	284	284	276	269	275	289	277	275	265	251	266	275	277	263	252	253	319	280	304	317	327	335	334	325	323	321	323	329	316	316	317	316	343	347	345	339	331	325	320	329	355	325	328	330	334	347	
84	92	289	298	290	47	315	303	310	304	289	276	262	255	257	265	263	261	267	272	271	273	275	259	320	313	316	322	269	289	318	317	326	324	316	315	314	328	328	316	316	317	318	319	333	337	331	321	321	326	327	349	324	327	329	333	346	
98	11	312	332	239	344	316	317	323	318	291	326	263	302	260	289	289	293	278	279	272	269	279	262	324	316	318	277	327	265	270	296	318	315	311	310	316	332	325	316	308	317	318	320	330	318	314	317	316	335	325	329	349	326	328	332	345	
29	344	316	297	224	316	311	319	329	333	348	344	337	333	330	322	310	294	276	278	273	282	273	276	325	317	278	326	267	265	269	271	279	299	305	316	312	325	324	315	316	307	318	318	328	318	318	320	321	339	324	322	330	324	327	330	345	
8	331	321	331	316	312	301	299	320	329	325	335	336	318	311	332	326	328	316	286	288	280	295	300	324	317	319	327	281	274	275	276	275	268	287	292	304	316	324	315	316	307	305	318	323	318	318	321	300	331	321	323	324	334	326	329	344	
38	351	310	321	323	313	301	283	274	288	312	320	310	323	329	331	314	320	312	304	281	290	291	299	307	311	313	296	282	264	280	278	275	266	280	287	292	303	315	316	315	302	302	317	320	318	306	302	305	324	321	323	325	325	325	328	342	
73	352	300	309	319	319	296	269	251	230	237	261	288	314	315	328	324	309	303	266	330	328	292	261	281	281	277	271	276	274	261	259	262	268	270	274	278	290	298	296	296	296	292	296	311	320	319	321	322	321	312	323	308	325	326	341	341	
31	329	305	304	309	318	314	329	250	245	298	283	282	313	303	319	317	313	330	332	331	335	273	329	241	264	269	265	272	254	254	263	272	263	266	266	268	272	270	316	263	259	274	283	304	319	323	319	328	320	321	322	323	310	325	328	332	
350	322	306	302	283	282	337	345	348	323	290	280	272	269	266	271	287	287	301	327	325	310	288	226	313	313	285	284	277	318	267	246	254	256	265	265	270	278	317	268	268	269	271	285	280	285	298	319	335	319	321	322	323	324	326	325	325	
337	301	291	293	292	277	293	340	343	332	321	318	288	275	282	276	270	283	263	276	301	316	232	326	316	316	320	293	263	258	250	291	261	264	260	317	268	283	258	260	277	276	277	317	278	279	280	282	293	327	319	321	319	317	320	323	324	
336	311	308	319	324	323	301	310	352	328	326	328	334	334	305	294	313	303	305	269	244	245	262	327	321	322	328	267	239	250	254	262	287	267	314	281	272	279	258	276	270	315	316	280	282	281	285	286	292	320	319	322	322	324	328	325	320	
316	314	317	322	325	325	311	305	336	341	332	312	317	319	313	295	279	282	287	283	333	299	292	325	319	321	334	215	291	272	268	262	265	260	263	272	274	280	317	259	277	274	272	315	316	318	319	320	291	320	319	307	318	321	309	309	311	
290	312	299	304	314	316	319	320	323	338	343	298	298	302	318	313	315	314	313	313	308	292	298	298	308	307	183	315	281	271	260	262	263	313	313	316	322	281	318	269	263	264	270	273	315	316	318	319	322	283	320	280	317	311	305	304	304	
229	262	275	291	306	304	287	268	278	306	346	309	305	323	312	335	323	303	314	313	306	300	298	274	263	242	217	309	272	321	323	298	327	329	331	331	333	278	217	241	251	249	269	274	278	315	316	318	288	263	325	324	325	323	319	312	307	
304	262	268	260	248	241	310	304	298	273	296	315	327	322	316	331	310	312	275	285	268	286	276	280	267	271	293	317	323	330	329	330	334	335	336	336	340	279	175	240	253	257	268	274	269	272	276	277	321	262	330	330	332	332	326	318	312	
319	307	289	288	289	296	333	329	318	289	291	304	335	320	330	332	316	306	327	297	296	297	291	289	296	295	301	319	314	333	329	326	327	336	332	319	307	194	181	228	251	267	266	245	248	258	253	320	272	261	327	326	329	330	326	320	317	
310	304	309	305	307	317	324	327	322	323	309	302	321	334	356	331	325	338	339	332	334	315	337	339	332	327	325	323	326	330	325	322	316	318	289	186	182	169	188	249	276	284	283	320	263	260	259	254	262	261	323	320	323	325	323	320	320	
335	294	288	285	273	266	274	306	306	311	322	313	312	326	343	331	319	338	334	332	340	342	340	339	334	332	332	331	320	317	321	320	313	349	177	188	162	164	343	305	310	301	293	324	285	291	328	267	268	286	268	322	323	324	322	320	321	
348	276	266	253	259	292	290	276	277	299	307	303	272	262	315	323	310	328	329	322	334	336	337	333	327	324	329	330	326	316	312	311	290	103	358	175	173	230	326	315	312	309	333	307	324	323	301	282	271	273	273	270	324	324	323	324	326	
51	301	295	308	319	305	317	306	308	281	261	260	287	296	284	269	267	318	317	323	333	316	329	316	317	319	317	321	323	313	301	183	185	178	51	327	318	320	318	306	303	316	311	309	303	304	299	287	270	270	273	281	308	324	322	324	329	
322	320	312	306	299	294	298	317	339	352	301	341	325	323	336	324	312	287	286	293	330	309	314	312	306	313	312	306	304	212	206	168	189	230	198	322	314	314	247	294	289	297	289	269	258	251	256	264	263	268	278	287	295	324	320	321	323	
297	327	340	285	287	299	305	304	321	350	353	339	328	328	341	334	325	323	312	303	324	302	271	302	299	290	287	227	167	187	221	201	124	230	262	43	309	305	255	266	275	276	257	259	252	244	262	267	267	277	290	299	296	327	325	323	322	
282	308	10	292	294	305	310	309	294	288	336	333	323	320	330	315	308	316	317	297	195	207	232	244	242	248	239	178	129	305	312	257	138	222	245	199	334	18	292	285	291	290	272	270	259	321	293	268	261	279	298	299	324	310	327	327	328	
279	315	4	321	294	294	302	309	313	310	309	330	313	297	308	307	290	284	265	194	232	296	234	242	283	316	266	176	143	178	311	239	136	212	271	228	205	0	311	301	310	307	306	285	287	306	276	233	307	312	288	289	300	307	323	325	330	
280	326	355	332	301	292	297	308	321	329	308	262	200	230	253	269	249	248	231	185	288	300	259	304	328	303	286	187	324	226	250	326	131	224	238	230	180	312	305	299	310	326	316	310	304	275	181	264	305	273	269	279	288	300	310	322	324	
326	328	340	329	318	308	300	296	301	307	316	326	252	290	289	281	208	276	288	164	295	300	307	317	319	315	327	219	320	310	312	242	326	286	240	208	176	300	301	303	310	316	307	268	250	208	318	282	304	251	268	277	279	284	287	291	299	
290	311	332	323	315	319	320	298	307	11	12	45	305	294	287	265	290	288	287	153	294	267	302	296	257	194	252	202	177	136	161	225	271	315	209	206	221	309	305	304	305	291	250	264	287	241	328	275	271	289	278	284	276	267	271	272	276	
299	276	291	315	311	322	295	318	311	345	68	349	313	312	294	294	301	306	226	315	293	294	293	246	216	242	252	143	272	230	331	273	241	208	111	314	317	313	310	317	313	272	265	325	282	279	321	310	315	323	311	290	280	269	271	269	288	
299	304	289	261	241	254	338	333	325	33	14	337	318	321	322	316	309	271	185	301	292	295	297	212	245	264	286	146	281	282	95	307	250	252	332	323	324	317	312	307	266	286	306	297	264	287	316	316	316	315	311	294	285	273	270	264	267	
294	306	317	283	291	298	282	320	357	20	354	320	333	321	319	316	304	289	181	240	295	300	269	304	270	287	221	336	304	298	184	196	241	268	324	321	326	325	324	317	320	324	327	358	349	311	307	315	313	308	308	307	280	258	248	259	260	
288	311	338	309	308	311	293	291	14	0	357	338	331	333	321	312	321	338	179	309	302	289	273	269	308	287	356	49	328	328	107	246	307	316	320	316	320	330	338	341	336	339	346	20	347	324	314	303	304	315	294	250	235	243	266	267	269	
291	321	334	304	300	303	301	306	5	357	355	335	318	344	40	53	339	347	348	316	313	329	327	318	316	288	343	357	336	350	63	321	316	302	320	314	309	320	326	320	324	336	356	6	333	327	323	306	297	270	252	285	331	331	326	314	305	
305	315	344	286	269	284	278	284	28	13	318	332	345	44	328	332	338	345	341	322	316	334	332	322	325	332	333	339	347	16	9	332	319	317	311	303	299	296	309	296	294	310	351	346	324	331	314	312	324	335	335	332	334	333	331	324	316	
289	298	341	321	279	242	224	252	21	330	322	317	348	338	329	332	340	341	340	325	313	330	333	324	329	339	337	339	346	356	353	338	321	301	289	296	289	271	268	273	294	310	356	302	312	334	304	302	310	325	332	330	318	329	328	325	321	
