autotest/output/original/cli_wxModelInitialization_diurnal_local_model/mackay_07-12-2013_1200_393m_ang.asc
ncols	57
nrows	71
xllcorner	279635.000000
yllcorner	4850745.000000
cellsize	393.466398
NODATA_value	-9999.000000
216	216	217	215	214	214	217	217	216	211	208	209	210	200	197	204	198	204	210	201	202	195	202	209	202	207	205	199	196	201	209	222	221	216	234	243	209	200	207	217	215	208	197	200	209	205	208	211	217	227	212	221	215	216	210	209	210	
214	216	217	216	214	218	217	216	213	211	213	212	209	203	201	202	204	205	210	205	192	197	204	206	207	209	206	200	197	204	211	227	224	218	229	233	200	191	209	221	208	200	194	203	213	207	201	200	207	223	211	214	214	217	212	210	209	
212	215	217	216	219	218	217	215	210	209	213	212	208	203	201	203	208	209	214	215	197	196	211	219	223	224	216	216	207	208	211	225	227	220	231	237	197	172	206	226	210	214	193	199	223	215	204	205	204	214	205	212	218	218	217	206	195	
210	213	216	217	218	218	217	215	213	211	216	215	210	207	205	205	214	217	217	221	213	223	239	246	248	239	225	223	214	194	204	222	231	226	224	229	201	170	192	216	217	213	210	202	231	222	220	227	227	217	223	217	213	212	213	196	176	
208	212	216	218	218	218	217	216	211	214	217	215	209	206	206	203	213	220	220	238	245	254	265	260	254	246	220	226	222	204	199	233	238	231	214	206	198	184	185	198	210	210	219	202	235	235	239	247	253	241	225	210	205	205	205	191	176	
207	211	216	217	218	218	217	215	214	216	217	213	210	207	207	207	211	220	226	243	245	246	252	251	253	251	221	207	222	229	219	216	223	229	193	196	197	191	196	195	213	222	216	213	242	242	235	238	231	204	196	193	200	203	210	187	186	
206	211	216	217	218	218	217	215	216	218	216	212	211	212	211	206	208	215	219	222	221	224	228	227	230	242	225	195	210	228	229	212	220	230	209	179	189	197	196	196	207	229	235	235	227	209	212	217	198	184	188	197	202	198	203	191	185	
206	210	215	217	219	218	217	215	217	218	216	214	214	214	216	216	202	207	202	207	206	210	216	216	219	228	221	201	225	226	238	225	223	231	217	200	175	172	196	198	209	227	232	225	199	189	201	195	196	197	193	189	193	191	194	199	202	
206	210	215	216	218	217	216	215	217	220	218	213	213	214	217	211	207	205	201	203	206	207	210	208	213	223	218	211	210	234	237	220	204	205	200	191	180	171	181	208	217	224	228	211	199	178	195	203	201	192	190	194	184	185	197	204	210	
206	210	215	216	217	217	216	216	219	224	218	217	213	216	216	211	206	206	202	211	209	214	215	214	215	217	222	216	207	214	217	190	169	194	203	201	197	187	187	205	228	234	237	225	213	187	190	200	203	194	191	198	198	201	199	215	220	
206	210	215	217	219	217	216	219	219	225	212	216	215	217	215	216	206	205	205	210	208	211	213	217	220	217	217	214	207	208	215	181	176	192	201	200	201	199	197	206	230	239	248	235	223	222	191	217	229	213	210	203	209	207	194	218	223	
207	210	216	218	219	219	219	219	218	220	218	215	217	216	216	216	207	203	205	205	209	209	212	213	215	213	214	211	200	205	206	198	192	198	201	200	192	204	203	211	225	226	220	218	225	221	209	203	229	232	212	184	203	200	200	212	225	
208	210	215	217	217	218	217	222	218	211	211	214	218	221	218	216	206	203	206	206	209	211	211	210	213	216	218	213	207	214	215	210	201	195	204	201	193	196	203	215	218	215	217	223	226	207	204	199	204	207	193	192	209	229	212	212	219	
210	211	215	217	216	216	215	216	214	219	218	217	220	218	216	206	205	204	206	209	209	210	212	208	213	216	216	210	210	215	214	214	209	195	196	209	203	203	206	218	219	221	222	230	228	214	214	197	184	189	202	212	215	214	207	199	196	
214	214	217	219	218	218	218	221	222	220	218	216	214	221	215	206	208	205	210	207	205	211	212	210	210	211	212	214	213	212	212	215	216	207	201	212	223	222	232	242	238	244	246	245	229	208	199	194	200	227	220	211	197	185	194	188	184	
217	218	219	221	222	222	222	222	222	220	218	215	214	215	210	208	210	209	210	203	205	211	210	208	208	212	216	220	216	212	214	215	221	215	209	208	219	226	249	263	252	248	229	233	228	216	230	230	230	226	217	187	178	203	207	184	170	
220	221	221	223	224	223	222	221	221	220	218	217	215	217	218	216	211	213	211	201	209	211	210	210	211	214	217	218	215	212	214	214	222	220	216	211	212	222	238	222	219	209	210	214	220	226	249	247	222	210	193	184	185	198	203	174	150	
225	225	225	226	226	226	224	222	221	220	219	219	217	218	220	219	216	215	213	203	207	211	211	212	213	215	215	216	217	215	214	212	220	219	218	211	208	215	226	215	203	184	189	206	222	228	224	205	194	196	192	188	185	194	186	173	175	
229	226	226	228	229	228	227	224	221	221	220	220	218	217	218	218	216	216	217	213	209	210	211	212	214	215	216	219	221	217	213	213	218	212	212	211	207	207	212	210	189	184	191	209	222	223	217	196	178	185	196	194	185	186	178	189	191	
228	225	223	226	228	228	229	227	222	221	222	222	220	218	218	218	216	215	217	214	210	210	212	212	214	215	215	217	218	216	222	216	214	206	201	202	202	202	206	212	199	187	192	208	220	219	208	199	189	193	196	196	193	192	200	188	178	
226	224	223	226	228	226	227	227	220	219	221	221	220	220	220	219	216	215	217	215	210	210	212	214	215	216	217	217	216	216	217	217	210	201	195	197	200	204	213	217	197	190	200	211	226	226	203	202	197	191	193	200	202	204	195	185	177	
223	222	223	233	232	227	228	225	218	216	219	220	220	223	224	220	215	215	217	215	211	211	213	214	215	216	219	217	218	221	221	216	208	194	194	198	201	205	212	215	203	201	204	212	215	215	203	193	199	202	208	213	204	203	199	192	183	
219	218	219	228	225	220	223	222	218	215	217	219	220	224	228	222	218	217	217	215	212	211	212	212	212	213	214	215	217	218	216	209	204	193	190	194	198	199	209	217	202	197	200	209	204	212	210	196	191	219	224	219	199	205	214	203	186	
214	212	214	223	212	213	222	219	216	215	215	214	215	226	232	226	224	224	218	214	210	209	210	210	210	212	212	211	214	213	210	205	203	197	194	195	194	196	207	216	204	204	205	204	205	217	216	203	202	214	223	213	198	199	215	212	202	
213	212	216	221	222	220	222	218	218	216	214	210	211	236	232	220	218	221	214	206	205	206	208	209	209	210	211	210	213	211	209	206	204	201	194	197	198	199	210	218	212	208	205	206	208	218	213	207	208	211	223	196	190	188	204	218	223	
216	217	225	233	232	230	228	228	223	217	213	208	211	235	232	215	214	214	208	198	198	202	205	207	207	208	209	209	209	210	209	207	205	203	198	198	203	207	214	217	217	213	203	204	207	218	211	210	213	213	209	197	197	191	201	227	231	
218	219	223	226	227	227	227	228	223	214	215	207	208	231	224	208	201	204	204	202	195	196	200	203	205	207	208	209	209	208	208	206	206	205	202	200	206	210	209	208	214	210	198	202	206	218	208	196	212	220	203	197	203	211	200	228	237	
220	219	219	226	229	225	231	224	224	224	221	213	212	223	216	200	187	197	206	208	197	190	195	201	204	207	208	209	209	209	209	209	206	206	204	201	204	206	203	200	204	207	200	205	205	215	206	199	210	216	207	199	208	205	212	222	235	
223	222	222	227	236	233	240	242	233	223	215	219	225	219	213	197	189	192	208	208	193	190	193	200	204	206	207	208	208	209	209	209	208	207	207	202	202	204	202	198	204	211	209	207	204	213	206	203	206	210	215	201	201	212	208	217	222	
229	230	221	232	236	240	242	249	239	203	200	217	216	214	205	204	199	200	202	202	198	194	194	200	203	203	205	207	208	208	208	208	207	207	207	206	204	204	202	199	203	210	213	207	203	206	206	204	201	209	219	207	199	216	215	221	225	
229	222	222	224	232	235	235	236	227	194	177	204	222	196	189	195	200	194	205	205	201	201	196	200	203	203	205	207	208	208	208	208	207	208	207	206	205	204	205	205	203	205	213	207	204	200	200	204	206	210	223	217	212	223	220	225	231	
234	224	214	217	224	227	228	228	217	198	184	191	217	202	197	200	211	209	209	210	200	206	201	201	204	204	206	206	207	207	208	208	207	208	208	207	206	205	205	205	203	204	210	205	204	204	202	202	202	216	227	222	219	224	225	228	232	
245	232	223	214	226	224	227	234	216	207	194	192	221	195	208	205	201	204	194	196	206	206	204	202	204	205	206	206	206	207	208	208	208	208	208	207	207	206	206	206	204	203	207	210	212	214	207	203	213	215	220	225	227	230	233	234	235	
237	244	222	213	234	242	234	241	223	210	200	172	198	203	206	192	187	194	203	199	205	204	204	204	204	205	205	206	206	206	207	207	207	207	208	207	207	207	207	206	206	205	209	212	212	213	212	212	212	214	215	218	223	225	226	227	227	
238	248	213	198	223	234	237	242	220	209	204	202	208	199	214	207	200	211	201	200	205	205	206	206	204	204	205	205	205	205	206	206	207	207	208	208	208	208	208	208	208	207	208	209	210	211	212	212	213	213	214	215	217	218	220	220	220	
236	243	213	184	200	225	229	237	213	197	189	190	203	205	191	196	193	213	205	199	196	207	206	205	203	203	204	205	205	205	205	206	207	207	208	208	208	208	208	208	208	207	207	207	209	210	211	212	212	212	212	213	214	215	215	215	215	
229	231	218	194	188	205	226	233	210	198	196	192	192	188	205	210	210	204	204	213	209	206	204	204	205	205	204	204	204	205	205	206	206	207	207	208	208	208	208	208	208	207	206	207	208	210	211	211	211	211	211	211	211	211	212	212	212	
222	228	228	204	188	194	224	242	222	211	200	188	189	192	205	192	190	193	202	200	200	200	203	205	207	208	205	201	202	204	205	205	206	206	207	207	207	207	207	207	207	207	206	206	207	209	210	210	210	210	209	209	209	209	210	211	211	
225	229	240	206	193	194	216	233	212	199	194	196	201	206	201	197	199	205	200	195	193	195	204	204	207	208	204	199	200	203	204	205	205	206	206	206	207	207	206	207	206	206	206	206	207	208	208	209	209	208	208	207	207	208	208	209	210	
227	232	237	212	197	194	202	205	201	200	203	209	206	206	206	206	202	194	188	193	193	196	195	201	203	208	205	201	200	202	204	204	205	206	206	206	206	206	206	206	206	206	206	206	206	207	207	207	207	207	207	207	206	206	207	208	209	
213	227	227	218	202	199	180	201	212	206	195	203	199	196	195	196	195	194	191	191	190	193	195	199	201	204	207	203	200	202	204	204	205	205	206	206	205	206	206	206	206	206	206	206	206	206	206	206	206	206	206	206	206	205	206	207	208	
198	212	230	216	204	197	174	190	219	221	213	206	199	191	189	191	195	196	188	191	200	201	200	192	201	206	198	205	202	202	203	204	204	205	205	205	205	205	205	206	206	206	206	205	205	206	206	206	205	205	205	205	205	205	205	206	207	
203	213	220	223	204	193	185	202	219	200	237	229	219	206	199	194	193	192	193	190	197	202	190	191	204	207	210	209	205	204	204	205	204	204	205	205	205	205	205	206	206	206	205	205	205	205	205	205	205	205	205	205	205	204	204	205	206	
226	224	224	215	199	211	203	219	217	223	229	229	215	215	197	202	200	206	205	201	202	198	194	204	201	202	201	210	207	205	205	205	205	205	205	204	205	205	205	205	206	205	205	205	205	205	205	205	204	204	205	205	204	204	204	204	204	
226	222	217	187	193	204	198	214	215	215	220	205	199	202	197	210	211	208	203	195	193	197	198	200	210	211	208	206	206	205	205	205	205	205	205	204	204	205	205	205	205	205	205	205	204	204	204	204	204	204	204	204	204	204	204	203	203	
208	212	206	204	216	212	203	206	209	214	212	209	210	172	213	208	209	221	212	209	202	207	208	208	215	208	202	198	204	205	206	206	205	205	205	204	203	204	204	205	205	205	205	205	204	204	204	204	204	204	204	204	204	203	203	203	203	
201	218	216	216	210	200	187	189	202	212	209	205	199	197	194	191	207	209	204	209	211	211	209	207	213	205	198	194	206	207	205	205	204	204	204	203	202	203	204	204	204	204	204	204	204	204	204	203	203	203	204	204	203	203	203	202	202	
201	218	216	205	193	190	189	179	188	207	208	198	192	188	185	200	197	191	201	203	208	209	207	201	209	196	196	201	213	206	203	205	205	203	204	203	202	202	203	204	205	205	205	204	204	203	203	203	203	203	204	204	204	204	203	201	202	
190	200	204	198	194	191	196	186	189	200	214	211	207	198	195	192	196	205	199	205	202	198	191	198	204	208	209	209	213	203	201	207	208	208	208	205	201	201	203	204	205	206	205	204	203	203	203	203	203	203	204	204	204	206	205	200	198	
197	213	229	221	214	210	206	208	186	200	215	223	208	198	204	196	199	199	198	193	197	201	202	204	210	214	212	210	210	207	210	208	206	211	204	201	199	200	203	206	207	207	206	204	203	203	203	203	203	203	205	206	207	209	207	197	188	
236	244	246	248	235	230	228	226	217	178	203	214	206	209	201	209	199	202	200	202	206	206	200	209	212	211	209	210	212	210	208	204	197	195	196	195	199	201	206	209	208	207	206	204	203	202	202	202	202	203	204	207	205	202	201	193	183	
239	236	231	219	212	210	210	216	214	205	191	202	207	210	206	210	205	202	208	209	197	196	207	209	209	206	203	208	204	204	204	191	180	188	199	199	206	206	209	212	210	207	206	205	203	202	201	202	201	200	200	200	198	196	198	196	191	
230	230	207	186	181	184	196	204	208	197	190	188	206	208	206	210	214	210	210	209	204	202	203	205	208	211	203	199	183	193	195	192	200	205	209	215	216	213	213	215	213	206	203	204	203	200	199	200	199	198	195	196	197	198	200	201	205	
210	217	202	188	191	180	194	197	205	191	189	192	194	203	203	208	206	203	205	201	196	194	200	203	206	203	198	185	185	189	197	201	209	213	217	217	215	212	212	223	217	197	197	200	202	199	197	197	198	197	195	196	199	199	200	204	206	
193	212	209	199	208	210	198	190	204	205	201	194	200	205	200	205	205	200	205	197	192	200	199	196	196	195	188	187	192	192	206	213	213	213	215	212	209	207	211	214	210	192	188	198	196	195	197	196	197	197	196	196	197	197	201	206	208	
185	219	225	221	206	192	186	193	176	216	221	220	218	211	202	209	209	206	207	205	203	201	192	190	191	196	202	205	203	201	211	217	216	211	209	209	207	208	203	213	199	193	185	186	189	202	200	198	197	198	197	195	195	196	199	204	207	
190	207	217	206	190	180	179	178	186	191	206	214	215	207	204	213	220	214	210	208	208	204	201	203	200	204	215	217	219	220	219	217	214	208	205	205	213	204	204	204	208	192	190	190	203	204	204	201	198	198	197	195	194	195	198	204	209	
177	184	205	200	196	190	187	179	188	192	193	203	204	200	200	205	207	204	202	201	208	214	213	216	216	214	217	220	224	224	217	210	209	207	201	200	211	207	212	214	221	203	196	205	199	205	205	201	198	197	196	196	195	195	199	205	207	
156	169	204	216	208	196	184	181	196	203	198	201	195	191	197	201	192	190	188	195	212	223	223	223	223	221	219	217	215	214	211	206	208	212	202	198	205	216	213	235	219	205	204	196	201	202	198	199	198	197	196	196	195	195	198	201	201	
145	162	200	220	205	193	188	189	198	200	199	203	209	207	205	209	209	209	215	215	218	223	224	222	219	215	209	208	210	211	213	205	213	214	205	201	214	208	218	227	207	199	193	190	193	198	194	203	201	196	195	196	195	194	194	198	201	
146	167	194	212	214	201	193	191	188	188	200	211	221	224	220	221	225	227	224	216	213	219	217	211	204	203	202	203	209	211	213	204	204	216	209	208	211	211	210	225	198	189	184	188	187	201	200	213	198	198	196	195	194	193	193	198	203	
151	167	192	206	216	206	197	192	201	208	212	212	223	225	220	216	218	218	211	206	210	217	209	194	194	203	204	200	203	213	207	202	206	216	210	207	212	209	210	223	190	187	193	201	203	205	209	217	200	201	196	192	191	192	193	195	198	
158	169	188	204	214	211	206	208	207	208	210	216	219	217	212	210	213	213	206	204	215	215	191	197	206	210	208	200	200	207	208	205	204	214	208	213	213	220	222	207	200	206	208	203	204	202	203	218	205	202	196	189	186	189	192	191	191	
192	182	185	205	218	214	212	204	205	203	207	213	218	213	211	213	212	205	207	206	214	218	205	211	211	209	203	206	210	206	212	211	201	210	218	222	217	213	211	182	199	207	201	211	201	197	202	222	209	199	188	189	185	187	189	187	187	
220	204	189	224	235	228	221	214	207	207	207	207	221	210	214	211	204	204	206	205	215	209	206	206	207	205	203	203	211	202	211	220	209	203	206	220	211	207	182	190	202	202	204	205	204	200	200	209	200	184	184	187	188	187	187	184	183	
206	205	204	224	238	224	209	209	209	206	204	205	212	222	212	209	207	210	210	206	217	206	202	206	206	196	198	203	211	203	208	213	215	208	210	206	201	202	202	214	211	207	199	192	208	208	198	206	182	190	193	192	194	191	188	181	178	
193	202	207	214	210	197	190	200	203	203	205	209	211	214	217	207	213	216	211	206	228	201	200	201	203	194	195	207	208	203	218	224	225	197	187	197	187	192	197	210	203	193	187	194	207	209	185	190	195	194	194	197	204	198	190	175	167	
184	196	203	206	196	187	191	191	197	205	207	213	216	206	217	220	219	217	206	214	214	194	193	197	192	197	195	202	208	201	215	220	217	192	182	178	184	197	199	203	188	193	196	198	202	205	187	177	195	199	210	206	210	204	191	169	156	
189	189	196	208	200	196	200	196	197	208	210	213	209	212	227	216	218	213	201	210	196	189	195	199	196	195	192	196	209	205	215	214	204	185	181	172	185	194	197	200	200	202	200	199	203	199	195	190	186	200	209	201	197	196	191	172	157	
197	193	205	216	219	217	211	203	204	212	209	210	212	216	223	214	213	216	206	208	193	189	198	191	195	191	189	193	202	212	208	206	187	175	179	193	199	199	202	212	219	217	207	204	201	208	211	194	185	191	197	194	184	191	190	184	185	
201	204	226	242	230	219	210	204	206	217	211	208	214	225	209	204	206	205	199	208	198	197	200	187	193	192	189	193	199	200	207	201	179	193	195	202	205	200	196	210	221	222	215	220	220	225	217	201	195	193	194	195	193	193	197	194	199	
