autotest/output/original/cli_wxModelInitialization_diurnal_local_model/mackay_07-13-2013_0300_393m_ang.asc
ncols	57
nrows	71
xllcorner	279635.000000
yllcorner	4850745.000000
cellsize	393.466398
NODATA_value	-9999.000000
200	140	206	205	133	207	153	154	207	150	145	145	152	145	152	197	164	196	203	213	224	172	202	208	218	244	233	148	150	177	188	224	231	221	252	272	186	144	181	224	237	247	203	208	227	251	269	272	266	260	260	255	239	250	234	222	222	
200	205	207	168	127	176	208	208	208	206	205	187	201	186	140	196	170	177	207	215	227	155	205	212	220	241	254	199	132	168	191	225	232	219	245	250	202	124	214	230	235	257	198	212	231	237	260	262	258	248	256	266	233	247	228	225	223	
201	206	209	172	209	208	208	209	208	207	194	191	192	91	92	100	131	184	238	242	243	202	216	266	262	264	269	133	104	104	159	222	227	224	192	231	213	122	225	241	235	253	271	22	242	263	261	264	257	232	250	262	264	221	215	205	219	
202	156	162	172	209	209	210	210	210	209	192	135	200	66	59	67	69	346	301	274	266	308	317	307	305	294	167	173	183	115	122	219	232	212	199	232	216	173	207	229	226	226	246	300	261	249	269	289	239	239	266	232	209	199	200	205	188	
201	150	165	177	187	210	211	211	210	207	128	203	217	219	16	27	57	340	304	301	299	313	349	269	195	203	143	219	193	164	107	124	204	228	214	213	210	189	195	215	220	247	236	265	314	266	259	230	235	235	224	213	208	190	216	204	189	
200	141	167	186	192	204	215	211	211	102	124	219	229	238	323	340	25	329	312	158	202	215	220	204	194	211	190	206	146	182	158	138	207	227	219	209	213	208	253	210	221	233	233	240	267	238	203	219	221	216	215	219	213	188	221	207	193	
115	134	169	184	190	203	222	234	217	114	336	237	243	251	311	322	342	36	152	176	214	218	223	207	204	222	218	165	122	164	180	131	167	240	239	282	305	215	213	253	180	238	239	237	221	200	194	229	222	220	234	226	210	184	219	221	193	
110	122	155	168	179	201	227	234	203	127	238	249	245	249	255	318	290	84	131	200	202	205	211	210	205	224	219	197	160	147	217	163	175	237	231	231	252	307	270	209	188	233	237	218	216	194	211	226	223	239	230	205	205	210	216	209	202	
97	115	148	160	182	219	237	236	220	138	244	254	254	294	288	279	299	174	86	76	142	174	202	209	211	218	219	209	187	180	189	223	220	225	224	216	233	261	325	340	186	226	231	228	231	214	224	235	237	232	239	242	212	214	217	219	218	
80	98	116	163	215	245	253	253	45	117	237	255	312	307	283	275	299	209	82	79	77	78	139	205	197	219	220	216	202	196	208	224	216	322	233	268	253	254	297	106	162	204	249	244	255	262	252	258	239	260	261	218	229	229	320	230	233	
69	84	80	58	281	270	270	13	221	223	222	218	329	280	295	279	287	342	93	95	81	70	62	110	191	211	217	217	180	194	222	217	211	241	286	283	293	271	301	127	174	242	254	249	239	244	258	290	302	280	294	238	237	232	284	243	249	
61	72	62	60	3	302	31	222	223	223	222	265	8	313	326	300	265	309	91	104	95	78	73	85	126	141	209	226	212	204	230	253	264	283	269	266	280	279	95	142	182	239	237	233	237	250	253	256	253	234	242	275	332	235	281	313	294	
62	72	97	103	340	78	220	220	222	223	222	311	30	169	228	324	278	309	92	97	80	72	67	59	49	44	19	255	306	283	273	262	270	290	292	265	257	282	138	184	163	239	233	232	239	243	241	240	216	242	245	255	309	309	294	304	315	
57	58	65	240	341	125	63	358	225	226	328	4	228	230	230	227	260	309	85	56	52	65	61	56	56	48	353	317	323	307	288	278	264	268	308	294	265	316	123	128	334	312	267	243	248	245	243	237	233	238	237	260	220	223	246	249	243	
18	12	33	356	344	338	318	332	228	328	2	281	228	230	229	285	272	309	34	2	50	58	48	39	40	18	339	329	328	316	298	310	281	255	271	302	302	144	137	67	23	58	158	258	257	248	241	236	269	278	251	220	223	243	238	250	211	
203	208	42	23	334	332	356	4	4	22	342	18	229	231	230	313	259	318	296	327	39	34	20	9	11	0	353	348	328	321	321	327	276	273	254	275	143	182	209	187	156	201	208	219	256	258	288	277	264	211	229	234	259	247	266	249	229	
210	214	220	331	315	344	14	33	39	8	343	331	331	234	233	327	329	354	234	309	30	19	5	357	1	4	360	342	327	323	329	337	299	291	262	203	157	186	229	215	219	249	241	238	243	249	254	235	217	235	242	254	252	228	216	211	196	
199	223	227	231	233	346	3	40	23	3	343	315	290	354	350	238	337	237	307	235	10	4	358	355	353	359	349	338	331	327	323	335	326	313	289	163	162	178	229	224	247	244	232	232	238	240	240	220	236	245	249	249	237	226	218	218	208	
197	227	206	208	212	207	219	30	24	353	334	321	307	238	7	343	335	240	323	295	348	0	352	351	358	352	345	342	336	325	321	331	348	321	103	152	160	173	235	241	247	266	331	232	239	240	240	241	248	240	246	244	235	236	256	252	252	
229	225	198	209	215	214	222	231	234	352	332	331	329	353	359	333	332	36	249	243	325	355	351	352	353	339	337	338	344	322	321	339	331	326	79	86	88	60	256	264	250	274	3	74	231	252	251	245	258	258	246	247	238	242	253	235	194	
225	204	197	200	217	216	218	231	236	236	247	283	337	320	356	342	338	247	294	247	244	348	349	352	353	350	355	347	333	338	328	298	302	331	56	51	34	352	351	258	270	279	22	109	225	265	291	278	268	267	281	258	241	239	243	229	187	
221	190	193	208	239	236	240	236	238	229	222	237	249	252	210	292	340	16	252	248	242	349	359	13	19	29	13	348	338	16	42	350	294	319	35	47	26	20	334	312	275	296	90	144	266	260	259	286	299	280	285	239	239	239	242	249	219	
178	175	193	232	233	230	236	242	237	228	219	227	209	254	233	261	345	8	340	314	323	2	34	33	28	48	1	358	22	323	338	301	332	309	18	33	21	10	340	325	289	337	89	346	330	309	285	261	298	290	300	254	256	245	243	238	225	
208	209	219	229	227	225	232	237	237	228	219	224	192	204	262	245	212	224	330	330	338	28	44	14	14	18	356	353	17	11	303	317	326	318	325	13	1	360	0	327	304	19	27	343	332	311	300	260	275	90	254	265	266	254	242	240	238	
205	139	224	235	233	231	237	239	238	229	225	233	175	219	240	227	219	231	232	252	354	21	27	11	40	34	27	29	12	331	337	327	327	326	315	351	356	359	7	348	340	5	3	342	345	307	303	277	298	163	264	266	261	322	252	252	252	
155	220	241	249	248	248	249	226	226	229	238	230	172	227	246	226	220	234	240	245	247	18	29	29	33	32	4	9	8	357	348	331	330	328	312	325	354	14	28	21	19	2	352	349	347	323	297	288	88	258	267	262	261	298	360	270	264	
218	155	170	181	205	212	212	221	246	243	233	202	192	252	244	239	232	232	249	246	238	243	29	20	3	358	355	6	335	340	322	334	333	317	323	311	356	29	21	25	17	344	339	347	343	328	302	318	245	269	267	287	301	276	330	327	311	
161	161	229	234	238	198	228	256	256	247	235	179	253	252	251	254	251	248	242	235	245	248	7	13	3	355	359	3	339	335	347	324	322	327	322	316	349	8	356	359	4	337	329	347	349	336	316	345	10	276	265	292	326	289	276	315	319	
182	174	148	199	205	187	210	248	254	225	182	225	229	253	262	257	255	252	241	250	260	256	261	3	1	23	36	6	345	336	345	341	331	329	325	319	332	351	344	340	1	347	336	336	340	345	330	357	349	326	309	275	332	306	295	308	270	
237	193	166	175	188	200	212	227	238	210	181	233	256	253	260	260	249	268	245	252	254	259	258	311	337	35	355	347	338	343	343	335	333	330	325	324	328	341	333	326	353	357	336	323	321	332	341	349	342	342	323	297	321	291	311	318	333	
240	200	159	170	186	205	241	218	237	237	119	256	258	265	268	271	272	276	269	264	254	259	259	260	294	360	352	355	348	352	339	336	333	335	327	325	325	333	331	324	337	3	332	328	322	313	322	334	334	350	335	313	323	344	318	320	336	
244	208	148	152	178	234	210	219	259	244	210	247	271	267	269	262	246	263	244	280	288	276	270	259	263	310	344	1	352	350	342	338	335	335	327	324	323	327	328	324	327	14	340	329	321	315	314	313	317	332	342	326	334	344	327	326	334	
222	215	163	134	160	241	243	252	259	249	226	290	277	262	247	253	241	242	257	263	269	269	261	260	260	262	320	348	348	353	345	336	338	338	326	325	322	322	324	324	324	352	336	326	332	331	321	311	310	312	318	332	338	328	327	332	328	
203	215	185	144	173	201	256	258	261	248	239	270	283	278	252	260	270	255	271	273	267	255	258	265	281	295	305	317	319	346	353	339	338	339	326	323	316	321	319	322	322	339	342	338	346	335	324	313	312	310	309	314	329	325	337	331	325	
216	216	219	131	183	253	200	265	263	243	244	266	277	291	299	278	283	256	258	257	256	256	248	229	227	243	301	269	288	307	340	342	336	335	328	323	320	318	316	319	319	322	348	344	341	336	323	317	313	311	310	314	331	331	330	279	320	
255	260	240	135	133	240	221	244	267	260	267	264	248	248	261	276	274	298	279	277	266	248	225	226	242	247	253	273	272	272	328	331	331	332	327	321	316	314	313	313	311	315	343	345	340	332	325	317	311	310	313	319	335	281	282	282	282	
249	250	246	183	92	240	245	259	270	268	266	260	257	261	252	236	242	250	266	267	252	229	230	244	250	247	249	271	275	273	307	325	328	325	324	315	306	307	312	302	282	284	322	343	340	331	326	318	311	308	315	327	285	285	284	284	318	
237	199	232	211	174	86	252	258	256	250	253	259	264	259	250	254	265	260	255	246	232	237	249	255	241	234	240	285	261	279	275	303	314	313	307	306	304	305	311	282	284	286	286	326	333	332	325	316	311	304	312	331	287	286	286	286	321	
160	214	241	240	206	123	253	259	252	250	256	254	247	240	243	251	250	246	248	250	248	249	252	239	262	270	278	285	250	261	278	277	304	304	279	279	279	308	306	282	283	285	286	301	316	321	316	305	305	310	309	328	288	288	288	288	326	
181	232	263	262	199	140	288	268	248	246	236	237	231	246	233	247	251	258	254	254	247	243	250	229	267	271	275	258	285	240	251	272	298	279	290	290	280	309	302	283	289	285	286	301	309	299	297	288	301	315	305	309	332	290	290	290	327	
207	238	252	244	186	294	295	311	286	240	226	230	237	242	245	247	251	253	249	250	249	250	246	232	275	271	257	280	250	239	247	251	259	276	280	282	291	303	302	283	285	289	286	287	307	289	289	290	289	317	303	291	313	291	291	292	331	
160	234	241	237	231	285	285	293	320	307	251	244	242	266	263	249	248	258	256	253	257	255	256	255	276	272	271	272	257	246	251	254	254	251	266	273	282	283	305	284	285	291	288	287	304	288	289	290	284	308	291	293	293	319	293	295	334	
118	240	249	246	251	261	267	268	270	292	316	317	274	259	260	260	280	272	278	273	252	254	266	280	290	275	271	280	261	247	258	257	254	250	261	267	274	282	285	285	285	283	283	288	301	289	289	286	290	301	292	293	294	295	295	297	334	
220	232	276	274	260	252	251	249	246	230	235	262	288	290	292	283	264	283	274	243	263	269	258	245	258	266	266	259	255	254	245	245	247	252	255	258	263	271	278	279	276	275	273	277	293	303	289	290	292	292	292	293	292	295	312	333	333	
236	251	276	283	289	271	241	234	226	222	271	267	273	311	284	311	285	289	279	256	263	261	250	263	227	244	249	245	249	241	240	249	253	249	251	250	251	250	249	287	246	245	255	266	286	304	309	303	311	291	292	293	294	294	297	317	322	
232	251	262	264	262	268	307	228	226	245	252	258	259	262	261	266	282	278	290	300	260	286	262	218	268	274	255	256	250	277	245	233	241	243	247	248	251	250	288	246	247	249	251	266	265	268	282	290	318	290	292	293	295	297	300	302	302	
229	255	259	251	241	244	267	246	231	240	245	247	240	238	247	249	235	247	247	265	290	287	223	261	269	275	279	265	248	243	232	257	246	241	240	291	253	256	239	242	254	255	258	289	259	257	260	263	275	310	304	292	304	303	308	301	308	
215	252	251	244	247	252	258	293	7	253	247	245	242	248	258	256	248	264	264	250	233	226	217	274	272	273	271	248	224	235	236	244	263	245	286	265	256	257	239	253	252	288	288	262	262	261	263	266	275	292	291	310	309	313	318	313	301	
249	252	251	248	252	259	269	270	336	335	290	253	272	275	263	240	250	259	249	241	271	245	247	285	278	268	253	209	248	251	250	249	249	244	249	258	256	257	288	243	257	258	259	290	290	292	292	293	275	292	291	293	289	312	286	292	297	
267	312	290	281	274	268	280	293	316	341	332	261	260	269	277	250	249	251	249	254	259	262	265	282	275	261	200	265	250	246	239	242	236	281	284	290	297	260	286	252	249	246	254	260	292	292	292	293	294	261	290	260	286	282	284	291	295	
227	265	293	303	310	298	280	265	275	306	352	274	261	247	271	245	254	271	288	288	285	280	264	251	247	229	207	273	242	272	275	249	294	297	293	291	294	260	211	229	239	235	253	260	263	292	292	293	268	237	292	288	294	298	297	298	299	
260	249	261	256	240	227	253	255	272	262	293	300	303	252	272	247	257	258	260	261	252	255	247	241	234	230	228	281	284	286	286	294	302	302	293	278	267	261	195	229	241	243	253	260	256	258	259	259	296	222	301	302	309	312	304	299	299	
254	260	255	250	251	261	260	247	253	253	269	296	323	294	282	247	256	247	252	248	251	251	243	232	229	240	254	291	280	300	293	291	301	281	265	251	280	203	200	223	240	253	250	232	238	246	241	300	246	224	308	306	307	308	303	301	301	
248	254	256	264	281	300	301	277	261	259	263	272	309	315	286	256	260	251	250	259	265	251	270	271	239	280	288	295	300	301	290	278	285	289	271	197	200	185	202	231	259	268	261	296	244	245	244	238	240	238	308	303	303	306	304	303	303	
274	252	253	264	264	259	267	313	293	269	281	281	292	316	320	287	267	282	260	261	258	260	271	287	294	292	290	287	287	295	300	293	280	234	194	197	181	184	215	260	287	281	266	303	258	266	308	251	245	261	247	308	308	310	307	303	304	
59	247	251	240	231	242	243	250	270	296	293	283	263	256	313	317	291	302	292	268	261	267	277	289	294	290	299	294	287	285	286	288	273	154	224	190	188	203	298	288	287	284	314	286	300	294	280	265	251	255	254	248	313	313	311	310	312	
117	240	246	245	249	264	273	268	255	249	244	229	245	256	256	258	265	317	310	307	301	276	301	278	296	301	298	298	294	286	281	194	194	187	151	271	240	290	297	288	283	288	293	293	288	291	283	271	253	251	255	265	298	316	312	312	316	
216	233	242	245	261	266	274	295	261	235	242	240	259	257	258	263	272	263	270	286	313	293	301	296	292	299	296	290	291	218	213	186	200	221	194	286	279	279	219	281	278	278	274	254	247	240	246	253	247	251	263	273	283	317	310	308	311	
236	348	284	245	245	253	263	278	304	263	235	252	259	264	253	259	268	273	272	276	315	292	268	298	295	286	282	228	182	200	218	200	158	220	233	124	279	268	226	253	267	265	247	245	236	228	248	254	251	264	278	286	285	321	318	313	312	
244	329	39	247	251	261	275	271	261	262	301	279	267	265	283	267	269	280	276	271	201	212	233	243	241	242	234	185	197	266	271	230	186	212	230	193	217	188	244	266	275	272	256	253	240	298	275	254	248	269	288	290	315	302	322	320	322	
236	332	55	270	258	257	263	267	266	268	282	317	280	274	295	292	280	278	261	201	220	266	226	231	255	286	249	181	164	187	276	225	162	205	242	212	194	181	278	281	289	285	283	265	269	290	260	224	291	300	277	280	292	301	319	320	325	
226	352	26	321	269	255	252	267	290	297	281	251	212	234	245	257	242	239	226	191	229	268	237	272	290	268	254	187	275	208	234	281	159	211	224	215	183	255	285	286	292	304	294	289	285	260	188	247	288	260	257	269	278	292	305	319	321	
6	356	2	332	301	277	263	260	269	270	277	230	234	259	261	254	208	247	255	176	244	278	286	287	289	282	263	208	279	273	271	227	225	245	225	201	180	263	289	294	295	294	282	254	240	201	221	261	281	239	256	266	268	272	274	279	288	
272	320	352	333	313	299	284	262	271	216	261	212	255	259	255	235	253	259	251	188	257	252	284	276	246	196	236	196	182	164	181	214	194	279	202	198	195	284	294	293	289	273	235	232	252	215	245	249	249	267	262	270	263	251	254	250	240	
276	263	300	327	321	327	273	292	275	306	168	233	254	250	240	249	264	262	214	214	265	277	272	233	209	227	235	163	224	210	217	232	222	192	165	262	286	301	298	298	283	253	227	290	257	237	247	288	297	307	291	272	263	252	254	247	254	
263	260	255	261	245	256	344	319	299	178	208	261	254	245	251	267	266	248	191	228	272	277	265	200	223	242	221	169	240	233	152	246	228	211	288	301	306	302	293	278	249	244	269	260	219	245	285	300	300	298	291	275	268	258	252	244	236	
254	244	227	242	265	279	270	315	344	108	267	259	268	255	254	255	245	223	188	199	277	277	243	230	238	258	194	244	259	239	183	192	219	225	311	310	313	302	283	250	272	293	294	329	237	281	289	302	294	287	286	283	264	239	228	238	238	
250	274	217	249	259	260	259	262	37	323	311	269	280	284	262	249	234	239	188	274	278	261	229	221	270	256	181	151	286	256	168	204	281	300	312	307	310	310	298	307	309	315	320	71	307	298	292	287	288	276	273	237	219	220	240	246	250	
254	306	247	258	255	246	265	270	7	282	283	291	275	282	137	190	255	258	199	280	279	272	248	270	272	244	241	356	290	252	156	240	297	282	308	298	294	308	311	293	292	304	338	6	309	298	287	277	269	242	218	233	304	310	312	307	302	
278	305	346	269	254	268	260	262	42	215	287	310	322	82	291	293	287	289	296	282	267	244	248	262	256	249	280	302	309	108	16	309	296	289	279	272	273	278	303	286	279	283	335	334	309	309	272	266	262	278	297	303	310	313	312	311	308	
254	284	346	323	280	240	219	232	29	297	295	293	329	316	303	307	312	307	306	280	247	227	249	252	243	262	293	310	323	342	341	321	290	248	263	277	263	242	259	267	289	299	350	287	304	320	272	255	265	296	298	298	292	304	305	307	308	
