autotest/output/original/cli_wxModelInitialization_diurnal_local_model/mackay_07-13-2013_0000_393m_vel.asc
ncols	57
nrows	71
xllcorner	279635.000000
yllcorner	4850745.000000
cellsize	393.466398
NODATA_value	-9999.000000
[rows 0 to 52 of 71, columns 0 to 56 of 57]
4.92 6.00 5.33 5.19 7.42 5.09 4.34 4.40 4.96 6.40 7.18 6.83 6.71 9.92 10.71 10.12 10.88 10.03 9.27 6.98 6.75 9.29 8.37 7.47 5.88 6.45 8.29 10.59 10.14 8.44 8.68 7.44 4.63 3.53 4.75 4.34 5.52 6.17 5.44 6.15 4.69 5.86 2.96 5.45 5.82 4.79 8.35 9.24 9.16 8.91 4.05 9.39 3.15 9.53 8.28 4.00 4.25
4.51 4.87 5.16 3.45 6.44 3.55 5.00 5.00 4.92 4.93 5.09 3.97 5.79 5.44 5.51 8.30 6.13 6.45 8.36 8.08 6.20 3.43 6.94 6.98 6.92 7.02 6.56 4.32 4.79 5.46 6.78 8.03 5.55 3.15 5.41 8.44 5.97 5.16 4.79 6.43 5.39 5.31 1.59 3.73 6.49 5.54 7.70 8.25 8.65 8.96 8.72 8.81 2.75 4.16 3.08 3.38 3.61
4.09 4.36 4.73 2.64 4.83 4.83 4.87 4.89 4.77 4.60 2.16 2.21 1.95 2.29 2.67 2.12 1.41 1.36 3.39 7.42 5.99 0.57 4.97 5.07 6.48 7.20 4.70 4.77 6.10 4.58 3.71 8.62 8.18 4.65 5.71 8.98 5.82 5.53 2.64 6.64 5.69 7.12 5.91 3.94 6.54 9.76 7.96 7.01 8.91 4.33 9.10 8.84 9.16 9.42 8.26 7.80 8.85
4.16 2.36 2.29 2.01 4.76 4.72 4.72 4.74 4.61 4.41 1.88 1.35 1.36 2.14 3.10 3.57 2.66 2.29 3.74 6.11 6.69 4.14 4.97 6.57 7.05 7.26 3.90 6.89 7.19 7.18 2.86 5.54 9.38 9.84 6.29 6.54 6.29 5.01 1.69 6.18 6.04 4.85 6.42 3.75 4.58 7.29 7.81 7.25 3.52 4.44 8.72 3.70 7.69 6.64 7.05 3.28 3.03
4.11 1.75 1.53 1.43 1.50 4.72 4.67 4.66 4.56 1.37 1.55 1.67 1.50 0.79 3.04 4.16 3.50 3.57 5.65 6.55 8.26 7.15 6.60 2.55 3.29 7.04 6.48 4.06 7.14 7.19 6.01 2.50 5.86 8.15 5.67 6.41 6.36 3.19 2.25 4.89 6.98 12.10 4.92 7.22 6.73 6.75 8.13 10.02 7.44 7.95 8.71 8.14 7.87 7.03 3.60 3.02 2.67
3.95 1.69 1.09 1.02 1.22 1.49 1.80 4.67 4.56 1.71 1.25 1.47 1.92 1.75 2.95 3.75 4.65 3.42 5.52 6.00 6.63 7.71 7.12 5.60 5.84 6.91 5.40 1.23 4.01 6.68 6.24 4.08 5.25 7.95 5.26 3.98 6.20 6.07 6.84 2.71 5.35 8.42 6.48 4.69 8.06 8.99 8.04 8.00 6.87 4.72 6.47 8.13 3.33 6.34 3.43 2.31 1.95
1.85 1.67 0.57 0.58 0.86 1.15 1.72 2.28 1.35 1.49 1.33 1.84 2.01 2.38 4.01 3.98 4.60 3.54 4.73 9.48 8.36 9.61 9.21 8.56 7.30 7.29 4.96 6.30 4.88 3.76 5.44 4.17 1.00 7.69 5.31 4.75 3.49 4.41 5.74 6.41 0.98 8.94 7.84 6.37 7.86 4.61 6.85 7.13 6.14 5.93 7.79 8.17 3.16 5.89 4.12 6.18 2.11
2.37 2.09 0.57 0.58 0.71 0.85 1.62 1.85 0.84 0.94 1.88 2.19 2.12 2.53 2.62 3.54 3.31 5.07 3.24 5.81 8.11 9.81 11.10 10.79 11.17 9.26 6.86 5.15 5.64 3.98 3.10 4.06 1.06 7.28 6.97 6.18 5.69 3.68 2.18 5.33 2.19 9.31 9.49 9.20 4.35 4.57 4.92 7.15 6.41 8.19 8.30 3.49 3.25 3.76 4.83 3.78 2.92
2.04 1.77 0.65 0.57 0.33 1.00 1.73 1.67 0.87 0.84 1.91 3.01 2.18 2.68 2.22 2.29 2.33 1.06 3.59 2.47 0.88 2.19 4.74 9.19 10.89 11.96 9.93 6.98 6.17 5.11 4.59 2.28 2.79 5.47 7.42 6.43 6.17 4.39 2.29 0.98 2.48 7.83 9.68 8.07 7.18 3.17 3.28 6.20 7.10 6.55 7.17 7.62 3.55 2.84 3.79 4.35 3.88
1.81 1.85 0.92 0.29 0.59 1.33 1.73 1.65 2.43 3.21 2.95 4.35 2.83 1.86 1.15 2.46 2.92 0.39 3.35 4.39 3.48 2.27 0.22 1.69 2.96 9.83 11.93 9.36 6.63 7.27 6.24 3.12 2.06 4.38 5.58 6.38 5.51 5.38 2.99 3.69 2.43 2.49 8.25 8.10 7.09 7.73 4.67 4.78 5.51 6.66 3.70 3.59 4.23 2.60 3.76 3.61 4.54
1.95 1.94 1.22 1.12 1.20 1.50 1.86 2.22 4.30 4.65 4.68 4.11 1.94 1.15 1.36 1.87 3.74 2.67 2.97 4.00 4.93 4.08 2.67 1.29 1.56 3.60 8.00 9.91 7.64 7.23 7.70 4.85 2.86 3.57 7.06 5.96 5.32 5.21 3.13 4.44 2.86 6.28 8.49 7.26 4.99 5.28 4.88 5.14 6.60 7.62 6.81 1.75 4.26 3.60 5.11 2.23 4.27
2.45 2.28 3.65 3.54 1.64 1.87 2.60 4.14 4.26 4.48 4.52 4.41 1.68 2.07 2.41 1.76 3.16 3.42 3.25 3.65 3.75 4.40 4.14 2.99 0.34 0.04 1.82 6.92 6.28 2.36 8.63 8.00 5.14 5.48 7.29 7.89 5.52 4.20 5.42 4.80 2.58 6.78 8.42 8.06 6.54 6.08 9.19 7.02 8.29 9.23 7.77 8.09 4.43 3.99 7.14 4.85 3.83
2.93 4.28 4.54 1.83 1.94 2.84 4.27 4.27 4.42 4.43 4.26 3.26 2.26 0.81 3.94 1.70 4.14 4.21 3.20 2.89 2.90 3.60 3.88 4.01 2.75 1.32 1.73 3.96 2.77 3.67 7.87 8.84 8.28 5.87 5.64 8.33 6.85 3.93 5.42 2.91 1.73 5.92 6.78 8.58 8.89 7.11 5.36 7.50 6.20 4.10 8.64 5.12 7.09 6.85 7.67 5.82 5.25
3.82 4.02 3.88 1.60 2.57 1.21 3.12 2.69 4.45 4.15 4.97 2.63 4.13 4.43 4.15 3.69 3.96 4.64 3.24 3.04 3.56 3.32 3.80 4.80 4.56 3.33 3.13 4.02 3.59 4.77 6.57 6.90 10.06 7.74 5.80 5.60 6.00 2.45 4.69 1.45 1.97 3.98 1.65 7.49 9.51 7.69 7.50 8.52 5.19 4.22 3.72 6.30 7.71 7.25 9.17 5.92 8.15
1.79 3.28 4.53 3.31 3.48 3.25 3.47 4.91 4.36 5.23 3.12 1.34 3.85 4.67 4.48 4.85 3.24 4.97 2.05 3.53 3.24 3.40 3.25 4.26 4.71 4.62 4.65 4.80 5.23 5.58 4.96 5.18 7.93 9.99 6.38 4.75 5.34 6.50 3.57 2.94 2.39 0.84 0.70 7.16 9.22 6.92 5.83 5.26 7.59 8.82 10.76 7.96 4.97 8.11 2.31 8.27 1.63
3.97 3.81 4.81 4.97 4.64 4.87 5.71 5.69 3.75 3.48 3.45 3.44 3.47 4.29 4.61 6.35 2.54 3.80 2.00 5.27 4.04 3.64 3.94 4.53 5.29 5.73 5.75 5.69 6.74 6.39 5.60 5.75 5.40 10.74 8.03 5.27 7.30 5.49 4.95 3.54 2.49 3.69 3.78 4.93 8.88 7.10 9.16 7.73 9.06 8.48 6.95 8.62 6.56 3.32 8.90 6.68 7.39
4.51 4.23 3.85 4.42 5.46 6.12 5.67 4.73 3.52 4.09 3.65 4.59 6.84 3.69 4.10 6.03 5.21 3.65 3.51 7.58 4.14 4.15 4.31 5.09 6.01 6.09 5.80 6.02 7.26 7.21 7.05 7.06 4.07 8.41 9.05 4.22 6.59 5.07 6.75 4.35 2.16 4.71 4.69 6.10 9.23 9.19 8.94 8.25 5.73 5.51 10.63 6.69 8.62 8.77 7.60 2.47 2.50
8.63 4.66 4.00 3.68 3.46 4.05 5.30 5.46 4.18 4.99 4.60 6.41 5.24 7.48 4.68 3.66 5.86 3.59 3.78 2.67 4.93 4.30 4.83 5.28 5.23 6.22 6.34 7.05 7.57 7.59 7.06 7.63 4.62 7.06 6.19 8.28 5.96 3.96 6.92 5.53 4.41 3.67 3.05 5.04 8.75 11.04 7.94 7.35 4.19 5.95 10.91 8.99 8.36 2.64 6.36 1.70 1.68
12.39 5.23 8.29 8.31 7.98 6.89 7.06 5.80 5.88 5.49 6.53 7.18 6.21 3.31 3.69 4.64 5.70 3.49 3.57 6.64 6.09 4.91 4.85 4.89 5.29 5.52 6.73 7.15 6.41 6.81 7.14 7.61 7.36 4.39 3.66 5.20 4.43 2.91 6.42 7.08 6.04 3.32 2.48 2.34 7.45 9.97 9.93 7.21 7.74 4.81 10.20 9.37 7.96 2.45 4.18 1.34 0.64
6.69 5.79 8.60 7.43 8.45 7.28 7.08 7.70 7.05 7.23 7.74 7.72 7.32 5.50 4.17 4.47 5.48 3.96 3.29 3.16 6.86 4.95 5.11 5.25 5.02 4.77 5.76 5.38 6.88 6.24 6.25 6.60 4.89 2.37 6.19 4.08 2.52 0.95 4.27 6.90 7.25 4.78 3.53 2.26 1.54 8.38 8.89 8.66 8.76 4.82 6.33 10.09 9.31 7.84 9.48 5.93 6.25
6.52 10.39 7.81 7.84 8.29 7.86 7.10 7.40 7.08 6.09 2.78 1.82 5.10 3.17 5.30 5.59 5.71 3.54 2.40 3.40 2.46 5.16 5.39 5.43 5.72 5.20 5.89 5.58 5.80 7.00 4.18 2.61 2.89 2.38 5.68 5.49 4.45 2.69 2.85 8.83 8.44 4.76 4.22 2.92 1.29 8.97 10.23 8.38 8.89 8.61 6.80 6.29 8.34 4.50 3.24 5.45 5.23
5.93 7.81 7.80 7.62 6.10 5.13 5.13 7.88 7.16 7.13 8.97 7.06 3.23 3.65 6.99 6.88 5.88 5.30 4.06 3.42 2.47 5.40 4.75 5.17 5.33 3.97 3.54 4.06 3.40 2.33 1.65 2.52 2.71 4.54 6.46 7.20 4.97 5.05 3.58 7.23 8.04 3.93 5.16 1.16 6.26 8.89 9.06 9.60 6.57 6.65 6.11 4.71 5.69 5.59 4.56 5.63 1.31
7.10 6.46 7.16 7.69 6.67 5.74 6.09 5.72 7.63 7.12 9.64 6.85 6.30 4.17 7.88 2.88 7.40 6.65 5.92 9.04 8.49 4.29 3.47 3.07 2.33 4.22 3.48 3.67 2.81 1.36 1.76 3.29 5.66 5.67 7.24 6.17 7.27 6.59 4.45 7.56 8.93 4.81 3.50 2.41 5.54 6.29 10.98 8.00 6.24 3.33 4.72 4.78 3.97 4.69 5.61 3.02 1.57
4.54 4.99 6.72 8.38 7.55 6.53 7.06 6.90 5.16 10.65 10.08 10.11 8.10 4.81 5.31 7.04 6.70 8.06 10.76 10.18 5.99 4.43 3.79 3.89 3.81 3.55 3.78 2.89 3.54 4.77 3.24 5.68 7.04 6.85 4.26 7.29 7.21 7.48 6.59 6.81 7.75 4.98 3.90 6.01 5.74 4.99 10.33 9.12 4.35 3.67 6.32 6.00 3.16 2.25 5.22 4.75 2.79
3.91 2.28 5.53 7.62 7.24 6.45 7.01 7.22 6.24 9.55 10.99 7.74 7.47 5.56 8.99 7.66 5.71 6.74 10.36 8.11 5.91 4.80 3.88 3.74 5.47 2.86 3.08 3.62 4.45 3.67 5.13 6.40 7.05 6.83 6.84 7.53 7.57 8.42 7.89 6.97 6.53 5.98 6.43 6.86 6.18 5.48 11.63 8.55 4.00 3.59 7.79 6.15 2.94 5.51 2.51 5.16 4.96
6.73 3.88 4.87 6.49 6.46 5.98 6.27 12.56 12.33 11.51 8.00 7.86 7.10 6.80 8.71 9.08 5.76 6.72 9.29 8.07 8.40 6.35 5.37 4.04 3.63 3.35 2.94 4.10 5.51 5.96 6.28 6.25 6.90 7.05 7.54 6.31 6.63 7.50 7.05 7.38 6.21 7.18 8.39 7.84 6.87 6.50 11.32 6.42 4.60 5.65 8.64 5.22 3.50 6.77 5.04 4.63 5.78
4.40 7.97 6.55 9.38 8.86 9.47 10.56 10.07 5.80 5.66 4.06 7.10 4.88 8.47 9.47 6.53 6.48 10.44 8.19 8.95 9.75 9.78 6.71 5.44 4.87 5.17 4.94 5.57 4.75 5.71 4.29 6.72 7.01 5.41 7.81 5.40 5.09 4.56 5.03 6.52 5.03 7.21 10.51 8.59 7.10 6.59 10.69 6.14 1.63 7.57 8.64 7.30 5.99 8.42 8.10 6.17 6.88
8.25 5.84 5.46 6.46 7.08 8.83 9.42 5.85 4.92 4.81 9.97 7.05 3.49 7.49 8.62 5.95 6.13 7.34 9.53 12.98 5.04 5.24 6.91 6.68 6.63 6.35 4.53 4.80 5.76 6.41 7.24 5.10 5.43 5.85 5.94 5.76 5.74 5.48 6.56 7.93 7.91 8.30 10.34 9.42 9.11 7.15 10.56 7.10 2.93 7.80 8.33 7.04 4.62 9.34 4.69 10.04 7.15
9.82 7.49 5.40 3.96 4.98 6.61 12.80 9.73 8.20 9.36 7.98 5.10 4.04 3.29 8.20 6.71 6.50 6.63 4.49 5.69 3.38 8.22 5.48 6.35 7.11 5.46 4.05 4.61 5.81 6.64 6.07 5.47 5.92 5.91 6.20 6.37 5.94 6.35 8.07 8.74 8.91 7.10 8.51 9.02 10.71 9.33 9.70 7.99 5.88 7.04 7.62 6.50 7.49 5.77 9.82 7.75 1.91
5.48 10.64 7.69 8.94 9.73 11.03 12.19 11.25 10.05 8.29 2.60 5.60 6.45 5.95 8.32 6.17 3.81 5.79 3.64 6.38 4.86 5.01 5.29 5.40 5.89 5.17 4.02 5.91 5.98 6.84 5.21 5.82 6.35 6.24 6.62 7.18 6.79 7.07 7.57 8.38 8.59 6.10 6.02 8.26 9.24 10.13 10.44 9.50 9.73 7.29 6.08 8.65 7.49 4.26 10.31 8.95 5.74
6.05 9.96 8.69 8.87 9.82 12.02 9.34 13.25 11.24 6.77 3.85 4.13 8.29 7.19 5.96 7.16 6.72 6.54 3.52 5.48 5.21 5.79 10.01 1.98 5.86 6.84 7.09 7.67 6.54 6.05 4.98 7.57 6.50 6.77 7.00 7.77 7.57 7.63 7.84 8.41 8.40 6.57 4.97 8.76 9.25 9.40 9.79 10.62 11.14 9.03 7.36 9.66 7.34 6.11 9.23 9.07 5.69
6.39 10.97 7.64 6.51 7.49 9.66 13.04 14.86 8.62 8.73 6.99 0.23 8.18 7.87 7.59 7.85 12.21 3.76 12.33 12.02 10.77 9.46 9.47 2.18 3.06 6.64 7.17 6.69 6.19 6.34 5.96 8.11 6.81 6.33 7.23 8.16 8.24 8.19 8.31 8.63 8.62 7.85 5.63 9.43 7.94 8.26 9.51 9.86 10.44 9.10 9.87 9.30 8.80 7.69 9.07 8.67 7.92
9.59 10.35 9.21 5.34 2.95 7.24 9.99 11.95 9.83 9.53 7.24 3.10 6.91 6.59 13.56 4.84 6.35 7.12 10.64 12.28 10.61 10.38 10.38 7.80 3.07 3.36 6.21 6.02 7.24 7.36 6.05 6.89 7.07 6.30 7.13 9.40 8.90 8.96 9.12 8.99 9.17 7.49 7.31 9.13 9.03 8.78 8.80 9.76 9.79 10.16 9.03 9.85 9.15 7.61 7.62 7.79 9.06
8.78 9.86 9.07 6.21 5.45 5.28 7.51 12.40 10.90 10.04 9.35 10.82 5.08 5.47 5.52 7.63 11.34 5.36 12.93 11.35 11.19 11.26 6.98 10.02 5.58 6.28 4.37 5.30 6.84 5.80 6.25 6.13 6.43 6.47 7.20 9.45 8.32 10.09 9.80 9.63 9.38 9.76 9.09 8.49 7.53 6.54 8.93 9.66 9.82 9.95 10.15 8.44 7.01 7.40 7.48 5.30 8.03
8.40 10.94 7.49 7.63 5.61 7.81 7.37 11.58 11.42 11.74 10.76 11.21 10.39 10.49 6.64 6.76 6.79 5.12 6.47 4.15 11.96 6.81 10.84 10.19 10.62 9.39 4.71 4.03 6.15 7.43 5.81 5.80 6.40 6.95 8.03 9.68 9.76 9.94 10.21 10.71 9.81 9.11 7.34 5.32 6.55 8.37 9.27 9.89 10.21 9.93 9.51 7.29 6.82 6.30 4.06 3.78 7.98
9.60 8.72 7.49 8.94 2.83 9.17 10.15 11.45 10.92 11.45 11.88 11.60 10.83 8.87 11.88 12.38 11.28 7.63 7.88 11.08 11.57 11.33 8.33 10.03 9.39 10.13 9.11 3.97 4.00 4.01 6.63 5.85 6.59 7.46 8.15 9.29 9.74 10.05 10.56 10.50 10.60 9.44 7.24 6.63 7.37 8.29 9.14 9.26 9.95 9.93 9.07 6.80 5.04 3.92 3.86 3.75 3.67
9.29 9.39 4.52 8.10 5.65 5.64 11.78 13.59 10.49 12.45 12.50 11.82 10.80 10.51 11.28 9.10 10.40 12.07 13.39 12.65 11.65 10.06 7.84 11.03 10.98 9.89 10.21 9.43 3.85 3.95 7.20 6.70 6.54 6.94 8.68 9.28 8.89 9.01 10.31 8.93 4.84 4.76 7.57 7.22 7.62 8.06 8.69 8.86 9.75 10.83 8.86 5.04 4.11 3.99 3.91 3.73 4.95
7.47 11.09 12.14 7.33 5.25 3.94 8.92 15.37 13.78 11.68 12.03 11.39 11.22 11.57 10.62 11.22 9.54 11.79 9.21 9.49 9.35 7.93 9.69 10.44 8.64 8.70 11.60 3.60 9.93 7.68 4.25 6.86 6.74 7.03 8.80 9.84 9.63 8.71 8.42 4.98 5.04 4.83 4.77 6.73 7.51 8.07 8.06 9.09 10.00 9.06 8.12 4.16 4.16 3.98 3.91 3.73 5.38
4.25 7.10 11.04 7.62 4.56 4.14 4.24 13.83 12.33 10.97 12.20 11.16 10.58 9.87 10.71 10.89 11.90 11.48 11.32 11.16 10.50 9.90 10.19 10.63 4.11 5.35 4.76 3.44 10.15 6.85 4.20 4.37 7.05 8.12 4.79 4.84 4.89 7.69 7.03 5.09 5.07 4.90 4.77 7.63 7.38 7.22 8.10 8.55 8.72 8.66 7.53 5.06 4.17 3.98 3.92 3.75 5.95
7.28 7.36 10.70 5.12 6.75 1.32 7.46 9.89 11.66 12.98 12.32 6.48 9.94 5.66 10.02 6.48 6.70 6.87 10.49 10.07 10.05 9.47 8.68 7.52 4.23 5.96 5.19 11.68 2.94 7.40 9.68 7.41 8.02 4.72 8.49 8.90 4.81 6.13 6.89 5.15 9.05 4.96 4.84 8.11 6.44 7.40 8.39 4.82 9.38 6.34 7.10 6.48 4.94 4.01 3.93 3.76 5.63
5.48 8.28 11.55 8.51 6.52 5.29 8.66 8.69 7.51 9.79 9.25 9.09 7.72 6.03 6.08 6.54 7.14 7.87 10.40 10.05 11.84 9.14 9.98 6.58 4.15 5.98 13.05 3.84 12.27 7.27 8.15 8.60 8.72 7.62 6.93 4.73 8.03 6.76 7.04 5.22 5.16 9.46 4.88 4.89 6.34 5.01 5.01 4.72 4.43 4.99 6.32 4.43 6.95 4.07 3.95 3.76 5.93
1.54 7.52 11.95 9.34 5.89 7.40 10.73 8.42 9.90 7.39 6.46 7.76 8.58 12.65 13.40 6.94 7.32 6.31 6.98 11.91 10.12 10.89 7.16 6.09 3.92 5.58 5.73 4.11 9.46 7.45 8.28 8.32 8.55 9.54 8.44 9.00 7.62 4.93 7.68 5.24 5.17 10.21 9.40 4.98 7.32 5.08 4.99 4.63 9.80 5.41 4.67 4.44 4.25 6.45 4.01 3.77 6.81
2.23 2.87 9.62 10.28 8.92 9.27 8.97 10.62 11.30 11.50 10.65 9.46 6.54 6.86 6.69 6.53 13.99 10.00 12.97 11.96 10.80 7.73 9.61 11.40 11.45 5.32 5.29 13.73 9.98 11.06 8.70 8.84 8.40 10.06 8.78 8.72 9.30 8.18 5.16 5.16 5.15 8.34 8.71 5.05 7.42 5.13 9.34 9.91 9.76 5.64 4.72 4.47 4.26 4.16 4.05 3.74 7.15
4.22 3.37 8.75 9.58 8.45 9.15 10.22 9.87 12.53 9.93 9.92 11.42 13.51 5.55 10.95 6.03 6.58 14.10 12.54 12.51 4.43 4.12 7.23 12.01 8.13 9.81 12.59 12.71 8.49 8.87 10.24 11.40 10.76 10.04 10.61 10.33 10.10 8.44 8.13 9.30 7.91 7.65 8.27 8.55 8.58 7.98 4.87 4.66 4.66 4.78 7.53 4.51 9.28 4.12 6.96 6.27 6.32
5.54 6.59 10.15 8.83 7.88 7.27 8.64 7.70 9.62 8.77 9.10 11.77 10.06 11.82 5.77 10.36 6.34 10.62 5.72 5.19 5.07 4.04 12.09 3.38 8.65 8.42 8.24 8.31 7.89 11.69 11.14 10.98 8.46 10.77 9.85 9.71 8.48 6.99 7.22 5.14 7.81 9.08 8.06 9.55 8.81 8.88 9.19 8.66 6.92 4.81 4.69 4.53 4.34 8.87 3.90 6.97 6.57
4.91 8.41 11.51 8.45 7.41 10.49 5.03 6.53 8.20 9.35 12.89 12.38 10.24 9.47 11.63 11.21 11.65 10.06 13.15 6.42 4.79 12.57 11.38 11.07 5.35 5.75 7.79 7.75 8.12 4.41 8.36 10.60 11.19 10.80 8.38 8.83 8.04 6.11 5.02 7.12 7.35 7.62 7.99 8.49 11.08 9.53 9.91 4.85 6.03 4.89 4.72 4.55 4.38 4.16 3.95 3.87 3.92
2.50 8.63 12.30 9.16 7.48 10.56 9.02 1.36 6.02 10.78 12.53 10.12 10.54 9.44 8.27 9.91 6.37 6.19 11.07 12.65 12.86 6.44 10.95 4.58 6.16 6.16 5.26 8.16 12.05 10.80 8.99 6.11 11.73 7.61 8.11 4.96 10.34 6.48 7.95 8.46 7.32 7.82 8.44 5.19 8.82 7.83 8.31 8.57 9.05 6.78 7.94 4.53 8.31 8.27 7.99 3.92 4.76
3.03 8.23 11.57 9.04 7.28 7.17 9.86 8.55 4.72 7.39 12.17 11.96 8.89 6.83 10.61 10.03 5.74 8.51 7.09 10.54 10.10 6.64 5.42 4.44 6.48 6.53 4.80 12.22 8.19 10.44 9.63 10.32 8.20 8.34 5.46 10.51 10.53 7.31 7.85 7.21 8.65 5.38 5.31 9.53 8.61 8.56 7.96 8.52 9.34 4.78 4.68 9.86 7.85 7.62 5.55 4.66 4.05
4.46 7.34 10.04 9.62 8.44 8.21 11.36 9.35 8.55 5.62 8.12 11.66 13.23 11.98 10.93 9.27 11.71 12.61 7.81 7.44 3.76 5.97 6.55 4.39 6.06 5.94 4.33 7.52 6.73 9.83 9.43 11.66 10.14 8.75 9.77 10.02 8.51 7.24 4.78 9.12 7.98 9.36 10.97 5.33 5.27 5.14 5.05 4.85 10.46 4.58 4.52 9.35 4.15 8.84 4.35 4.43 4.39
7.52 10.19 9.68 9.32 8.03 7.51 7.70 7.67 10.74 9.23 7.16 10.04 11.49 11.88 10.12 8.76 7.50 6.61 6.46 6.68 7.37 11.41 8.29 12.08 5.13 4.50 6.55 5.35 8.59 9.66 8.59 7.82 6.19 5.38 5.99 5.61 4.55 7.85 4.44 8.05 8.96 7.51 8.31 10.20 5.28 5.15 5.02 4.82 4.43 7.85 4.32 7.84 3.82 4.12 4.87 4.88 4.68
10.61 11.88 9.95 13.44 10.91 10.72 12.75 13.50 11.86 13.30 8.37 7.90 10.87 6.75 9.02 5.74 7.25 12.23 11.57 11.83 13.10 12.57 7.68 9.38 8.97 7.35 4.81 6.06 8.54 5.37 5.70 6.57 5.34 5.78 5.99 5.61 4.10 11.09 8.31 7.37 8.06 7.47 8.32 9.69 9.06 5.11 4.99 4.80 8.13 6.94 3.93 4.11 3.95 4.27 5.28 5.16 4.76
12.77 14.49 13.23 10.43 9.54 9.72 5.26 6.82 6.33 8.85 13.56 6.32 12.01 6.97 8.57 5.58 7.92 6.40 13.73 8.00 11.33 6.95 7.82 6.78 7.46 6.12 4.65 6.40 6.15 5.31 6.45 6.88 6.13 5.27 4.72 4.76 3.70 11.07 5.42 6.75 8.68 8.28 8.79 8.83 9.61 9.21 8.61 8.75 4.47 5.20 3.83 4.58 4.66 4.48 5.09 5.16 4.93
12.04 13.54 14.32 10.42 9.42 9.71 3.48 6.25 8.43 10.34 9.11 13.74 10.27 12.37 7.11 5.96 8.17 8.12 5.73 6.99 6.51 6.20 6.15 5.77 5.55 5.94 5.81 6.99 8.09 5.57 7.01 7.23 8.10 3.61 3.48 4.10 7.84 8.44 5.56 7.43 9.12 9.07 8.50 10.05 11.92 10.91 11.41 4.81 6.85 5.56 4.37 5.04 4.68 4.14 4.71 5.23 5.27
