autotest/output/original/cli_wxModelInitialization_diurnal_local_model/mackay_07-12-2013_0900_393m_vel.asc
ncols	57
nrows	71
xllcorner	279635.000000
yllcorner	4850745.000000
cellsize	393.466398
NODATA_value	-9999.000000
8.04	8.38	8.69	8.63	8.75	9.00	9.54	9.61	9.97	9.61	9.96	10.69	11.99	12.34	13.70	15.70	14.70	15.16	15.69	15.51	13.39	14.58	14.93	15.58	13.11	10.40	10.09	10.92	12.67	14.47	14.13	13.00	8.43	7.47	6.23	3.80	3.78	6.13	8.54	11.26	9.41	9.67	11.02	11.36	14.06	10.35	8.55	7.43	6.35	6.39	6.97	6.60	7.17	7.25	7.28	7.77	8.09	
7.73	8.02	8.42	8.53	8.62	9.36	9.81	10.06	12.26	12.42	11.59	11.67	12.56	13.09	13.35	14.72	15.12	14.72	15.75	15.64	12.32	15.52	12.57	15.68	14.00	11.40	9.56	8.46	8.54	9.68	10.87	11.30	9.21	7.53	5.51	5.18	3.75	5.16	6.91	10.04	10.09	9.16	9.04	10.45	13.26	11.13	9.85	8.60	7.03	6.63	6.06	6.55	6.73	6.43	6.36	6.77	7.15	
7.29	7.45	7.86	8.24	9.12	9.42	9.87	11.64	11.86	11.82	11.30	11.10	11.47	11.36	10.85	10.77	11.35	12.40	12.43	13.56	11.87	8.50	10.19	9.56	9.83	8.91	7.67	4.98	6.09	5.97	5.42	9.60	7.70	8.09	7.29	3.85	4.41	4.74	5.08	6.29	8.76	6.93	6.43	6.52	9.39	10.28	9.54	8.90	8.35	5.97	6.83	6.19	5.46	5.41	5.23	5.52	6.16	
7.34	7.46	7.70	7.91	9.13	9.42	9.66	11.19	9.60	11.22	10.60	10.56	10.78	10.41	9.85	9.26	8.84	10.20	11.16	11.10	9.97	5.48	4.51	4.75	5.25	5.14	5.76	6.06	3.37	7.51	3.65	4.69	8.50	8.75	7.76	5.70	7.48	7.07	7.82	8.97	8.99	6.95	6.73	5.16	5.82	8.21	6.22	5.29	5.66	7.70	6.15	5.30	5.59	5.65	5.80	6.31	7.27	
7.37	7.49	7.66	8.86	9.05	9.33	9.50	9.59	10.91	10.65	10.16	10.58	10.79	10.49	10.09	9.64	8.28	9.35	6.88	6.82	6.63	5.05	3.90	3.97	4.76	3.97	3.74	6.72	5.84	4.95	3.67	6.67	5.41	7.95	8.50	8.58	11.42	12.54	12.17	14.71	12.72	9.67	7.55	5.47	4.28	5.59	5.05	3.67	2.53	3.14	4.68	6.43	6.69	6.67	7.27	7.92	8.50	
7.26	7.34	7.50	7.57	8.97	9.19	9.33	9.43	9.44	9.12	10.11	10.48	10.52	10.25	9.76	7.30	8.11	8.33	9.10	6.56	7.21	7.52	6.11	4.70	5.35	3.68	3.78	4.84	7.93	6.34	10.71	4.55	6.38	8.95	12.66	11.63	16.52	16.40	12.33	10.28	13.58	12.52	8.44	5.47	3.71	4.01	5.14	4.22	3.10	4.59	5.66	6.25	5.58	7.55	5.33	5.93	5.67	
7.21	7.26	7.37	7.40	8.84	9.05	9.22	9.31	9.25	8.97	9.08	10.31	10.21	8.23	7.76	8.84	7.91	5.06	7.47	9.68	11.42	12.88	11.80	9.26	8.55	5.58	5.71	4.51	5.01	7.47	4.52	8.86	4.29	5.68	7.83	8.95	10.91	14.09	15.43	12.28	11.38	12.20	9.69	5.73	5.16	5.69	7.67	7.25	8.21	9.39	8.94	8.41	6.31	9.20	6.11	9.04	8.54	
7.20	7.22	7.28	7.33	8.77	8.99	9.16	9.23	9.07	8.94	8.98	8.87	8.79	8.21	6.56	6.09	8.51	6.25	6.04	9.16	12.53	14.41	16.86	15.66	15.64	11.82	8.27	6.78	3.88	4.74	5.55	5.01	6.43	7.77	7.86	7.45	8.18	12.48	13.17	14.59	10.79	12.98	12.49	6.49	6.76	8.34	11.26	11.70	12.46	10.67	9.42	7.81	8.36	11.28	11.79	9.75	6.18	
7.19	7.22	7.32	7.38	8.89	9.05	9.13	9.12	8.98	8.77	8.84	8.75	8.72	8.64	6.76	8.32	8.15	7.27	6.19	5.47	6.26	6.72	9.38	15.72	18.53	19.60	13.22	10.03	7.30	6.19	7.42	7.43	11.79	12.11	15.75	13.78	13.02	10.55	8.88	7.86	7.68	10.35	12.30	8.62	10.87	12.80	9.33	12.64	11.14	11.21	11.74	11.50	13.98	13.26	12.42	12.53	8.95	
7.16	7.17	7.26	7.33	8.89	8.93	8.96	8.92	8.66	8.15	8.86	7.03	8.72	8.62	8.56	8.57	8.48	8.08	5.93	6.63	4.86	4.75	5.98	7.76	8.13	14.10	20.12	13.55	12.01	12.49	10.03	12.00	17.01	14.26	13.16	12.26	12.18	10.34	5.85	3.35	5.48	5.66	7.84	8.24	7.56	8.88	9.60	9.87	10.94	11.24	10.86	11.10	10.78	7.04	7.22	10.23	11.91	
7.19	7.17	7.12	7.07	7.08	8.75	8.79	8.64	6.99	7.89	8.86	7.24	8.75	8.69	8.74	7.03	8.65	8.42	6.44	6.87	6.00	5.30	5.63	4.05	4.75	8.13	11.58	18.36	17.43	16.24	12.64	16.06	15.13	13.40	10.90	8.39	7.59	6.24	5.06	4.21	5.08	5.33	5.50	5.80	5.59	5.42	8.50	3.92	3.91	5.65	4.16	5.61	9.35	7.49	7.06	7.24	10.36	
7.11	7.05	6.95	6.88	6.92	6.97	6.99	7.09	7.31	8.94	7.54	7.37	8.71	8.63	8.54	6.90	8.73	8.68	6.69	6.51	6.75	6.23	6.10	4.35	4.98	7.34	7.22	12.37	15.46	11.84	16.66	14.24	13.13	12.87	11.31	7.53	7.54	5.31	2.29	3.70	4.78	6.42	12.14	7.72	4.18	6.61	5.27	3.79	2.87	3.17	4.02	5.01	6.16	9.92	7.30	7.45	8.26	
7.09	7.07	7.11	7.12	7.08	7.06	7.26	8.03	9.17	9.16	8.78	8.89	8.65	8.21	6.80	6.86	8.63	8.67	6.79	6.82	7.81	8.37	7.94	7.09	6.25	5.48	6.03	10.02	11.18	10.38	12.65	12.36	10.74	10.19	11.54	10.83	7.10	5.25	4.55	5.86	6.10	8.76	7.77	11.94	6.75	8.14	7.04	5.03	5.75	5.22	6.91	6.05	3.83	3.53	5.17	5.69	6.56	
7.06	7.05	7.11	7.17	7.21	7.30	7.47	9.00	8.88	6.92	6.91	8.59	8.32	7.25	7.34	9.00	8.60	8.76	6.87	8.11	8.05	7.79	8.53	7.00	7.12	5.96	8.08	10.24	10.39	10.47	11.49	13.09	11.06	9.31	9.21	10.57	9.63	5.94	5.14	5.10	6.57	5.96	7.12	7.61	8.17	7.89	5.26	6.11	7.44	10.30	7.53	4.86	4.00	4.15	4.59	5.48	6.12	
7.04	6.85	6.60	6.63	6.77	6.81	6.72	6.53	6.50	6.61	6.79	7.01	7.38	8.48	7.72	9.19	9.21	8.95	8.38	8.36	6.79	8.00	8.96	9.00	8.62	8.25	8.59	8.82	9.26	9.53	10.12	11.13	13.07	9.16	6.42	5.61	7.70	7.39	5.00	3.75	4.06	3.17	4.34	4.99	10.90	8.11	8.23	10.01	7.98	4.87	2.81	4.90	4.58	6.84	7.25	7.19	7.36	
7.13	6.90	6.48	6.27	6.17	6.04	5.97	6.09	6.34	6.59	6.72	6.88	8.58	9.05	9.31	9.15	9.09	8.99	8.55	8.58	6.74	8.01	8.09	9.03	8.80	8.44	7.96	7.70	8.37	8.16	8.13	8.61	10.04	10.34	6.58	4.90	5.56	8.25	6.95	3.82	3.26	4.22	5.73	6.77	7.91	7.53	5.73	5.46	4.70	4.50	4.04	5.78	8.37	6.31	4.85	4.73	5.52	
7.19	6.96	6.53	6.22	5.99	5.81	5.79	5.99	6.24	6.44	6.59	6.60	6.44	6.37	6.64	6.85	8.63	7.00	8.70	8.49	7.89	7.91	7.95	7.88	7.48	8.04	7.88	7.95	8.07	7.87	7.54	7.34	7.31	9.71	6.59	5.28	5.93	7.79	8.99	7.09	7.26	10.43	12.40	14.99	15.81	6.42	1.67	3.10	4.31	5.76	6.54	7.86	6.32	3.72	4.96	5.10	6.69	
7.21	6.84	6.28	5.93	5.72	5.60	5.53	5.66	5.91	6.17	6.34	6.36	6.13	5.93	6.04	6.28	6.44	6.57	8.41	8.31	6.46	7.85	7.86	7.72	7.43	6.99	7.61	7.58	7.47	7.46	7.27	6.87	6.08	7.50	6.43	7.70	7.90	7.51	10.65	9.72	11.03	18.57	16.03	14.01	13.20	11.78	7.16	5.14	6.62	6.70	7.73	7.11	6.45	7.87	6.41	7.82	8.93	
7.58	7.11	6.49	6.00	5.53	5.36	5.28	5.27	5.45	5.71	5.92	6.02	6.05	6.04	6.10	6.21	6.28	6.31	6.33	6.34	6.28	6.20	7.69	7.64	7.45	7.19	6.84	6.49	6.28	7.42	7.17	6.63	6.01	6.08	3.48	6.85	10.21	10.25	12.49	14.63	15.86	11.70	9.93	8.72	11.53	14.65	11.08	9.47	12.21	12.93	9.97	8.61	7.59	6.22	9.27	6.97	6.53	
7.98	7.58	7.12	6.70	6.08	5.53	5.17	4.95	5.07	5.32	5.46	5.57	5.69	5.81	5.91	6.02	6.12	6.23	6.31	6.30	6.21	6.11	6.04	7.53	7.45	7.41	7.30	7.01	6.85	6.80	4.80	6.47	6.22	5.87	4.13	5.52	8.12	9.50	10.08	8.73	11.65	7.97	7.10	6.16	7.01	8.66	15.24	14.61	12.10	11.07	13.55	11.06	8.67	7.07	6.51	5.92	3.62	
8.04	7.81	7.36	7.05	6.66	6.14	5.71	5.35	5.15	5.17	5.35	5.50	5.56	5.50	5.45	5.61	5.88	6.07	6.22	6.29	6.23	6.08	5.95	5.81	5.64	7.10	7.09	7.14	7.09	6.98	7.03	7.18	7.65	7.71	6.82	6.63	6.41	6.37	5.65	8.90	10.13	6.80	4.77	2.58	4.33	7.00	11.78	12.42	13.71	12.76	12.05	14.05	9.84	6.77	6.38	7.80	7.70	
7.96	7.91	7.70	6.23	5.37	5.20	4.99	4.74	5.61	5.24	5.26	5.42	5.49	5.36	5.14	5.23	5.51	5.71	5.91	6.13	6.15	6.00	5.88	5.77	5.67	5.61	6.96	7.26	7.33	7.04	6.91	7.58	8.46	8.88	8.35	8.07	7.50	6.82	6.02	8.05	5.49	4.40	2.90	4.57	6.02	10.84	11.18	10.29	11.67	13.31	9.73	9.05	14.32	9.01	8.75	8.11	7.37	
7.85	8.00	8.36	7.37	6.42	6.29	5.96	5.55	6.33	5.71	5.38	5.31	5.33	5.36	5.15	4.90	4.77	5.03	5.38	5.70	5.89	5.96	6.00	6.06	6.11	6.12	6.07	7.56	7.47	7.54	7.79	8.51	8.83	8.88	7.07	8.07	8.75	8.37	6.37	7.46	4.03	3.16	4.45	6.05	9.73	10.50	12.75	9.70	6.32	6.89	7.84	6.95	12.07	13.74	9.57	7.64	6.81	
7.81	8.13	8.90	9.10	7.21	7.51	5.55	6.51	5.75	6.40	5.94	5.84	5.84	5.56	4.98	4.46	4.12	4.16	4.54	5.13	5.67	6.01	6.18	6.26	6.29	6.26	6.23	6.27	7.69	8.07	8.48	8.80	8.85	8.88	8.82	8.11	7.76	7.98	6.63	7.33	8.42	4.09	5.53	8.56	9.57	8.92	11.54	9.85	5.66	5.17	6.52	7.18	7.62	12.32	11.71	7.25	5.77	
7.40	7.46	7.65	9.06	7.93	7.77	7.76	6.99	6.02	5.29	6.56	6.35	6.26	5.26	5.27	4.99	4.97	4.71	4.68	5.05	5.58	5.97	6.19	6.28	6.32	6.37	6.43	6.44	7.83	8.12	8.38	8.64	8.78	8.85	8.68	8.06	7.29	6.60	5.55	6.35	8.14	8.68	8.46	9.09	9.23	8.44	10.79	8.26	6.34	5.85	6.51	9.82	9.46	10.87	8.22	9.73	12.13	
7.01	6.61	5.94	5.74	5.85	5.92	6.24	5.07	5.44	5.55	6.85	6.10	5.59	5.00	3.88	4.12	4.44	4.77	6.13	5.71	5.63	5.87	6.16	6.40	6.53	6.61	6.70	6.70	6.60	8.22	8.34	8.54	8.65	8.67	8.48	8.18	7.44	6.68	5.97	6.03	6.35	8.42	9.34	9.29	8.87	7.86	9.84	6.52	9.91	7.35	11.43	9.59	9.15	7.47	4.55	8.56	12.26	
7.28	7.02	6.75	6.73	6.76	6.65	6.42	4.83	5.34	6.47	6.48	5.75	5.53	5.25	4.08	5.61	5.86	6.02	6.09	6.13	5.69	5.82	6.15	6.42	6.61	6.68	6.69	6.71	6.69	6.68	8.41	8.52	8.52	8.51	8.51	8.39	7.78	7.02	7.01	7.20	7.77	8.99	9.32	8.30	7.96	7.43	9.17	9.29	7.19	9.09	11.63	10.58	11.27	6.29	8.39	8.55	9.68	
7.47	7.27	7.22	7.82	7.61	7.29	5.75	4.79	5.76	5.92	5.74	5.29	5.70	7.33	5.38	6.89	7.53	7.08	6.20	6.83	6.37	6.38	6.33	6.33	6.39	6.42	6.40	6.45	6.55	6.58	6.60	6.62	8.46	8.48	8.53	8.55	8.23	7.78	7.96	7.96	7.65	8.81	8.53	6.54	7.09	6.94	8.73	8.32	6.15	9.47	11.24	10.20	11.68	10.67	7.46	7.72	7.50	
7.50	7.11	6.62	6.41	6.43	6.04	4.97	2.03	3.20	5.00	6.33	5.94	3.58	5.92	8.29	8.33	8.06	7.77	6.27	6.40	6.87	7.12	6.67	6.42	6.27	6.29	6.39	6.50	6.55	6.56	6.53	6.56	6.63	6.65	6.65	8.53	8.37	8.06	8.10	7.91	7.18	7.02	7.23	6.94	6.47	5.82	7.62	6.92	7.49	8.68	10.51	10.76	11.21	12.17	10.78	9.03	11.70	
6.36	5.77	6.84	6.42	6.10	5.56	4.89	2.69	1.90	4.00	7.44	8.11	8.29	4.80	5.86	8.11	8.24	7.80	8.16	8.32	8.01	7.40	6.86	6.58	6.39	6.37	6.48	6.55	6.53	6.53	6.56	6.58	6.59	6.60	6.58	6.56	6.51	6.40	8.04	7.88	7.39	6.97	7.18	7.36	7.00	6.51	6.46	6.59	7.33	6.05	7.65	10.52	9.94	9.86	10.27	9.23	11.20	
7.97	7.41	6.95	7.51	7.64	6.93	5.57	4.18	3.51	5.75	6.48	7.57	8.84	8.74	10.07	9.02	7.17	7.08	6.21	8.48	8.37	7.49	6.99	6.65	6.47	6.33	6.23	6.25	6.35	6.45	6.49	6.50	6.49	6.49	6.48	6.46	6.39	6.27	6.18	6.08	5.91	5.73	7.06	7.65	7.59	7.32	7.00	6.40	5.87	5.29	5.11	7.36	6.67	7.04	9.28	8.95	10.19	
7.05	7.30	6.87	7.66	8.75	9.13	7.81	5.88	5.60	6.10	6.37	5.99	6.87	8.36	7.89	6.40	6.04	6.01	5.69	5.57	7.35	6.80	6.73	6.52	6.44	6.31	6.14	6.08	6.17	6.30	6.37	6.39	6.39	6.40	6.38	6.33	6.26	6.19	6.13	6.05	5.95	5.90	7.30	7.92	7.88	7.67	7.22	6.73	6.39	4.05	3.66	5.62	6.04	6.33	7.16	8.31	9.44	
6.00	6.26	5.37	6.44	7.75	9.17	9.92	6.59	6.62	8.03	7.86	7.44	5.57	8.90	6.86	6.68	6.73	6.52	6.66	6.61	6.22	6.20	6.36	6.39	6.36	6.30	6.22	6.13	6.05	6.06	6.15	6.25	6.29	6.29	6.29	6.27	6.23	6.15	6.06	5.95	5.88	5.87	5.76	5.59	5.40	5.37	7.32	7.17	5.10	4.70	4.26	4.10	4.22	4.34	4.72	6.00	7.04	
8.88	5.28	5.04	6.43	6.20	5.41	6.91	7.34	5.96	7.57	7.33	8.36	7.93	7.94	8.73	8.74	8.82	9.12	7.20	6.74	6.33	6.27	6.20	6.10	6.07	6.17	6.23	6.19	6.12	6.06	6.06	6.11	6.17	6.21	6.23	6.23	6.20	6.12	6.00	5.88	5.75	5.53	5.27	5.18	5.26	5.40	5.51	5.48	5.37	5.19	4.96	4.74	4.59	4.69	5.03	5.86	6.50	
9.47	5.67	5.69	6.17	7.32	5.03	4.63	6.13	5.22	8.12	7.99	6.73	5.41	5.82	5.53	7.26	7.60	6.72	6.65	6.13	6.42	6.28	6.07	5.91	5.94	6.09	6.18	6.22	6.22	6.18	6.12	6.09	6.11	6.13	6.13	6.12	6.08	6.01	5.90	5.78	5.63	5.43	5.30	5.38	5.54	5.58	5.54	5.51	5.46	5.38	5.30	5.24	5.23	5.37	5.62	6.07	6.39	
10.15	5.75	5.48	4.43	5.74	8.10	5.95	4.69	6.27	7.55	8.64	7.54	5.87	5.20	5.13	5.92	6.02	5.47	7.24	7.35	6.57	6.26	6.25	6.34	6.27	6.11	6.07	6.14	6.20	6.18	6.14	6.10	6.07	6.04	6.02	6.00	5.97	5.92	5.85	5.76	5.68	5.62	5.61	5.58	5.54	5.52	5.53	5.54	5.50	5.43	5.40	5.42	5.50	5.69	5.92	6.20	6.37	
9.68	5.76	7.08	4.83	4.96	6.32	9.07	3.60	6.12	6.74	6.46	6.47	6.47	6.77	5.62	4.85	5.65	4.42	5.04	5.36	5.85	6.26	6.52	6.58	6.36	6.02	5.89	5.99	6.12	6.16	6.16	6.13	6.09	6.06	6.03	6.01	5.98	5.94	5.91	5.89	5.85	5.79	5.70	5.60	5.56	5.55	5.54	5.52	5.51	5.51	5.57	5.67	5.79	5.92	6.08	6.28	6.39	
8.53	9.39	6.22	6.60	5.97	4.89	4.67	3.42	4.04	4.23	5.55	6.69	6.78	5.86	5.45	5.51	6.40	5.73	5.03	4.83	4.67	4.94	6.55	6.41	6.19	5.93	5.80	5.88	6.02	6.13	6.18	6.18	6.16	6.13	6.09	6.07	6.04	6.02	6.02	6.01	5.98	5.94	5.86	5.76	5.65	5.58	5.55	5.57	5.63	5.69	5.75	5.82	5.92	6.03	6.16	6.28	6.35	
7.95	8.46	5.11	6.21	6.69	5.12	5.04	5.28	6.02	6.75	7.16	5.60	4.14	3.63	3.68	4.23	4.28	4.55	5.03	5.59	5.62	5.57	6.45	6.45	6.47	6.45	6.38	6.21	6.12	6.15	6.18	6.18	6.16	6.14	6.12	6.09	6.08	6.08	6.08	6.07	6.05	6.03	5.98	5.90	5.81	5.75	5.73	5.73	5.76	5.81	5.88	5.94	6.01	6.09	6.17	6.26	6.32	
8.90	8.12	4.70	6.47	6.63	6.71	8.09	10.05	13.64	10.36	6.83	4.35	4.34	3.97	4.05	5.44	3.75	4.61	5.57	5.80	5.58	5.37	5.62	6.68	6.93	5.18	6.80	6.50	6.28	6.13	6.08	6.06	6.08	6.09	6.09	6.09	6.10	6.11	6.12	6.11	6.08	6.06	6.03	5.99	5.96	5.92	5.88	5.86	5.88	5.92	5.97	6.00	6.04	6.10	6.18	6.26	6.30	
9.27	9.28	5.75	6.11	4.90	7.38	11.81	6.90	8.17	12.11	11.54	7.94	7.32	7.11	6.61	5.96	5.62	5.31	5.25	5.88	6.15	6.05	5.75	6.80	6.97	5.57	6.93	6.64	6.43	6.22	6.10	6.05	6.04	6.06	6.08	6.10	6.11	6.11	6.10	6.10	6.09	6.08	6.06	6.03	6.01	6.00	5.99	5.98	5.99	6.01	6.03	6.05	6.06	6.08	6.14	6.22	6.26	
7.64	9.05	8.42	6.72	5.94	8.25	9.91	6.47	4.06	5.16	7.42	11.48	13.48	12.30	11.34	9.22	7.32	6.58	7.27	7.56	7.22	6.78	6.91	5.95	6.82	6.86	7.12	6.91	6.56	6.31	6.22	6.15	6.06	6.03	6.04	6.07	6.08	6.07	6.07	6.07	6.06	6.04	6.04	6.05	6.05	6.05	6.04	6.04	6.05	6.06	6.07	6.09	6.09	6.09	6.11	6.17	6.22	
5.93	6.17	8.22	8.28	8.67	9.08	8.46	5.70	4.35	5.32	2.80	3.57	5.54	9.66	10.45	11.08	10.89	10.98	9.96	8.66	6.29	6.73	6.49	7.04	6.28	6.14	6.21	6.34	6.29	6.19	6.14	6.09	6.05	6.02	6.01	6.02	6.03	6.03	6.02	6.00	5.99	6.00	6.02	6.03	6.03	6.04	6.06	6.08	6.08	6.08	6.09	6.10	6.11	6.12	6.12	6.16	6.19	
6.12	5.17	5.37	7.25	11.67	9.10	7.36	6.06	3.77	4.35	3.59	3.27	3.69	5.13	9.00	8.07	10.28	7.91	7.38	5.34	5.90	6.33	5.86	6.10	4.94	5.14	5.24	5.65	5.91	6.01	6.00	6.00	5.99	5.97	5.93	5.91	5.92	5.94	5.93	5.93	5.94	5.97	5.98	6.00	6.02	6.05	6.06	6.06	6.06	6.07	6.09	6.11	6.11	6.12	6.13	6.16	6.18	
7.83	6.94	6.67	7.80	8.48	9.05	8.45	6.81	6.92	6.13	4.06	4.84	5.01	5.23	7.44	4.88	6.39	6.94	7.70	6.73	7.00	6.76	6.07	5.11	5.96	5.75	5.73	5.88	6.03	6.08	6.00	5.92	5.88	5.88	5.87	5.85	5.86	5.88	5.88	5.88	5.89	5.91	5.94	5.95	5.96	5.95	5.96	6.00	6.04	6.07	6.09	6.09	6.10	6.11	6.12	6.15	6.16	
8.53	8.48	7.61	6.60	4.93	4.84	6.93	10.63	9.43	6.84	5.17	5.05	4.87	4.49	3.89	3.84	4.30	4.30	5.05	6.06	7.72	7.06	6.84	6.43	4.39	4.48	4.88	5.19	6.36	6.21	6.01	5.84	5.78	5.76	5.74	5.81	5.91	5.95	5.97	5.97	5.95	5.94	5.94	5.92	5.90	5.90	5.93	5.97	6.00	6.01	6.02	6.05	6.06	6.06	6.09	6.13	6.13	
6.42	6.53	6.63	6.29	6.69	6.12	6.54	7.69	10.89	13.39	8.09	6.92	6.16	6.55	6.39	5.48	5.97	5.05	4.75	5.20	5.03	5.44	6.09	6.69	4.96	5.02	5.63	6.01	6.06	5.87	6.02	6.12	6.10	5.96	5.91	5.94	5.98	5.97	5.99	5.99	5.98	5.96	5.94	5.93	5.93	5.92	5.91	5.90	5.91	5.96	6.00	6.03	6.01	5.99	6.03	6.08	6.10	
7.10	7.30	6.88	7.09	7.38	9.07	7.87	6.73	6.42	9.30	14.18	12.78	10.61	9.31	9.04	7.69	5.44	7.07	6.46	5.09	5.32	3.52	4.44	7.03	6.27	6.13	6.82	5.36	4.01	4.15	6.08	6.13	6.08	6.09	6.05	5.97	5.85	5.87	5.90	5.90	5.88	5.87	5.87	5.87	5.90	5.91	5.91	5.93	5.97	5.99	5.95	5.89	5.85	5.87	5.90	5.98	6.04	
8.07	9.82	11.45	12.76	11.98	11.64	8.95	7.75	6.35	5.78	8.18	11.44	10.51	10.93	9.78	6.52	5.79	5.97	4.48	5.23	6.90	5.65	4.68	6.88	7.01	7.07	6.85	6.65	4.64	4.85	4.50	5.65	5.60	5.41	5.26	5.42	5.70	5.85	5.88	5.83	5.75	5.69	5.67	5.73	5.80	5.86	5.93	5.98	5.95	5.88	5.81	5.78	5.74	5.53	5.28	5.45	5.72	
5.59	4.43	3.90	5.57	6.89	7.53	7.59	6.04	8.58	4.97	4.95	6.36	8.31	8.03	8.06	8.15	5.87	5.56	5.27	5.69	7.19	7.38	6.79	6.09	5.39	5.23	5.73	6.25	4.61	4.61	3.88	3.59	5.38	3.83	5.87	5.91	6.03	6.04	5.82	5.56	5.43	5.43	5.46	5.55	5.67	5.78	5.85	5.84	5.80	5.78	5.68	5.40	5.10	4.99	4.96	5.29	5.72	
4.66	3.10	3.60	2.09	2.87	3.85	4.17	3.88	3.83	7.15	5.00	6.24	9.78	7.87	7.56	7.69	8.31	7.79	7.77	7.56	6.69	6.39	6.04	5.94	5.42	5.26	5.51	5.86	4.23	4.62	4.97	5.02	5.42	6.07	6.50	6.62	7.04	6.25	5.70	5.36	5.21	5.25	5.36	5.45	5.50	5.57	5.63	5.69	5.76	5.80	5.71	5.52	5.49	5.90	6.25	6.29	6.40	
7.60	6.04	3.67	3.52	3.72	4.83	6.10	4.61	5.19	4.57	4.92	5.53	9.32	7.61	7.50	7.25	6.97	6.06	5.15	4.80	4.39	4.25	5.99	6.24	6.29	6.18	6.30	5.67	4.18	4.75	5.36	6.48	9.36	9.65	7.87	8.79	6.81	6.01	5.49	5.25	5.13	5.13	5.21	5.24	5.25	5.35	5.48	5.60	5.71	5.82	6.10	6.63	7.09	7.20	7.00	6.67	6.50	
7.41	5.21	5.60	5.83	6.15	7.10	7.89	8.65	6.55	5.53	6.22	5.88	6.36	7.24	7.43	7.55	4.63	6.97	7.25	5.85	3.80	5.59	6.49	6.45	6.48	5.09	5.15	5.82	6.78	8.53	10.16	9.22	7.20	6.48	5.74	5.32	5.39	5.41	5.21	4.95	4.87	5.13	5.42	5.41	5.27	5.28	5.42	5.58	5.70	5.89	6.26	6.55	6.61	6.48	6.43	6.34	4.25	
7.63	8.50	8.54	8.76	7.33	8.39	5.74	6.87	10.02	10.39	8.85	7.19	6.65	6.87	7.03	8.10	8.73	9.26	9.05	6.00	6.45	5.27	6.13	5.74	6.57	6.95	4.91	6.06	8.39	8.89	8.58	7.74	5.90	5.32	4.98	4.91	5.18	5.44	5.48	3.92	3.45	4.39	5.86	5.96	5.99	5.82	5.70	5.76	5.82	5.88	5.86	5.70	5.66	5.85	6.04	5.99	5.91	
7.76	10.48	9.34	6.93	4.06	3.84	4.01	4.46	4.97	8.39	9.63	8.61	6.16	5.07	5.58	7.06	8.03	8.64	9.16	11.61	10.18	8.08	7.36	7.58	8.94	12.82	12.40	10.93	8.35	7.41	5.72	5.60	5.62	5.55	5.48	5.52	5.62	5.92	5.60	5.82	3.87	5.71	5.00	4.55	5.08	5.39	6.26	6.00	5.89	5.81	5.67	5.63	5.74	5.80	5.77	5.72	5.71	
6.32	7.40	4.96	3.08	5.02	5.79	5.74	5.89	5.10	3.67	4.40	5.08	4.89	4.43	4.27	4.30	5.56	5.37	6.82	7.88	8.84	9.51	11.53	11.64	9.48	8.63	8.18	8.17	8.01	7.19	5.43	4.86	4.83	5.33	5.96	6.14	5.99	4.72	6.35	7.28	6.11	6.81	6.16	6.36	7.49	6.24	6.20	5.99	5.80	5.75	5.75	5.76	5.75	5.77	5.91	5.95	5.93	
5.78	6.42	8.05	6.89	8.31	10.08	10.08	9.43	7.23	5.94	5.42	5.63	5.44	5.20	5.06	4.03	3.39	3.47	4.15	4.92	5.70	7.27	7.56	7.64	6.98	6.36	4.79	4.83	5.04	5.00	4.81	4.85	4.97	5.12	5.53	6.23	5.64	4.43	5.70	5.90	7.31	7.87	6.90	6.64	5.33	5.30	5.44	5.59	5.64	5.68	5.74	5.76	5.77	5.82	5.83	5.77	5.75	
8.69	9.37	13.01	13.74	10.13	7.83	7.11	9.88	11.09	10.90	7.94	8.08	5.61	7.78	7.03	6.18	5.28	5.19	4.92	4.83	5.00	4.91	4.56	4.60	4.65	4.53	4.43	4.29	4.24	4.39	4.72	5.25	5.60	5.49	5.39	5.79	6.42	6.23	3.95	4.73	4.36	5.27	4.93	5.00	3.94	5.05	5.11	5.37	5.57	5.68	5.74	5.75	5.71	5.63	5.43	5.34	5.41	
13.03	11.08	9.39	12.92	7.66	6.48	8.10	8.00	6.19	6.76	10.49	8.94	10.96	9.71	8.92	9.25	8.17	8.21	7.52	6.01	4.50	3.97	3.64	3.52	3.67	3.73	3.91	4.36	4.87	5.26	5.33	5.32	5.52	4.02	5.52	5.32	5.34	5.88	5.30	2.22	2.89	3.69	4.98	3.97	5.59	5.71	4.39	5.62	5.47	5.53	5.64	5.68	5.67	5.62	5.59	5.63	5.68	
11.87	9.19	5.92	9.01	11.32	10.38	10.25	8.64	6.27	5.63	6.00	7.16	7.58	7.41	6.34	6.15	6.92	6.71	5.70	5.15	4.48	4.08	3.86	3.59	3.69	4.12	4.51	4.85	5.12	5.39	3.94	5.49	4.70	4.11	5.50	5.17	4.38	5.17	5.20	2.94	3.79	4.77	4.64	4.74	4.32	4.46	5.84	5.42	5.20	5.33	5.40	5.46	5.54	5.62	5.83	5.93	5.91	
10.86	8.46	5.97	5.80	11.69	9.30	8.45	8.61	8.84	8.33	6.55	4.97	4.74	4.74	4.32	4.14	4.08	3.90	4.15	4.78	5.28	4.51	4.24	4.21	5.49	4.35	5.43	5.24	5.17	5.17	3.77	4.10	5.54	4.17	3.76	3.67	3.77	4.58	5.64	4.63	5.55	5.75	6.03	5.67	5.66	5.56	4.69	2.96	4.10	5.00	4.93	5.13	5.35	5.48	5.58	5.56	5.55	
9.36	5.99	6.42	5.79	9.49	10.37	9.00	8.61	7.23	6.65	6.33	4.72	4.39	4.41	4.61	4.69	4.77	4.94	5.01	5.35	5.57	5.15	5.22	5.25	6.58	6.36	5.69	5.46	5.77	4.87	4.40	3.79	5.41	4.09	3.68	4.06	3.95	4.37	4.82	5.00	7.74	8.02	6.92	5.94	5.31	4.85	4.88	3.06	4.30	4.73	4.80	5.06	5.23	5.33	5.33	5.36	5.43	
6.40	5.82	5.33	6.48	7.84	10.14	9.45	7.25	6.47	6.36	6.60	6.68	5.91	5.10	5.14	4.63	5.11	4.62	5.71	5.44	5.04	4.93	6.59	6.59	5.49	5.37	5.51	5.36	5.34	5.68	4.78	4.06	5.48	4.41	4.25	3.50	3.86	3.74	3.46	3.92	6.68	5.77	5.45	4.23	3.41	4.89	5.38	2.29	3.91	3.25	4.94	5.23	5.26	5.26	5.35	5.52	5.61	
5.04	4.64	4.42	4.52	4.30	7.41	9.66	8.34	6.95	7.24	6.77	7.24	6.92	5.71	5.06	5.52	4.79	4.78	5.51	5.39	5.14	2.81	5.25	4.49	4.44	4.84	4.33	4.04	4.10	5.05	5.38	3.92	5.60	5.05	2.96	3.11	3.13	4.55	4.02	7.54	5.84	5.15	3.26	3.85	3.09	5.69	5.52	2.28	3.66	4.21	5.00	5.77	5.43	5.36	5.44	5.52	5.61	
5.65	4.74	3.79	2.88	2.40	2.85	5.06	6.76	6.68	6.62	6.70	7.39	8.51	5.28	5.79	5.50	3.80	5.85	4.64	5.66	5.29	4.02	4.88	3.70	4.79	3.71	5.24	5.36	4.26	5.42	5.09	3.14	2.49	5.20	5.53	4.00	3.79	5.31	8.04	8.08	5.90	4.61	5.30	4.29	5.97	2.78	5.53	4.87	3.87	6.33	7.05	5.99	5.84	5.61	5.48	5.55	5.70	
6.15	7.02	5.46	3.29	2.22	2.44	3.57	6.00	6.17	6.59	6.98	7.33	9.71	8.88	7.99	4.42	6.22	5.68	4.74	5.31	5.14	4.70	5.05	4.61	4.66	4.87	4.47	5.59	4.02	5.34	4.85	4.99	2.29	2.16	4.93	5.96	5.82	4.74	6.86	4.96	4.00	5.23	3.08	4.05	5.50	3.91	4.80	5.36	8.28	7.43	6.86	6.14	5.92	5.40	5.06	5.31	5.66	
8.60	7.98	7.86	6.27	5.45	5.18	4.93	4.70	6.44	6.13	7.04	7.14	7.05	9.49	10.77	7.31	6.24	2.79	4.54	5.31	3.38	5.23	4.89	5.11	3.27	5.91	4.62	5.62	4.91	4.66	3.13	3.54	2.41	5.71	6.63	7.68	9.53	12.25	7.26	2.69	5.84	4.42	6.14	4.17	5.99	3.37	3.93	6.74	7.19	6.52	6.35	6.02	4.93	4.53	4.51	5.13	5.75	
8.86	6.97	8.25	9.03	7.04	8.38	6.81	5.73	5.53	6.40	6.46	6.43	8.01	6.23	7.01	7.57	4.53	3.79	5.88	5.50	3.31	5.71	4.07	6.03	4.78	6.63	5.22	6.56	4.20	3.42	4.46	4.02	2.92	4.35	5.35	8.32	7.18	7.23	11.08	11.21	8.82	9.36	8.60	8.23	7.93	4.78	6.03	6.91	6.06	5.72	4.47	3.15	2.46	2.74	3.05	5.37	6.16	
6.77	7.10	7.23	10.13	10.26	9.61	7.29	6.22	5.61	5.26	5.14	5.93	6.63	6.08	6.66	7.16	7.25	5.95	7.98	6.59	5.81	7.06	4.76	4.32	6.91	6.38	5.95	7.36	4.20	6.32	5.33	5.30	4.37	8.89	8.59	9.47	6.37	4.97	5.21	6.83	9.39	7.77	7.02	7.94	9.34	11.11	8.43	6.36	5.47	3.84	3.08	5.62	4.45	4.95	4.86	4.83	4.99	
5.84	6.12	4.55	6.67	5.07	5.02	5.30	5.39	5.38	5.41	5.52	6.15	5.62	5.98	6.53	8.62	9.22	8.60	8.27	7.11	8.62	8.28	5.64	5.51	8.43	5.72	5.02	7.75	7.93	7.08	7.65	6.68	5.64	9.89	9.05	6.47	5.31	4.55	3.77	3.19	3.17	3.79	4.51	5.68	6.03	5.90	6.84	6.99	6.31	4.31	6.24	4.54	6.06	4.75	6.42	5.75	3.44	
5.07	4.05	2.59	2.34	2.91	3.87	4.02	5.18	5.44	5.84	5.31	5.31	5.41	6.20	6.58	6.50	6.74	7.95	8.90	6.06	8.40	9.11	6.21	7.82	9.94	6.50	9.73	5.76	8.93	10.26	9.80	6.74	9.00	6.93	5.40	4.37	4.15	4.13	4.10	2.92	2.28	2.61	3.40	3.95	2.97	2.89	4.41	6.06	7.08	7.55	7.60	7.61	7.47	6.92	6.60	6.39	3.13	
