autotest/output/original/cli_wxModelInitialization_diurnal_local_model/mackay_07-13-2013_0300_393m_vel.asc
ncols	57
nrows	71
xllcorner	279635.000000
yllcorner	4850745.000000
cellsize	393.466398
NODATA_value	-9999.000000
4.36	5.49	4.45	4.33	6.50	4.14	3.96	4.02	4.11	5.47	5.84	5.35	5.03	7.17	7.36	6.48	7.25	6.49	6.24	5.12	5.65	7.18	5.95	5.52	4.68	5.12	7.15	8.33	7.33	5.45	5.68	4.97	3.34	2.91	3.22	2.87	5.40	5.02	4.09	4.68	3.59	5.01	3.70	4.92	4.68	3.11	5.81	6.59	6.98	6.92	2.57	7.41	2.68	7.69	6.95	3.67	3.84	
4.10	4.28	4.39	3.21	5.70	3.26	4.18	4.19	4.15	4.16	4.22	3.28	4.50	4.06	3.89	5.65	4.04	4.39	5.77	5.68	5.03	2.62	5.20	5.19	5.24	5.41	5.54	3.70	3.53	3.80	4.70	5.45	3.92	2.76	3.83	6.74	5.84	4.31	3.82	4.65	4.06	4.26	2.64	3.72	4.93	4.21	5.89	6.47	7.03	7.29	6.73	6.71	2.68	3.49	2.96	3.18	3.37	
3.83	3.96	4.14	2.66	4.21	4.20	4.20	4.19	4.13	4.04	2.26	2.32	2.12	1.36	1.68	1.51	1.45	1.09	1.88	4.66	4.64	0.17	3.86	3.22	4.38	5.39	4.04	3.70	4.53	3.47	3.30	6.00	5.71	3.90	4.80	6.86	5.74	4.42	2.33	4.41	4.16	5.81	4.82	1.82	4.61	6.85	6.20	5.78	7.32	3.72	7.14	7.01	7.32	8.00	7.09	6.76	7.39	
3.89	2.44	2.45	2.23	4.19	4.15	4.13	4.13	4.06	3.96	2.15	1.28	1.85	0.82	1.48	1.94	1.70	0.88	1.97	3.76	4.78	2.73	3.05	4.33	4.78	5.41	3.38	5.98	6.56	5.55	2.57	4.06	6.35	7.71	5.32	4.75	5.73	5.15	2.23	4.59	4.73	3.97	5.28	2.09	3.01	5.14	6.02	5.65	3.18	3.61	6.60	3.51	6.83	5.96	6.15	3.26	3.13	
3.86	1.90	1.85	1.79	1.80	4.17	4.12	4.10	4.06	1.71	1.33	2.01	1.83	1.30	1.23	2.02	1.93	1.75	3.53	4.33	5.68	4.76	4.14	1.62	3.08	6.16	5.57	3.65	6.30	6.45	4.56	2.54	4.39	6.00	4.84	5.39	5.50	3.67	3.03	4.34	5.63	9.22	3.91	5.80	4.44	4.91	6.32	8.11	6.10	6.48	7.22	7.03	6.92	6.22	3.42	3.10	2.89	
3.73	1.79	1.52	1.43	1.58	1.69	1.82	4.14	4.08	1.05	0.93	1.74	1.99	1.79	1.44	1.85	2.46	1.83	3.65	4.98	5.20	5.88	5.67	5.00	5.17	5.90	5.37	1.98	3.62	6.04	5.71	3.85	4.34	5.69	4.34	3.96	5.48	5.46	5.60	2.86	4.49	6.16	4.95	3.92	6.43	7.40	6.35	6.11	5.50	4.16	5.73	7.08	3.42	5.56	3.17	2.62	2.46	
1.60	1.73	1.14	1.12	1.35	1.48	1.73	2.06	1.59	1.03	0.21	1.82	1.88	2.07	2.48	2.31	2.61	1.90	3.86	7.25	6.13	6.79	6.50	6.69	5.91	5.66	4.65	5.65	3.91	3.68	5.25	3.65	1.84	4.98	3.80	3.51	2.27	4.07	4.95	5.63	1.23	6.46	5.76	5.04	6.58	4.17	5.80	5.23	4.87	5.15	6.58	7.11	3.31	5.22	3.60	5.45	2.54	
2.01	1.98	1.10	1.21	1.33	1.31	1.65	1.80	1.33	0.47	1.82	1.97	1.98	2.23	2.26	2.14	2.40	3.10	2.46	4.51	5.91	6.91	7.71	7.69	8.14	6.60	5.54	4.88	4.98	3.73	3.09	4.18	2.11	5.01	5.11	5.09	4.83	2.63	2.00	4.66	1.97	6.86	6.84	7.27	3.84	4.49	4.49	5.44	5.14	6.63	6.96	3.51	3.46	3.72	4.20	3.60	3.03	
1.65	1.66	1.10	1.14	1.06	1.26	1.68	1.70	1.28	0.34	1.77	2.59	1.98	1.80	1.51	1.72	1.56	1.14	1.99	1.34	0.74	1.75	3.21	6.45	7.65	8.22	7.12	5.77	5.48	4.85	4.57	2.39	2.72	4.41	5.70	5.23	5.24	4.02	1.80	0.79	2.06	5.93	7.02	6.08	6.01	3.40	3.04	4.71	5.52	5.45	6.11	6.49	3.60	3.08	3.59	3.90	3.61	
1.39	1.61	0.89	0.60	0.67	1.15	1.48	1.47	1.06	2.41	2.69	3.66	1.74	0.99	0.58	1.91	2.01	1.20	1.72	2.55	1.99	1.37	0.18	1.17	2.03	6.82	8.29	6.93	5.55	6.08	5.32	2.75	2.25	2.58	4.35	4.94	4.66	4.80	3.04	2.33	2.12	1.97	5.59	5.71	5.71	6.16	3.46	3.50	4.38	5.19	3.35	3.56	3.69	2.70	2.35	3.36	3.93	
1.53	1.61	0.71	0.19	0.30	0.88	1.33	0.80	4.01	4.18	4.19	3.87	0.80	0.56	0.60	1.35	2.79	1.26	1.53	2.40	3.04	2.44	1.48	1.08	1.33	2.63	5.63	7.09	5.97	5.78	5.66	4.17	3.04	3.05	5.06	4.65	4.44	4.72	3.18	3.07	2.60	4.58	5.67	5.04	4.05	4.04	3.29	3.51	4.62	5.70	5.20	2.15	3.60	3.23	4.02	2.41	3.71	
1.99	1.88	2.73	2.44	0.44	0.86	1.13	3.94	4.02	4.13	4.16	3.69	0.40	1.04	1.19	0.90	2.65	2.27	1.74	2.28	2.28	2.62	2.42	1.96	0.61	0.42	1.28	4.86	4.86	1.85	5.90	5.90	4.26	4.22	5.55	6.31	4.86	4.16	3.39	3.71	2.60	4.88	6.06	5.93	4.90	4.20	6.78	5.61	6.70	7.30	6.30	6.39	2.60	3.48	5.59	3.37	2.89	
2.54	3.68	4.04	1.67	0.71	1.76	4.06	4.08	4.17	4.18	4.04	2.11	0.79	1.04	3.65	0.55	3.22	2.88	1.70	1.59	1.43	1.92	2.12	2.29	1.55	0.65	0.80	2.53	1.70	2.11	5.04	6.28	6.28	4.55	4.44	6.59	5.94	4.06	3.79	2.79	2.26	4.28	5.07	6.25	6.28	5.01	3.97	6.00	5.32	3.24	6.65	4.42	5.06	4.80	5.72	4.37	3.79	
3.37	3.35	3.14	1.13	1.23	0.93	1.71	1.12	4.18	4.00	3.15	1.05	3.90	4.00	3.80	3.54	3.40	3.21	1.67	1.34	1.73	1.65	2.02	2.77	2.72	2.00	1.66	2.45	2.23	2.98	4.47	4.80	7.20	6.02	4.58	4.65	5.27	2.45	3.36	1.65	0.81	2.64	1.14	5.30	6.41	5.51	5.62	6.72	4.48	3.47	3.17	5.30	6.58	6.11	7.44	5.34	7.11	
0.89	2.12	3.24	1.82	1.91	1.71	2.02	3.01	4.13	3.32	1.35	0.62	3.78	4.19	4.04	3.71	2.67	3.46	0.54	1.71	1.45	1.68	1.51	2.22	2.63	2.64	2.80	3.08	3.40	3.75	3.51	3.75	5.45	7.28	5.44	4.29	4.90	4.68	3.00	2.18	1.62	0.65	1.00	4.83	6.04	4.91	4.41	4.10	5.81	6.67	8.39	6.60	4.46	6.60	2.51	7.11	2.02	
3.11	3.07	3.68	3.33	2.81	3.00	3.51	3.42	1.89	1.60	1.74	1.44	3.60	3.99	4.17	4.46	2.34	2.43	1.17	3.37	1.99	1.77	2.00	2.42	3.01	3.45	3.60	3.62	4.47	4.42	3.97	4.21	3.72	7.60	6.45	5.09	5.04	4.40	4.19	3.55	2.50	3.26	3.38	3.79	5.83	4.82	6.53	5.79	7.14	6.58	5.36	6.93	5.34	3.09	7.27	5.98	6.50	
3.27	3.16	3.12	2.66	3.59	3.94	3.45	2.67	1.69	2.08	1.88	2.72	4.45	3.66	3.83	4.02	3.38	1.97	3.38	5.43	2.03	2.10	2.28	2.90	3.59	3.71	3.54	3.78	4.88	5.03	4.97	5.07	2.92	6.06	7.21	3.27	4.79	4.08	5.02	3.96	2.35	3.55	3.76	4.65	6.33	6.06	6.69	6.56	4.60	4.30	7.96	5.18	7.04	7.18	6.18	2.45	2.19	
7.13	3.19	2.96	2.96	3.01	2.31	3.18	3.25	2.14	2.78	2.62	4.42	4.05	4.73	2.69	3.50	3.78	3.44	2.46	2.84	2.70	2.27	2.73	3.11	3.07	3.79	3.95	4.62	5.15	5.29	4.99	5.46	3.28	5.42	5.35	5.98	4.62	3.41	5.04	4.53	3.36	2.95	2.88	4.00	6.10	7.30	5.41	5.75	3.51	4.41	8.02	6.94	6.91	2.67	5.33	1.97	1.71	
10.48	3.47	6.98	7.15	7.03	6.37	6.52	3.49	3.42	3.22	4.27	4.99	4.53	3.49	1.81	2.76	3.68	3.36	2.11	4.94	3.78	2.78	2.83	2.88	3.16	3.36	4.32	4.71	4.26	4.69	5.08	5.45	5.18	3.43	2.17	3.82	3.61	2.71	4.57	5.03	4.29	2.80	1.94	2.04	5.22	6.71	6.66	5.04	6.05	3.81	7.44	7.15	6.55	2.53	3.74	2.05	1.72	
4.41	3.93	7.26	6.19	7.20	6.50	6.39	6.99	6.58	4.61	5.32	5.32	5.06	3.31	2.23	2.74	3.56	2.08	2.98	3.03	4.72	2.89	3.07	3.19	3.04	2.95	3.75	3.46	4.58	4.32	4.46	4.61	3.41	1.55	3.89	2.65	1.84	0.77	2.72	4.37	4.99	4.17	2.39	1.17	0.93	5.59	5.94	5.86	6.58	3.98	4.76	7.49	7.28	6.26	7.55	5.35	5.00	
4.35	8.47	6.47	6.52	6.81	6.74	6.25	6.58	6.58	5.91	3.10	1.40	3.26	1.91	3.14	3.51	3.69	3.40	1.55	3.16	2.65	3.17	3.36	3.37	3.62	3.28	3.80	3.62	3.91	4.86	2.81	1.90	2.15	1.32	3.27	3.36	2.90	1.71	1.83	5.74	5.86	4.28	2.77	1.77	0.84	5.74	6.72	5.78	6.54	6.68	5.41	4.83	6.20	3.51	2.81	4.84	3.97	
4.05	6.49	6.41	6.03	4.47	4.03	4.11	6.68	6.51	6.80	8.24	6.59	3.42	3.56	6.43	5.31	3.76	3.09	3.61	3.17	2.68	3.43	2.85	3.13	3.26	2.24	1.96	2.49	2.09	1.13	0.60	1.32	2.06	3.24	3.84	4.50	3.00	3.29	2.16	4.54	5.65	3.74	3.07	1.10	4.24	5.79	5.85	6.89	5.04	5.23	5.04	3.70	4.22	4.07	3.48	4.97	1.22	
6.35	5.72	5.77	5.53	4.93	4.51	4.79	4.59	6.68	6.67	8.75	6.48	5.92	3.87	6.89	2.69	4.89	4.11	3.79	6.67	6.22	2.50	1.79	1.52	0.97	2.51	1.98	2.18	1.50	0.57	0.80	2.39	3.90	4.27	4.54	3.63	4.63	4.29	2.86	5.07	6.59	3.94	2.15	1.33	3.72	4.23	7.10	5.51	5.15	3.17	3.92	3.76	3.32	3.61	4.02	2.69	1.65	
3.45	3.83	5.03	6.17	5.74	5.16	5.53	5.46	4.41	9.29	8.99	9.04	7.10	4.50	4.33	6.26	6.33	7.33	7.70	7.37	4.06	2.50	2.08	2.21	2.18	2.00	2.29	1.63	2.06	3.04	2.33	4.12	5.08	5.06	2.86	4.60	4.66	4.98	4.50	4.75	5.93	3.49	2.55	4.16	4.16	3.37	6.70	6.13	4.17	1.85	4.50	4.31	2.85	2.33	3.75	3.51	2.42	
3.00	2.91	4.04	5.54	5.44	5.03	5.45	5.67	5.12	8.19	9.59	7.16	6.20	4.86	7.37	6.82	5.39	6.10	9.10	7.25	3.75	2.77	2.14	2.15	3.48	1.50	1.70	2.11	2.78	2.43	3.54	4.63	5.14	4.95	5.07	5.09	5.06	5.73	5.40	4.97	4.88	4.25	4.41	4.85	4.48	3.62	7.75	6.35	4.22	2.10	5.16	4.32	2.75	4.44	2.39	3.71	3.56	
6.84	2.70	3.24	4.51	4.67	4.47	4.80	10.40	10.24	9.69	7.10	7.22	5.74	5.59	6.95	7.90	5.32	5.89	8.04	7.36	7.71	3.95	3.26	2.34	2.07	1.90	1.69	2.59	3.68	4.08	4.39	4.52	5.04	5.16	5.72	4.58	4.46	4.99	4.65	5.04	4.28	4.96	5.82	5.52	4.92	4.45	7.76	5.44	2.34	4.09	5.58	3.85	3.10	5.65	3.27	3.50	4.02	
3.20	7.92	6.19	8.39	7.36	7.86	8.92	8.48	4.75	4.80	3.83	6.16	4.23	6.65	7.43	5.62	5.84	8.88	6.94	7.91	8.87	8.86	4.27	3.44	3.16	3.48	3.36	3.82	3.36	4.07	3.11	4.91	5.16	4.04	5.86	4.11	3.35	2.73	3.10	4.25	3.20	4.90	7.54	6.12	5.09	4.66	7.75	5.35	1.55	5.14	5.61	5.68	4.93	6.73	5.97	4.47	5.03	
8.15	5.82	4.03	4.84	5.34	7.39	7.60	4.57	4.05	4.22	8.78	5.85	3.51	6.00	6.63	4.81	5.40	6.41	8.02	10.91	4.85	5.24	4.60	4.47	4.59	4.49	3.05	3.27	4.17	4.73	5.29	3.79	4.07	4.34	4.46	4.38	4.00	3.60	4.45	5.44	5.48	5.93	7.64	6.80	6.50	5.13	7.94	5.58	2.09	5.29	5.59	5.61	3.93	7.12	3.95	7.70	5.53	
9.19	7.11	5.50	3.00	3.78	5.55	10.69	7.80	6.93	8.28	6.70	4.73	3.93	2.80	6.30	5.29	5.66	5.99	3.99	4.70	3.06	7.56	5.39	4.38	5.06	3.64	2.55	3.12	4.22	4.97	4.46	4.00	4.42	4.43	4.67	4.84	4.37	4.46	5.79	6.32	6.35	5.13	6.30	6.61	7.79	6.73	7.31	5.82	4.23	5.25	5.60	4.90	5.94	4.55	7.52	6.30	2.17	
4.01	9.66	7.23	8.02	8.35	9.25	10.05	9.11	8.44	7.52	2.23	4.95	5.43	4.99	6.61	4.90	3.49	5.34	3.44	5.18	4.09	4.87	5.29	4.48	4.44	3.40	2.72	4.33	4.48	5.14	3.83	4.37	4.80	4.74	5.05	5.48	5.11	5.18	5.59	6.28	6.25	4.38	4.43	6.18	6.95	7.53	7.72	6.89	7.12	5.45	4.58	6.33	6.04	3.54	7.86	7.10	4.68	
4.59	8.96	8.23	7.97	8.36	9.87	7.06	10.79	9.22	6.26	2.71	3.84	6.67	5.67	4.73	5.86	5.84	5.85	3.18	4.51	4.42	5.41	9.10	2.39	5.08	5.03	5.29	5.75	4.91	4.49	3.73	5.80	4.98	5.18	5.39	5.99	5.81	5.76	5.91	6.41	6.35	4.76	3.69	6.61	7.06	7.25	7.46	7.92	8.33	6.55	5.38	7.17	5.92	4.87	7.08	7.15	4.66	
4.95	9.88	7.38	6.09	6.45	7.46	10.53	12.03	6.52	7.64	6.66	0.48	6.53	6.14	6.25	6.67	10.53	3.43	10.55	9.96	9.04	8.34	8.55	2.54	3.11	5.49	5.52	4.98	4.65	4.79	4.55	6.29	5.28	4.88	5.63	6.37	6.42	6.33	6.39	6.66	6.69	5.73	4.21	7.21	6.19	6.47	7.40	7.65	8.05	6.82	7.27	7.08	6.87	5.92	6.99	6.81	6.27	
8.33	9.28	8.78	5.29	2.73	5.57	7.69	9.06	7.44	8.15	6.72	2.73	5.59	5.33	11.45	4.15	5.55	6.13	8.96	10.44	9.20	9.18	9.30	7.14	3.14	3.29	5.06	4.60	5.58	5.64	4.66	5.41	5.54	4.90	5.61	7.40	7.03	7.06	7.15	7.05	7.21	5.65	5.62	7.14	7.12	6.92	6.93	7.68	7.70	7.95	7.03	7.62	7.09	5.97	6.01	6.16	7.09	
7.94	8.87	8.66	6.10	5.06	4.37	5.73	9.50	8.34	8.45	8.32	9.48	4.24	4.69	4.66	6.55	9.87	4.53	10.81	9.67	9.83	10.01	6.44	8.93	5.09	5.47	3.74	4.37	5.59	4.50	4.82	4.84	5.09	5.09	5.74	7.55	6.68	8.05	7.82	7.66	7.47	7.64	7.12	6.74	5.99	5.26	7.09	7.68	7.83	7.94	8.11	6.82	5.66	5.96	5.98	4.37	6.39	
7.41	9.86	6.94	7.41	5.07	6.26	6.26	8.90	8.80	9.86	9.25	9.75	9.17	9.21	5.65	5.83	5.97	4.34	5.34	3.57	10.52	6.24	9.64	9.04	9.38	8.34	4.11	3.73	5.35	6.24	4.64	4.61	5.14	5.58	6.48	7.82	7.89	8.04	8.26	8.64	7.93	7.38	5.86	4.34	5.31	6.72	7.45	7.96	8.24	8.05	7.76	6.09	5.66	5.25	3.55	3.21	6.44	
8.01	7.15	6.71	8.56	2.94	7.56	8.36	8.94	8.39	9.43	10.05	10.06	9.59	7.90	10.44	10.84	9.89	6.53	6.67	9.63	10.24	10.03	7.37	8.82	8.34	8.99	8.07	3.69	3.70	3.70	5.49	4.82	5.41	6.11	6.69	7.62	8.01	8.26	8.67	8.61	8.69	7.78	5.91	5.43	6.04	6.79	7.48	7.60	8.14	8.16	7.54	5.82	4.42	3.40	3.33	3.19	3.10	
7.69	7.82	3.79	7.86	5.50	4.64	9.54	10.68	8.05	10.31	10.65	10.31	9.52	9.31	9.96	7.99	9.14	10.53	11.61	11.10	10.34	8.87	6.93	9.67	9.64	8.73	9.02	8.29	3.61	3.68	6.19	5.66	5.49	5.82	7.24	7.76	7.47	7.57	8.58	7.48	4.23	4.19	6.39	6.01	6.35	6.73	7.25	7.39	8.09	8.94	7.47	4.55	3.62	3.48	3.36	3.16	4.25	
6.20	10.01	10.83	6.96	5.27	3.89	7.21	12.27	11.11	9.62	10.26	9.96	9.93	10.28	9.39	9.88	8.34	10.32	8.07	8.42	8.30	7.08	8.60	9.24	7.56	7.58	10.12	3.39	8.79	6.82	3.93	6.00	5.83	6.04	7.50	8.33	8.17	7.43	7.18	4.38	4.43	4.28	4.24	5.83	6.42	6.87	6.87	7.68	8.39	7.65	6.97	3.95	3.66	3.46	3.35	3.13	4.59	
4.17	6.08	9.44	6.86	4.54	4.09	3.15	11.07	9.71	8.86	10.35	9.71	9.31	8.67	9.42	9.55	10.44	10.04	9.94	9.93	9.40	8.86	9.08	9.37	3.72	4.66	4.22	3.27	9.04	6.19	3.91	4.02	6.20	7.07	4.29	4.34	4.37	6.70	6.15	4.49	4.47	4.34	4.26	6.61	6.46	6.33	7.01	7.32	7.48	7.47	6.56	4.69	3.65	3.45	3.32	3.09	5.07	
7.05	6.30	8.82	4.23	6.52	1.73	5.83	7.80	9.38	10.69	10.30	5.20	8.48	4.75	8.66	5.53	5.75	5.96	9.28	9.01	9.02	8.46	7.81	6.65	3.82	5.10	4.50	10.31	2.95	6.59	8.50	6.60	7.12	4.28	7.45	7.78	4.32	5.50	6.10	4.57	7.78	4.42	4.32	7.08	5.75	6.44	7.22	4.23	8.06	5.72	6.22	5.73	4.62	3.45	3.29	3.03	4.84	
5.23	7.13	9.73	7.46	6.27	4.01	6.69	7.00	6.09	8.12	7.55	7.38	6.23	4.84	4.96	5.43	6.02	6.76	9.16	9.01	10.66	8.25	8.95	5.88	3.78	5.11	11.25	3.56	10.90	6.47	7.20	7.56	7.66	6.76	6.17	4.30	7.13	6.09	6.29	4.65	4.61	8.20	4.37	4.37	5.72	4.43	4.42	4.19	3.94	4.68	5.61	3.86	6.15	3.46	3.27	2.98	5.14	
1.77	6.50	10.29	8.03	5.12	5.67	8.87	7.10	8.66	6.35	5.42	6.47	7.10	10.95	11.66	5.73	6.05	5.23	6.04	10.66	9.17	9.85	6.54	5.57	3.59	4.83	4.92	3.69	8.48	6.65	7.34	7.35	7.53	8.33	7.44	7.94	6.78	4.47	6.92	4.70	4.64	8.96	8.23	4.46	6.57	4.50	4.43	4.14	8.39	4.97	4.09	3.87	3.67	5.77	3.29	2.94	5.93	
2.62	2.16	8.13	8.70	7.37	7.61	7.55	9.30	10.01	10.16	9.36	8.23	5.50	5.77	5.64	5.50	12.29	8.57	11.57	10.83	9.70	6.98	8.76	10.40	10.37	4.69	4.59	12.28	8.92	9.82	7.77	7.86	7.43	8.83	7.75	7.73	8.24	7.30	4.68	4.66	4.64	7.35	7.65	4.53	6.68	4.57	8.18	8.61	8.51	5.08	4.12	3.87	3.66	3.49	3.29	2.87	6.30	
3.92	2.74	7.01	7.62	6.83	7.73	8.86	8.58	11.12	8.71	8.61	9.95	11.94	4.70	9.65	5.19	5.55	12.50	11.23	11.06	3.92	3.75	6.56	10.78	7.26	8.69	11.19	11.29	7.55	7.92	9.07	10.09	9.49	8.87	9.38	9.14	8.94	7.51	7.25	8.25	6.99	6.72	7.21	7.48	7.66	7.22	4.33	4.14	4.15	4.21	6.56	3.88	7.98	3.41	6.04	5.63	5.62	
5.13	5.56	8.06	6.94	6.51	6.11	7.50	6.58	8.33	7.46	7.42	10.07	8.90	10.47	4.95	9.22	5.51	9.56	5.18	4.50	4.44	3.55	10.85	3.04	7.51	7.33	7.24	7.33	7.00	10.37	9.88	9.76	7.52	9.56	8.74	8.61	7.49	6.11	6.27	4.69	6.70	7.78	6.92	8.32	7.85	8.08	8.39	7.85	6.39	4.21	4.07	3.88	3.65	7.60	3.07	6.02	5.68	
4.37	7.06	9.49	6.95	6.30	9.21	4.26	5.77	7.10	7.74	10.75	10.54	9.04	8.49	10.45	10.08	10.53	9.10	11.99	5.89	4.23	11.58	10.32	9.67	4.69	5.02	6.85	6.93	7.23	4.03	7.40	9.36	9.94	9.61	7.44	7.85	7.14	5.37	4.62	6.16	6.35	6.55	6.87	7.42	9.74	8.35	8.81	4.31	5.68	4.27	4.08	3.89	3.67	3.39	3.12	2.92	2.89	
1.87	7.08	10.25	7.74	6.40	9.38	8.03	1.15	5.39	9.16	10.36	8.30	9.08	8.36	7.38	8.95	5.66	5.47	9.94	11.50	11.87	6.03	9.71	4.01	5.34	5.34	4.69	7.38	10.82	9.64	7.91	5.39	10.46	6.71	7.17	4.60	9.31	5.79	6.96	7.40	6.39	6.81	7.37	4.66	7.71	6.78	7.21	7.44	7.95	6.24	7.19	3.84	7.41	7.26	6.98	2.92	3.78	
2.63	6.79	9.70	7.60	6.05	6.05	8.92	7.66	4.04	6.39	10.21	9.93	7.35	5.71	9.48	9.13	5.10	7.59	6.31	9.53	9.11	5.95	4.76	3.98	5.62	5.67	4.23	10.94	7.14	9.29	8.58	9.20	7.35	7.39	4.98	9.52	9.55	6.59	6.92	6.35	7.61	4.82	4.75	8.42	7.57	7.51	6.95	7.46	8.25	4.19	4.02	9.01	7.07	6.84	4.89	3.84	2.95	
3.25	5.88	8.39	8.15	7.14	7.04	10.19	8.54	7.43	4.70	6.80	9.76	11.28	10.46	9.81	8.27	10.53	11.36	6.93	6.62	3.42	5.41	5.97	3.98	5.33	5.16	3.65	6.35	5.80	8.73	8.45	10.50	9.08	7.76	8.73	9.05	7.75	6.59	4.40	8.09	7.04	8.29	9.76	4.76	4.72	4.61	4.53	4.34	9.34	4.01	3.86	8.33	3.32	7.93	3.20	3.27	3.28	
5.57	8.30	7.73	7.56	6.71	6.39	6.64	6.72	9.52	8.08	6.17	8.44	9.66	10.49	9.24	7.78	6.54	5.77	5.70	5.96	6.66	10.46	7.57	11.07	4.55	3.92	5.56	4.66	7.47	8.49	7.59	6.96	5.43	4.80	5.36	5.13	4.32	7.19	4.08	7.14	7.92	6.53	7.30	9.10	4.74	4.63	4.50	4.30	3.93	6.78	3.67	6.59	2.95	3.02	3.56	3.75	3.76	
9.05	9.75	7.96	11.67	9.63	9.52	11.39	12.06	10.59	11.88	7.30	6.63	9.26	5.78	8.26	4.96	6.23	10.98	10.56	10.86	12.07	11.59	6.97	8.44	8.04	6.51	4.07	5.33	7.43	4.65	5.00	5.73	4.92	5.37	5.50	5.17	3.92	10.21	7.32	6.42	7.05	6.50	7.31	8.66	8.12	4.60	4.48	4.29	7.19	5.84	3.33	3.31	3.18	3.47	4.15	4.15	4.03	
10.86	12.35	11.08	8.96	8.45	8.83	4.44	5.78	5.23	7.73	12.02	5.24	10.59	6.13	7.88	4.83	6.81	5.46	12.40	7.16	10.28	6.28	7.05	5.99	6.57	5.36	3.99	5.66	5.44	4.74	5.76	6.26	5.74	4.99	4.38	4.23	3.18	10.12	4.58	5.76	7.58	7.27	7.77	7.86	8.65	8.30	7.72	7.81	4.03	4.25	3.44	4.09	4.27	4.09	4.20	4.09	3.98	
10.21	11.29	12.17	9.10	8.40	8.67	2.80	5.46	7.22	9.00	7.94	12.28	9.23	11.39	6.60	5.19	7.03	6.98	4.88	6.11	5.77	5.57	5.52	5.08	4.78	5.16	5.06	6.21	7.29	5.11	6.33	6.53	7.59	3.28	3.01	3.43	7.18	7.35	4.66	6.34	7.93	8.03	7.56	9.00	10.81	9.95	10.42	4.40	6.00	4.69	4.12	4.66	4.21	3.59	3.82	4.06	4.05	
7.81	11.26	10.11	9.63	9.09	6.10	2.15	3.22	7.26	7.55	9.22	8.65	11.25	8.59	2.15	5.32	6.84	5.07	5.46	5.97	4.74	5.59	3.37	3.07	3.66	5.81	6.46	6.83	5.86	4.87	5.60	5.27	6.31	5.98	7.91	9.78	6.11	7.68	4.64	6.24	8.44	8.78	6.90	5.18	8.88	10.82	10.05	9.38	7.32	7.10	4.31	4.25	3.73	3.51	3.89	4.13	4.03	
1.39	10.89	12.39	11.21	10.10	9.49	9.14	4.24	6.03	6.43	8.44	9.19	8.83	10.02	2.84	4.35	6.37	4.62	5.35	6.39	4.96	4.29	3.81	3.85	5.39	6.57	6.73	6.30	7.64	7.61	7.25	6.75	6.05	2.82	8.30	9.38	6.66	5.95	2.61	5.78	9.87	8.89	6.49	5.48	8.05	8.20	4.80	10.51	7.40	6.09	7.49	4.09	3.97	3.82	3.98	4.14	4.00	
1.58	9.90	13.66	13.21	9.70	6.43	6.60	9.16	11.97	12.74	9.50	9.03	11.36	11.19	11.74	5.32	6.21	4.79	4.98	5.69	4.77	5.04	4.68	5.25	5.94	5.85	7.07	6.71	6.58	7.06	6.41	6.60	7.81	3.30	2.72	7.45	6.44	4.92	4.87	8.49	10.45	8.98	4.85	7.76	5.08	5.10	8.26	10.14	8.38	8.70	7.93	7.10	4.18	4.00	4.31	4.32	3.96	
5.68	6.92	13.25	10.79	7.01	11.17	7.40	10.43	7.49	10.36	10.54	5.07	5.75	5.21	4.84	5.52	11.18	9.43	6.38	6.04	4.81	5.70	6.15	5.77	7.51	6.69	6.98	6.45	6.10	6.42	7.23	10.23	9.31	7.47	1.56	3.62	3.69	5.40	5.26	8.51	10.14	6.50	8.24	8.47	8.98	9.76	8.66	9.07	9.12	8.41	8.47	8.75	8.68	4.20	4.44	4.07	3.53	
1.71	4.12	10.87	13.40	13.50	12.38	10.99	8.84	3.31	3.79	9.21	4.23	6.05	5.59	3.48	4.45	5.23	6.31	6.72	13.81	4.97	7.74	7.22	6.52	7.79	6.82	6.50	6.30	8.61	12.55	6.74	6.03	5.17	8.44	6.32	3.69	5.78	5.58	5.18	8.40	9.49	6.28	8.06	8.16	10.53	10.67	11.36	11.66	9.20	8.99	9.63	9.43	9.48	4.08	3.91	3.60	3.42	
2.11	5.18	3.63	14.61	13.07	9.58	8.83	9.70	9.60	2.31	3.06	4.52	6.38	5.81	3.48	4.73	6.21	5.94	6.41	5.81	8.45	7.68	5.28	8.32	11.21	11.12	10.99	10.78	7.79	6.86	9.00	7.78	5.15	8.52	5.42	1.77	5.04	5.02	4.84	8.37	11.02	9.33	10.88	9.36	9.03	8.14	10.79	11.43	9.17	11.01	10.20	8.51	9.96	3.95	3.77	3.85	3.93	
2.75	2.66	2.26	12.35	15.42	11.62	11.45	9.31	8.60	8.44	3.46	3.97	6.10	5.88	4.23	5.06	6.68	6.45	5.34	6.35	9.64	10.07	12.14	8.31	7.28	6.60	10.92	6.88	2.69	4.51	4.47	5.58	3.26	7.07	8.35	6.04	1.33	1.43	4.42	9.90	10.69	8.65	10.22	10.10	8.72	5.55	9.43	11.08	10.47	12.25	9.06	10.32	4.15	9.39	4.11	4.19	3.97	
2.85	5.29	2.70	6.44	15.87	14.02	9.71	8.94	8.20	8.07	8.15	9.22	5.17	6.65	8.98	5.90	8.34	11.29	11.05	9.53	4.65	6.15	11.29	11.01	5.83	4.49	9.01	7.59	6.44	7.23	4.76	9.20	5.49	5.81	5.60	6.12	4.50	1.36	4.86	11.70	10.03	8.85	8.02	9.84	9.75	8.73	9.83	9.80	6.08	4.91	8.35	11.29	9.99	10.00	4.06	3.86	3.48	
2.36	7.11	5.24	6.01	13.82	15.18	10.80	8.77	9.02	8.19	10.41	10.33	8.46	6.88	7.13	7.24	7.67	6.60	9.64	6.31	3.81	6.79	10.37	7.62	4.39	6.67	6.39	6.90	3.29	5.58	9.94	2.91	5.46	5.68	8.20	6.88	4.60	2.12	5.69	12.67	11.04	7.09	7.91	7.64	7.48	9.32	4.31	7.49	6.09	8.22	8.78	8.98	8.99	7.98	9.61	3.57	3.46	
6.95	6.97	6.69	8.16	11.15	13.53	13.05	10.64	9.29	8.11	8.36	5.43	6.58	6.47	7.02	6.29	8.95	6.26	6.28	7.00	4.07	8.30	8.18	5.31	5.34	5.54	2.90	8.13	3.08	5.15	4.90	8.76	2.05	4.88	8.66	6.98	4.91	3.69	10.82	13.79	10.06	7.29	6.58	9.83	9.96	7.13	2.11	7.81	5.64	10.02	10.15	9.67	9.46	7.97	7.25	7.13	6.68	
5.68	9.58	9.37	10.33	10.35	9.65	10.40	11.19	9.31	3.46	1.84	4.95	8.19	8.02	6.79	6.03	5.66	7.16	5.85	3.64	5.36	12.05	7.22	6.04	8.97	7.53	9.22	7.05	4.91	4.44	5.90	8.82	3.03	4.68	7.36	5.68	4.49	5.64	13.80	13.66	8.73	8.92	8.84	5.21	5.18	5.61	1.78	7.05	8.35	7.75	10.73	9.30	9.60	8.34	7.41	5.96	3.73	
9.49	9.80	6.29	12.59	12.12	9.55	6.41	11.52	9.00	5.95	3.64	3.80	8.69	7.75	6.22	5.89	6.88	5.55	8.66	2.93	7.22	10.32	7.24	8.86	8.45	8.15	9.12	6.53	4.12	6.39	2.24	5.35	8.15	4.85	4.28	4.05	4.98	11.50	14.20	8.70	5.78	8.74	4.50	4.35	8.25	4.55	2.06	7.68	9.28	8.84	8.96	10.17	9.01	8.25	7.82	6.38	2.91	
10.50	7.03	4.96	6.56	9.77	10.01	9.88	9.48	9.50	1.37	2.29	3.57	6.89	8.01	7.17	7.06	6.42	8.96	7.08	3.15	9.65	10.22	5.62	7.27	8.19	9.31	3.83	6.09	4.98	4.11	3.74	3.55	7.85	4.85	2.28	7.88	9.15	12.87	10.33	6.23	9.04	4.52	4.85	5.44	4.52	4.76	3.84	9.79	10.43	9.77	8.77	9.82	9.55	9.08	7.10	6.85	4.67	
9.56	7.20	6.29	8.04	8.08	6.93	9.04	9.75	5.81	0.35	1.88	5.03	4.06	6.45	8.27	8.08	6.29	4.56	8.21	4.30	11.01	9.31	8.63	3.44	8.54	8.98	6.35	2.37	5.18	3.76	5.43	5.13	6.90	5.30	6.26	11.58	11.32	9.89	6.87	4.28	4.52	5.98	5.60	1.85	2.09	7.00	7.95	9.80	8.37	7.82	7.14	6.47	9.87	6.91	6.84	6.35	6.78	
7.84	7.31	5.44	9.54	9.77	7.42	8.81	6.92	1.91	1.31	1.71	3.25	4.18	3.91	6.32	8.04	6.33	4.22	6.73	6.97	11.25	10.86	7.90	7.09	6.63	9.49	2.21	3.64	5.45	3.17	4.96	5.06	7.33	8.02	10.74	11.41	9.34	6.97	5.12	5.69	7.78	7.10	5.09	1.50	3.74	9.28	9.36	9.73	9.10	3.83	6.92	9.09	6.61	5.58	5.01	6.24	6.68	
6.27	6.89	2.69	9.67	10.25	7.66	9.11	6.53	6.29	1.14	1.11	3.24	5.36	2.50	0.99	4.31	5.47	4.37	4.71	8.76	10.23	4.68	3.75	5.73	5.89	7.50	1.17	0.25	4.91	2.17	4.19	3.67	10.80	12.54	9.97	8.80	7.20	6.03	5.89	6.40	6.70	5.56	3.88	3.77	7.41	8.11	7.20	7.77	6.72	6.74	5.11	4.26	3.97	4.92	5.62	6.25	7.03	
4.90	7.04	5.17	8.11	8.97	9.76	10.43	9.09	4.90	0.74	5.18	4.73	4.45	3.20	6.16	5.60	5.27	4.99	5.08	8.20	7.95	4.21	4.18	6.02	5.26	3.72	3.40	3.41	4.07	0.69	1.47	8.81	10.51	7.69	5.98	6.14	6.14	6.70	8.91	6.34	6.02	4.56	2.94	4.27	6.91	5.58	5.93	5.78	3.51	2.75	3.98	5.30	5.45	5.79	6.15	6.18	6.44	
5.60	5.51	7.55	6.90	9.76	8.71	8.09	7.61	5.16	4.85	6.03	5.65	3.92	6.48	7.23	6.41	5.61	6.17	6.17	7.21	7.11	5.12	4.61	6.07	5.36	3.66	4.45	5.35	6.57	8.02	10.16	10.64	8.72	6.29	9.39	9.13	6.00	5.01	11.61	11.74	9.86	6.75	3.28	5.02	6.77	3.76	5.33	5.80	6.03	6.62	4.77	5.45	7.91	5.28	5.58	5.61	5.81	
