autotest/output/original/cli_wxModelInitialization_diurnal_local_model/mackay_07-12-2013_0300_393m_ang.asc
ncols	57
nrows	71
xllcorner	279635.000000
yllcorner	4850745.000000
cellsize	393.466398
NODATA_value	-9999.000000
203	150	206	206	142	207	164	165	208	158	153	153	160	150	156	200	167	200	206	212	224	177	205	210	217	238	232	153	153	181	191	222	226	220	238	249	192	151	185	226	236	247	215	216	230	246	263	266	261	256	250	253	237	250	236	227	228	
204	206	207	177	137	184	208	209	208	208	207	192	204	193	148	200	175	182	209	215	230	168	208	214	219	239	252	206	140	173	193	223	229	218	236	245	206	135	220	232	235	258	215	222	234	238	261	262	257	246	254	265	234	249	232	232	231	
204	207	209	182	209	208	209	209	209	208	199	196	199	118	111	118	144	197	237	242	245	250	218	264	261	263	266	143	114	113	161	223	227	225	189	228	218	137	229	240	236	254	270	4	242	267	266	269	261	236	252	264	266	222	216	208	225	
205	172	175	183	210	210	210	211	210	210	196	151	205	95	63	72	76	328	296	275	265	299	309	301	301	289	169	174	188	124	132	221	231	211	199	235	222	187	225	234	230	231	248	290	261	249	271	291	241	242	270	236	210	200	201	218	208	
205	171	180	188	195	211	212	212	211	210	135	205	220	225	354	14	57	334	301	299	297	308	348	242	188	202	147	223	196	170	114	127	197	232	225	223	220	208	217	225	226	251	240	266	314	268	260	227	232	233	225	215	211	191	227	222	214	
205	166	183	198	201	209	219	213	212	100	123	221	232	241	313	327	18	327	314	154	196	209	215	202	193	210	195	217	144	184	164	142	209	233	229	222	223	219	263	227	229	236	237	243	266	237	198	217	221	222	221	225	226	189	235	228	220	
154	162	191	201	201	211	227	240	224	103	356	242	249	256	311	319	336	30	146	173	218	221	227	208	204	222	220	172	124	162	183	135	167	242	242	281	305	226	222	265	149	240	241	239	222	205	194	240	235	233	243	234	225	183	234	232	217	
141	148	184	188	192	213	238	244	211	78	247	259	254	258	264	321	294	78	122	206	208	210	216	215	206	227	223	204	165	149	223	168	180	241	236	237	258	308	300	221	174	236	240	220	231	208	226	237	235	250	240	220	224	228	230	224	219	
142	150	183	183	201	236	250	250	235	64	256	263	266	308	305	293	309	193	72	53	77	166	210	215	215	222	223	214	190	181	191	236	235	234	232	225	246	271	322	353	161	232	238	237	244	235	242	244	248	246	255	258	230	234	231	230	230	
190	144	179	215	242	259	265	265	37	107	241	260	324	328	321	287	307	228	69	72	67	61	18	239	194	223	223	221	209	197	211	238	235	326	239	280	267	265	302	90	138	185	252	247	264	269	260	270	249	274	283	230	241	243	332	240	241	
259	137	239	268	275	275	278	12	222	223	222	218	348	318	325	293	292	339	82	90	76	64	49	82	179	217	221	222	178	196	229	228	226	251	290	286	298	279	307	117	157	243	255	251	243	246	259	291	308	285	297	250	246	243	294	259	259	
352	79	56	55	302	293	25	223	223	223	221	270	24	329	337	314	270	311	83	100	91	73	66	75	72	48	224	233	222	227	234	263	274	292	276	270	283	285	82	135	170	245	244	239	243	254	254	256	253	232	242	277	341	243	290	326	317	
34	74	107	129	300	79	223	222	222	222	221	320	38	154	227	338	280	310	86	91	71	65	60	52	40	33	25	267	324	305	284	271	276	294	301	273	264	290	130	181	145	246	240	238	245	248	247	244	219	251	249	261	311	315	299	311	326	
38	43	62	245	311	154	59	356	224	224	333	18	226	229	229	227	261	310	81	49	45	59	56	52	52	45	1	326	332	320	300	292	270	272	308	302	275	322	114	105	359	327	315	247	251	249	247	242	241	247	243	265	221	222	248	255	248	
271	314	10	319	318	318	307	329	226	331	12	294	226	228	228	287	275	310	20	355	42	54	42	34	36	16	341	333	332	322	308	323	295	260	274	304	308	140	135	70	31	62	132	258	258	252	248	244	277	283	253	221	227	247	254	258	239	
221	223	26	5	313	316	348	2	6	29	348	28	226	229	229	315	261	320	296	324	33	29	17	5	7	359	353	351	331	323	324	332	290	281	261	281	139	177	202	186	155	194	201	211	258	259	292	282	268	209	229	237	264	256	270	255	236	
225	226	227	302	298	331	7	34	46	12	347	333	331	230	231	329	330	355	234	308	25	17	3	355	359	2	360	343	328	324	330	338	309	302	270	214	153	178	227	215	223	257	253	249	249	252	253	234	217	238	244	259	256	231	219	228	222	
209	230	231	231	231	319	350	43	25	4	345	315	287	355	352	234	336	236	308	234	5	1	356	353	351	358	349	338	333	328	324	335	329	321	300	160	158	167	230	229	257	257	251	245	245	245	247	223	248	253	253	254	243	244	224	249	247	
204	232	212	212	214	209	218	30	24	350	332	320	305	233	11	344	334	238	323	292	344	357	349	349	357	351	345	342	337	326	321	331	348	323	83	142	152	157	245	251	255	275	329	257	246	246	248	252	256	253	253	251	242	253	266	270	274	
234	231	206	213	217	214	220	228	231	347	328	329	327	352	0	330	329	39	245	240	321	351	347	350	351	339	337	338	345	323	322	339	331	320	72	71	64	36	276	275	255	281	351	43	12	258	258	253	266	271	259	257	246	248	257	242	201	
232	212	206	206	218	217	217	228	232	231	237	258	333	307	355	338	333	243	284	243	242	343	345	349	351	349	356	348	334	339	329	300	303	320	48	44	29	358	6	261	277	287	9	91	132	267	298	287	279	276	293	276	251	252	259	238	198	
231	204	204	212	236	234	236	232	235	227	220	232	241	244	207	284	333	16	246	244	240	343	355	11	18	29	13	349	340	18	44	351	295	315	28	44	23	19	348	328	283	302	75	115	271	265	263	291	307	293	297	250	251	252	256	258	259	
197	194	205	234	234	232	234	237	234	227	218	224	207	246	227	246	338	6	335	311	319	355	32	31	24	48	0	357	22	331	343	301	332	307	12	28	19	9	346	337	295	336	74	6	341	326	297	267	301	305	316	261	266	258	255	255	254	
228	227	229	232	230	229	232	234	235	227	219	223	194	199	251	239	211	221	324	324	330	22	42	9	9	15	354	350	16	11	305	317	326	317	318	9	358	357	1	336	310	14	26	350	339	327	314	267	286	63	260	270	273	271	257	257	261	
229	193	232	235	233	232	235	236	236	228	224	233	180	211	233	224	217	226	229	248	342	13	20	4	38	31	25	27	11	331	338	327	327	325	313	348	353	356	7	352	344	5	5	347	350	321	313	286	307	141	269	272	271	323	271	266	267	
179	234	239	243	241	241	242	224	224	227	236	232	178	218	238	224	219	229	237	242	244	9	23	23	27	28	358	6	7	357	348	331	330	328	311	322	350	12	28	22	22	6	354	351	350	335	306	297	62	267	272	269	271	300	357	278	272	
233	174	186	189	208	213	211	220	239	238	232	209	197	246	237	235	229	230	245	244	237	242	23	12	355	353	351	4	334	339	321	334	333	317	323	310	353	27	20	25	20	348	340	347	345	337	309	322	274	275	271	295	311	281	330	333	321	
179	184	235	236	237	201	225	244	243	240	235	187	243	245	246	247	246	246	241	235	242	245	354	4	356	350	353	0	338	333	346	324	322	327	322	315	347	7	356	358	5	341	330	347	349	342	321	345	12	281	271	300	335	297	282	317	325	
195	191	172	213	211	191	208	240	245	224	190	222	221	232	253	249	251	251	243	248	253	253	257	352	353	16	31	2	343	334	343	340	330	329	326	319	331	350	345	339	1	351	339	338	340	348	332	357	352	334	323	284	336	319	302	313	285	
240	203	183	185	193	200	210	222	232	214	205	229	248	240	249	251	244	264	245	250	251	257	257	301	327	28	345	343	335	340	341	334	333	330	326	324	328	341	334	326	352	359	340	326	321	333	341	350	343	343	335	305	324	302	318	323	337	
241	209	177	182	192	205	238	215	232	233	173	245	249	253	254	262	266	270	257	256	251	258	258	257	288	352	346	351	344	349	336	335	332	335	327	325	325	333	332	324	336	4	336	331	324	313	322	335	334	349	341	320	325	349	326	325	340	
242	215	171	173	187	234	209	216	250	240	217	223	257	255	261	257	245	256	241	275	283	274	269	257	260	304	337	355	347	346	339	336	333	334	327	324	323	327	328	325	326	14	344	331	323	317	315	313	317	332	344	330	336	347	332	331	338	
224	220	182	164	186	239	241	247	250	244	228	256	258	252	246	250	242	241	253	260	265	267	260	259	258	260	313	341	343	349	342	334	336	337	326	325	322	322	324	324	324	352	338	328	334	334	323	313	311	312	319	333	340	331	330	336	332	
206	218	200	174	187	204	247	251	253	244	236	258	259	265	248	256	267	252	268	270	265	255	257	264	276	290	297	310	314	340	349	336	335	338	325	322	316	321	319	322	322	339	343	340	349	338	326	315	313	311	309	316	331	328	340	335	328	
215	216	225	160	194	248	200	255	254	239	239	257	267	281	285	269	274	252	255	254	255	256	249	231	229	243	294	266	284	303	334	338	334	334	327	323	320	318	316	320	319	322	348	346	344	338	325	318	314	312	311	315	333	333	333	286	323	
249	252	240	164	176	241	218	233	257	253	260	258	245	244	256	270	269	288	272	274	265	249	229	228	242	247	252	269	269	269	323	327	328	330	326	321	316	314	313	313	311	316	343	346	342	334	327	319	312	311	314	320	336	286	288	289	289	
246	248	246	204	133	242	244	254	258	261	259	256	253	257	250	236	240	247	262	265	253	232	233	245	250	247	248	268	270	269	304	321	324	323	323	314	306	307	312	302	282	283	322	344	341	332	327	319	312	309	316	327	287	288	288	289	320	
241	200	233	222	204	142	248	253	251	246	249	255	260	256	248	252	260	257	253	247	235	239	249	255	243	235	239	275	259	276	272	300	310	311	306	305	303	304	310	281	283	284	284	326	334	333	326	317	311	305	312	331	288	289	289	290	322	
184	216	237	240	225	179	234	254	251	249	254	253	247	241	243	249	248	245	247	250	248	249	252	241	262	267	271	274	250	260	274	273	301	302	277	277	277	307	305	281	282	283	284	300	316	321	316	305	305	310	309	327	288	289	290	291	325	
194	229	256	253	217	209	264	259	249	249	242	247	237	249	236	247	249	253	252	253	247	244	251	235	265	267	270	257	274	241	251	269	294	276	288	288	278	306	301	281	288	283	284	300	308	298	296	286	300	314	304	307	328	290	291	292	323	
223	241	251	245	207	263	269	290	279	245	238	242	247	251	251	250	252	252	249	250	249	251	248	237	268	267	256	273	251	241	247	250	258	273	277	278	289	300	300	281	283	288	284	285	305	287	288	288	288	315	302	290	311	290	291	293	325	
232	243	245	245	237	265	270	276	303	294	252	249	248	268	264	254	252	259	255	253	257	255	256	254	268	268	268	268	257	247	251	254	254	250	265	271	280	280	302	282	283	290	287	285	302	287	288	288	284	306	290	292	292	315	292	294	327	
195	247	250	249	253	257	261	263	264	282	303	303	265	257	260	261	278	270	276	272	254	255	264	276	286	270	268	278	261	249	258	257	254	250	260	266	273	280	282	283	283	282	282	286	299	287	288	285	289	299	291	292	293	293	293	295	326	
231	233	264	264	257	255	255	251	248	234	233	253	278	273	285	274	261	280	274	248	264	267	259	247	258	264	265	259	256	255	246	246	248	253	255	258	262	270	277	278	275	275	273	277	292	301	288	289	291	291	291	292	291	294	308	323	323	
241	249	266	269	277	270	250	247	236	229	266	260	263	298	268	300	276	285	278	260	264	263	253	265	233	246	250	247	251	243	243	250	254	250	252	252	252	252	251	285	248	247	256	267	286	302	307	302	309	291	292	293	294	293	295	311	314	
246	253	259	259	258	264	293	246	243	253	252	256	256	257	257	263	278	275	286	290	261	285	264	227	269	272	255	257	252	274	248	237	243	245	250	250	252	253	285	249	251	252	254	268	267	270	283	290	314	291	292	293	294	296	297	297	297	
250	256	258	253	247	245	263	260	250	251	253	256	247	244	249	252	244	251	248	264	286	283	232	266	269	273	275	265	250	246	237	259	248	245	244	285	254	259	243	246	257	258	261	289	263	262	264	266	277	308	302	293	303	302	305	297	302	
238	255	255	253	256	258	260	282	326	259	254	253	253	258	261	260	255	264	265	253	240	237	232	271	271	272	272	253	233	239	241	247	264	249	283	265	258	259	244	257	256	288	289	266	266	265	267	270	277	293	292	308	307	310	311	306	297	
257	257	257	254	258	264	271	268	313	311	290	256	276	277	269	250	254	262	255	249	271	251	251	275	273	270	265	225	255	254	253	251	253	249	253	260	258	260	286	249	262	262	262	290	291	292	293	293	278	294	293	294	294	310	293	295	296	
262	303	280	275	271	269	279	286	303	322	318	262	261	272	280	260	258	258	256	259	261	263	265	279	273	268	221	271	255	252	246	249	246	281	283	287	290	263	286	259	255	254	259	263	292	292	293	293	295	269	294	270	295	293	293	295	296	
222	256	278	293	300	292	278	264	270	295	332	270	263	257	275	259	262	273	286	287	284	279	267	256	253	242	230	275	248	276	278	254	286	288	288	288	290	264	226	242	248	244	259	264	267	293	293	294	274	252	295	295	297	298	298	298	298	
258	244	255	251	241	232	260	261	270	257	283	283	302	261	277	260	263	265	263	264	256	260	254	251	246	244	241	279	281	282	283	287	291	291	287	281	280	269	224	245	250	251	260	266	261	263	265	265	296	245	299	300	302	304	301	299	299	
257	262	256	252	253	261	265	258	261	254	264	288	314	293	285	260	264	256	265	257	258	258	253	247	245	250	256	284	275	289	286	286	296	282	278	273	288	226	229	238	248	258	256	240	244	252	248	298	257	244	301	301	301	302	300	300	300	
255	259	261	266	277	287	274	271	265	264	266	270	301	307	285	265	266	264	264	268	272	260	275	275	252	278	283	287	289	289	285	280	288	293	280	213	227	204	230	243	262	269	264	296	250	251	251	246	251	249	301	299	300	301	301	301	301	
303	258	256	267	264	258	263	287	281	267	283	282	288	307	295	283	269	284	268	269	268	271	275	281	284	285	284	283	285	291	298	295	288	271	213	213	202	204	247	266	290	280	267	299	262	269	303	256	254	268	256	302	302	303	302	301	302	
348	254	255	244	239	252	249	251	267	291	291	284	266	258	305	303	286	294	289	271	269	273	278	283	285	283	295	294	290	288	290	293	282	210	261	208	205	221	295	290	290	284	304	284	298	296	283	269	259	261	261	258	304	304	304	304	305	
124	252	255	257	264	268	275	271	261	254	251	247	255	262	260	259	265	310	301	300	296	276	297	278	293	298	297	299	298	293	288	209	209	204	254	282	257	291	295	291	288	293	293	294	290	294	287	276	260	259	262	269	296	305	304	304	306	
262	260	256	255	268	270	274	291	269	259	255	261	268	266	270	271	274	263	267	283	304	292	299	295	292	298	297	294	295	229	234	209	223	232	213	288	285	286	233	288	286	288	281	263	255	249	253	258	255	258	267	276	284	306	303	303	304	
264	325	304	252	253	261	267	278	298	274	261	266	267	272	268	269	273	276	274	277	310	294	273	298	296	288	284	239	199	218	230	215	174	230	247	221	286	282	247	260	272	271	254	253	245	238	254	260	258	268	280	287	286	308	307	305	306	
261	301	352	256	258	268	280	276	267	267	292	281	274	273	285	271	272	283	282	278	212	218	238	250	249	252	242	206	243	278	280	246	220	225	240	211	268	271	264	271	279	276	260	258	247	299	280	261	254	272	289	290	307	300	309	308	310	
258	314	358	282	263	265	272	276	275	275	283	312	283	279	295	291	282	281	267	214	240	274	231	236	260	286	256	201	182	199	283	236	180	220	255	230	222	261	288	287	293	284	283	267	272	293	270	233	298	302	281	282	292	299	308	307	310	
257	332	3	323	276	264	265	277	293	299	285	258	222	243	251	262	251	251	235	211	249	274	238	272	287	273	264	209	282	222	241	287	177	226	235	232	212	274	290	289	294	302	293	291	290	271	220	258	297	268	264	273	280	291	302	307	308	
343	336	345	329	308	287	275	271	277	279	286	253	247	265	266	262	218	256	264	194	257	279	284	285	289	286	278	224	283	280	280	239	259	258	237	220	206	273	291	295	297	296	288	265	253	223	266	271	295	247	261	269	271	275	278	282	288	
270	310	340	327	312	305	296	273	280	254	292	238	264	265	263	248	260	264	262	224	263	250	284	280	255	212	247	215	205	183	196	226	224	285	218	219	216	283	294	292	291	281	251	256	268	237	280	261	257	271	264	271	267	258	262	260	257	
278	261	287	321	316	322	279	298	284	307	212	257	264	262	254	257	268	270	229	246	268	279	276	244	223	237	245	181	244	225	253	246	232	217	190	271	282	297	297	299	290	266	254	296	267	258	274	293	300	306	290	274	268	260	262	257	268	
270	269	263	261	243	254	337	318	301	275	254	276	265	258	264	274	273	258	212	252	275	280	273	218	233	249	247	189	252	250	178	263	238	231	283	295	298	299	294	287	262	264	277	272	246	261	285	300	300	298	292	279	273	266	263	255	251	
263	260	248	253	270	279	269	308	331	302	285	269	279	267	265	266	260	248	204	213	279	280	252	252	244	263	217	265	267	255	206	208	228	233	300	303	306	298	286	268	279	290	290	306	270	283	285	302	298	292	292	292	275	257	245	250	247	
261	286	244	262	270	271	266	269	334	306	305	279	285	291	273	262	252	262	205	277	280	264	242	232	274	262	239	176	287	268	195	216	281	292	304	301	305	306	295	300	302	306	305	303	299	298	292	289	293	294	286	254	243	243	257	254	255	
264	306	277	269	265	261	276	279	348	291	287	291	278	288	92	194	269	273	214	282	283	283	268	278	279	255	269	282	289	268	186	239	294	274	303	297	296	308	310	294	293	302	318	337	304	299	294	286	281	262	249	260	305	307	308	307	303	
284	302	335	274	263	280	272	273	18	262	284	303	313	83	289	291	288	289	293	285	276	270	271	277	273	268	281	291	295	228	265	301	294	292	288	286	288	292	310	301	298	300	324	327	311	314	289	287	293	299	302	304	308	309	308	309	307	
264	283	337	321	287	256	238	251	12	292	289	288	313	305	296	301	305	300	301	285	263	257	274	271	267	280	292	301	308	324	325	310	289	265	278	292	287	275	273	281	302	311	340	296	310	324	290	281	287	303	302	301	294	304	304	306	307	
