autotest/output/original/cli_wxModelInitialization_diurnal_local_model/mackay_07-14-2013_0300_393m_ang.asc
ncols	57
nrows	71
xllcorner	279635.000000
yllcorner	4850745.000000
cellsize	393.466398
NODATA_value	-9999.000000
307	20	313	314	38	318	356	357	323	12	20	15	5	26	19	327	9	327	326	333	329	4	327	329	335	329	309	72	68	353	288	280	295	308	315	321	216	78	331	313	330	328	350	339	332	342	331	324	314	306	335	301	338	296	286	325	330	
307	308	312	343	27	338	320	321	323	324	325	339	325	336	1	327	354	346	324	327	330	3	328	326	331	330	324	338	26	6	342	293	302	313	306	283	240	44	306	309	322	326	347	336	326	336	329	324	311	294	299	307	339	325	323	319	322	
305	307	310	340	315	316	318	319	321	323	340	339	337	352	352	353	355	344	337	324	324	354	321	328	329	327	338	74	56	35	20	307	306	306	194	258	259	41	310	301	306	298	309	355	312	313	321	329	312	332	294	298	293	235	230	230	252	
305	339	340	338	313	315	316	317	319	321	341	354	335	349	351	356	358	345	339	332	322	341	337	329	332	324	95	138	201	70	17	306	288	224	246	305	285	292	320	309	311	312	293	329	317	297	302	323	329	317	300	307	215	202	212	293	290	
305	339	338	337	336	314	315	316	318	341	358	338	335	336	348	352	359	346	335	337	329	336	4	285	163	201	102	321	234	152	61	52	9	308	320	325	337	339	326	323	324	287	306	293	331	290	251	215	229	240	237	235	232	184	320	310	304	
304	339	337	336	337	336	334	316	318	359	356	338	333	333	342	343	356	349	351	114	159	195	214	196	195	241	230	318	56	168	130	42	324	308	316	329	340	338	314	334	333	302	298	284	268	219	175	222	249	287	284	274	356	150	318	319	320	
338	339	336	337	338	337	335	333	340	359	351	337	335	333	339	341	346	8	47	71	343	342	340	296	283	282	269	169	66	51	193	39	337	296	296	308	332	334	342	322	28	282	259	240	214	153	246	314	322	321	302	282	1	19	326	296	340	
340	342	338	340	341	339	336	336	345	355	338	336	336	334	333	344	336	22	11	339	340	343	341	345	347	328	300	252	140	87	310	38	331	303	301	284	293	333	356	18	41	288	279	249	332	347	332	319	327	316	305	359	350	339	338	352	1	
338	340	339	342	342	338	336	338	344	356	339	332	338	344	345	341	344	351	6	359	357	0	352	341	346	340	345	331	171	196	271	319	320	319	319	325	314	314	2	42	65	317	309	317	315	337	325	314	320	327	327	324	342	336	351	12	17	
334	340	341	340	340	338	338	339	1	17	330	323	348	352	353	340	342	345	7	14	10	5	0	5	9	339	350	354	353	345	309	317	319	338	315	327	335	323	354	76	86	51	287	295	307	302	309	320	323	323	344	357	331	328	358	21	32	
333	339	340	340	341	340	340	355	316	315	317	322	356	354	353	346	336	353	10	18	20	13	9	15	6	358	349	343	13	356	324	324	330	326	316	315	338	336	9	89	91	296	291	283	276	286	297	308	322	298	315	338	325	330	330	24	38	
336	340	354	356	343	342	357	316	317	317	320	330	1	353	353	351	333	344	14	19	17	17	16	15	5	6	358	331	343	356	319	318	329	334	316	296	317	348	72	94	57	314	310	306	297	296	275	264	250	231	253	294	353	328	324	8	26	
339	353	6	350	342	1	314	317	317	318	321	350	6	5	319	354	331	342	14	11	8	12	12	10	7	5	1	335	351	344	326	316	311	326	341	315	305	349	88	52	11	309	307	306	304	305	306	269	238	309	285	297	324	328	318	350	12	
344	348	354	329	342	351	0	351	315	317	350	3	324	321	321	323	327	341	13	6	9	11	11	14	14	7	353	345	350	344	337	341	309	301	336	350	340	26	85	39	355	344	18	286	293	299	290	281	310	321	319	284	218	231	260	281	268	
326	333	347	339	341	342	339	344	311	348	1	357	327	322	321	334	338	342	1	358	8	11	6	7	7	358	347	347	346	342	344	356	341	297	303	355	16	111	110	60	39	83	109	276	284	302	320	324	310	296	251	224	283	286	336	288	2	
300	300	352	349	336	337	349	356	357	3	356	4	324	323	322	342	340	350	350	346	10	7	3	359	359	355	354	354	341	340	347	356	354	322	302	334	108	117	164	167	133	182	264	293	294	294	308	301	265	194	258	272	301	318	285	268	252	
299	300	302	332	328	341	355	3	3	360	355	350	346	316	319	349	351	2	322	333	9	5	0	357	358	0	359	350	341	340	346	356	359	346	324	93	101	81	332	272	333	326	332	332	314	284	239	209	195	291	279	301	279	235	214	290	288	
263	299	300	302	303	341	349	6	360	358	354	340	330	359	0	317	353	319	346	324	4	2	360	359	358	360	354	347	345	342	342	352	2	359	3	99	80	44	346	341	329	329	339	348	332	307	306	262	322	317	288	285	272	348	300	343	341	
237	300	259	255	256	255	263	1	2	353	347	342	337	316	7	358	352	316	352	326	355	2	359	359	3	359	354	352	351	344	341	349	6	8	58	59	40	15	339	330	322	328	4	25	337	327	329	330	316	337	308	294	286	340	318	341	358	
299	300	255	268	259	258	262	266	271	352	344	346	346	1	4	353	351	18	322	317	342	1	359	1	1	356	354	355	357	345	346	359	0	13	48	32	20	5	341	327	311	325	18	46	29	315	321	328	318	335	342	317	293	287	278	264	202	
300	254	262	257	266	262	264	269	271	273	310	348	355	353	2	354	353	312	348	316	322	359	359	2	2	2	5	2	353	355	359	356	353	5	29	23	13	0	4	309	316	335	32	64	24	307	318	325	328	323	338	354	330	348	343	290	302	
302	264	260	271	300	305	305	278	274	259	241	263	306	302	222	314	351	11	307	314	322	0	7	14	18	23	16	6	6	23	27	12	348	346	20	25	9	9	356	340	318	352	58	34	329	316	306	314	340	344	344	13	1	354	349	307	358	
270	295	291	302	306	310	307	306	275	258	233	245	211	295	250	303	350	5	350	331	339	9	22	21	18	30	11	11	21	13	11	347	352	336	11	14	8	3	353	344	321	7	42	1	348	346	322	304	329	16	13	334	338	355	6	356	347	
308	309	308	307	311	315	309	307	311	248	233	235	182	197	287	256	219	234	333	337	351	19	24	14	14	17	9	10	17	14	349	344	346	339	345	6	356	356	0	347	335	23	15	352	350	350	332	309	338	70	333	325	336	358	17	7	348	
306	339	304	300	301	305	302	302	305	255	240	255	148	225	251	240	237	248	245	269	357	14	17	13	27	22	20	21	14	358	357	348	346	345	334	354	356	358	6	358	359	11	3	351	358	344	326	320	4	73	319	326	343	351	10	13	15	
225	301	295	286	284	288	293	240	242	251	275	247	137	246	270	246	259	273	265	268	267	10	18	19	20	20	12	13	12	6	1	351	349	346	332	341	358	13	24	21	21	4	354	355	358	347	321	336	60	342	316	331	349	331	16	24	47	
305	156	202	191	228	232	224	240	306	309	329	172	111	299	283	290	283	264	285	269	256	262	17	14	7	6	6	11	357	357	352	352	350	344	341	337	4	21	15	19	12	350	343	352	353	348	325	351	27	328	317	332	352	314	353	24	35	
155	105	301	298	295	203	250	294	297	289	230	151	310	304	307	318	307	296	276	253	286	284	3	10	6	4	9	11	357	353	359	351	348	349	346	341	360	10	0	0	4	346	336	350	352	349	334	1	21	327	319	334	7	336	349	355	22	
198	190	107	291	202	167	206	252	257	220	152	281	281	306	302	313	309	305	328	317	324	287	298	5	5	19	25	11	360	354	0	359	352	351	347	342	350	360	353	347	3	356	346	343	343	350	342	5	359	351	350	332	357	2	342	1	50	
315	207	150	158	173	189	206	227	244	223	359	322	316	303	298	315	329	317	332	319	324	309	300	337	352	23	5	0	356	358	1	354	352	351	346	343	346	353	347	339	359	5	351	336	329	338	346	353	347	355	357	334	348	7	352	7	34	
320	215	133	136	157	201	283	230	262	272	17	313	308	314	316	310	307	307	317	313	321	309	284	334	325	5	0	3	1	4	359	352	352	353	347	343	343	348	346	339	348	9	351	341	335	325	330	338	338	355	350	334	348	19	359	9	38	
330	218	115	96	95	306	235	244	310	286	243	323	300	305	302	290	259	313	259	294	307	304	296	332	323	334	355	7	3	2	358	353	353	354	346	342	341	343	343	340	341	16	355	342	338	332	326	322	324	338	350	340	354	11	0	13	27	
227	218	152	93	38	301	297	296	305	291	280	325	311	313	271	319	298	294	287	284	288	289	281	288	321	320	341	359	358	2	359	353	354	355	346	341	339	338	339	339	338	1	349	340	346	346	336	324	322	321	328	344	356	355	0	15	13	
128	201	187	108	144	210	289	286	296	281	275	294	316	322	323	310	301	319	293	294	287	273	287	285	313	323	338	342	339	359	4	356	355	356	345	339	335	336	335	337	336	349	352	351	360	352	338	328	326	324	321	330	352	351	6	16	3	
103	201	258	84	49	307	216	291	298	277	279	288	289	300	319	313	315	312	307	320	274	287	264	240	239	262	333	316	318	329	356	358	353	352	345	339	336	334	331	333	333	335	0	1	357	350	338	331	327	326	326	335	355	358	10	354	351	
359	335	287	111	23	314	275	279	302	295	296	289	268	267	271	283	284	316	307	300	286	264	240	240	262	266	274	318	319	319	346	351	349	348	344	338	333	331	329	328	325	331	357	359	354	347	340	333	327	326	330	342	2	334	340	346	349	
338	328	341	203	42	309	298	295	299	287	283	281	282	285	269	252	256	262	275	278	266	243	255	264	268	265	265	290	319	319	330	344	347	345	341	332	326	326	328	321	317	317	339	357	354	346	341	334	327	323	333	354	329	333	337	342	352	
330	152	250	248	225	35	285	285	278	272	276	282	283	274	267	274	288	276	274	264	250	264	273	276	261	249	251	321	279	304	319	328	336	335	327	324	322	325	331	318	318	320	318	345	349	347	341	333	326	322	331	358	329	333	335	340	350	
86	107	280	292	279	62	314	302	309	302	287	274	260	253	255	263	262	260	266	271	269	271	274	257	321	313	317	324	267	288	319	318	328	325	318	317	316	330	330	317	318	319	320	321	335	339	333	323	323	328	330	352	328	332	334	338	350	
102	350	307	328	228	345	315	317	322	316	287	325	260	300	257	287	288	292	277	277	270	267	277	259	325	316	319	276	328	262	268	296	319	317	312	310	318	334	327	317	308	319	320	321	332	319	316	320	317	337	327	331	352	330	333	337	349	
23	336	311	290	212	315	311	319	330	332	348	344	337	333	329	321	309	293	274	276	271	280	271	273	325	317	277	328	266	263	268	269	279	299	305	318	313	326	325	317	318	307	320	320	330	320	321	323	325	342	327	326	333	328	331	335	348	
4	324	316	328	314	312	300	298	321	329	324	335	336	317	309	332	325	329	315	285	286	279	293	298	325	317	320	329	280	272	273	275	273	266	286	291	305	317	325	316	317	307	306	319	324	320	321	324	301	333	325	327	328	337	330	334	347	
36	345	307	320	323	312	300	282	273	287	312	320	309	323	329	331	314	319	311	303	279	288	290	298	307	312	313	295	281	262	279	276	274	264	279	286	292	303	317	317	317	302	302	319	321	320	307	302	306	327	324	327	329	329	329	332	345	
78	335	298	308	318	319	295	268	250	228	234	260	287	314	315	329	324	308	302	265	330	328	291	259	279	280	277	270	274	273	259	257	260	267	268	272	277	289	297	295	295	296	292	295	311	322	321	324	325	324	313	326	309	329	329	344	343	
28	325	304	304	309	318	314	330	247	241	298	282	281	314	302	320	317	314	330	333	331	336	272	330	238	261	267	263	270	252	252	261	270	261	264	264	266	269	267	317	260	256	272	282	304	320	324	320	330	323	325	326	327	312	330	331	334	
348	321	306	301	282	281	337	345	349	324	289	279	270	267	265	270	287	287	301	328	326	310	287	223	314	313	284	283	275	319	264	243	252	254	263	263	268	275	318	264	265	266	268	284	279	284	298	321	337	322	324	326	327	328	330	330	329	
336	300	291	292	290	276	292	341	344	334	323	319	286	274	281	275	268	282	262	276	301	316	230	328	317	316	321	293	261	256	247	290	259	261	257	318	267	281	254	256	274	274	276	319	277	278	279	282	293	329	321	325	321	319	323	328	328	
335	311	308	320	324	323	300	310	353	329	328	330	336	335	304	294	313	303	305	267	242	242	256	328	322	323	329	265	235	247	252	260	286	264	315	280	270	277	255	274	268	317	317	279	281	280	284	286	293	322	322	323	325	327	332	329	325	
316	314	318	323	326	325	311	304	336	343	334	314	318	320	314	294	278	281	285	282	334	298	291	326	320	323	337	207	290	271	266	260	263	257	260	271	272	278	318	256	275	272	271	317	318	320	321	322	291	323	323	309	323	324	313	313	315	
290	312	299	304	315	318	320	321	324	339	345	299	299	302	318	314	316	315	314	313	308	291	298	298	309	307	177	316	280	269	257	259	259	314	314	317	323	280	319	267	260	260	268	272	317	318	320	322	325	283	324	280	322	316	309	306	306	
226	261	274	291	306	305	287	267	278	306	348	311	307	326	313	338	325	303	314	313	306	300	297	273	261	238	203	310	269	322	324	297	327	330	332	332	334	276	212	235	247	244	267	272	277	316	318	320	288	261	329	328	329	327	323	315	310	
307	261	267	259	247	239	312	306	299	272	295	316	328	325	317	334	312	314	274	284	267	285	275	278	264	268	291	318	324	331	330	331	335	336	337	338	343	278	167	234	249	253	265	273	267	271	274	276	323	258	333	333	336	335	330	321	315	
322	309	289	288	289	295	334	332	320	288	290	303	336	321	332	336	318	308	330	298	296	297	290	287	295	293	300	319	314	334	330	327	327	338	335	322	308	190	173	221	247	264	264	242	246	256	251	322	270	257	329	329	332	334	330	324	321	
312	306	311	305	307	317	324	328	324	325	310	302	321	335	359	334	327	341	342	335	336	316	339	341	335	328	326	324	327	331	326	323	317	319	288	184	179	166	176	242	274	283	281	321	261	258	257	251	260	259	325	322	325	329	327	325	325	
337	296	290	285	272	265	272	306	306	314	324	315	313	327	345	334	321	340	337	334	343	344	342	340	335	333	333	332	321	318	322	322	315	6	174	186	159	160	356	307	311	301	292	325	284	290	330	265	266	285	266	324	325	327	325	324	325	
349	277	266	252	259	292	290	275	277	299	308	304	272	261	315	325	312	330	331	324	337	338	339	334	329	326	330	332	328	317	314	312	290	103	12	171	168	215	328	316	313	309	335	307	326	324	301	281	269	272	272	269	326	327	326	328	331	
50	304	300	313	322	306	318	307	309	281	261	262	290	298	284	268	266	319	318	325	335	318	331	319	318	321	319	323	326	316	302	181	183	176	58	329	322	321	319	307	304	318	312	310	303	305	300	287	268	268	272	281	308	327	324	328	334	
322	322	316	311	302	295	298	318	341	354	304	345	328	325	339	327	315	287	286	293	332	311	315	314	308	315	314	308	305	211	203	165	182	227	193	323	316	316	238	294	289	297	289	267	256	249	254	263	261	267	277	287	295	326	323	324	328	
297	327	344	291	292	302	306	305	321	353	356	342	331	331	345	337	329	326	314	305	326	304	270	303	300	290	287	226	164	183	218	198	123	226	259	53	310	307	246	264	274	274	255	257	249	241	261	266	266	276	290	299	296	329	328	326	326	
283	308	11	298	299	308	312	311	295	289	338	336	328	324	334	319	311	319	321	300	192	204	231	241	240	246	237	175	118	308	314	254	128	217	243	194	349	39	293	285	291	290	270	268	257	323	293	267	259	278	298	300	326	310	329	330	332	
280	315	5	326	298	298	305	312	315	312	311	332	318	301	309	310	291	284	265	192	224	299	232	240	283	318	265	174	141	173	313	237	134	203	269	222	194	23	314	302	311	307	306	284	286	307	276	230	308	314	288	288	300	308	325	328	333	
280	326	356	334	305	297	302	311	323	332	311	262	196	225	252	269	248	246	229	180	293	302	257	305	330	304	286	184	326	215	248	328	130	216	235	225	170	314	306	300	311	328	317	311	305	274	166	263	307	272	268	278	288	301	311	324	327	
326	327	341	331	321	313	306	300	304	310	320	8	251	293	292	282	205	277	289	160	298	301	308	319	320	316	331	216	322	312	314	240	333	285	237	202	168	300	301	303	311	317	308	267	248	204	334	283	308	249	267	277	279	284	288	292	300	
290	311	332	325	317	323	326	303	310	17	15	49	313	297	289	265	291	288	287	131	295	266	303	296	255	191	251	198	170	133	155	221	235	316	202	195	205	310	306	304	306	290	247	260	287	237	337	275	271	291	278	284	276	266	271	273	277	
301	275	289	315	311	325	299	322	314	347	67	357	320	321	300	297	303	308	224	327	294	295	293	244	213	239	250	141	268	225	341	270	237	196	113	316	318	314	311	319	315	271	260	328	281	278	328	313	318	325	313	291	280	269	271	270	289	
303	308	291	259	238	252	340	335	327	35	19	343	325	331	330	320	312	271	180	306	293	296	297	207	242	263	283	144	279	278	100	309	245	244	334	324	325	318	313	308	264	285	306	297	259	287	318	317	318	316	313	296	286	274	270	265	267	
297	311	328	288	293	299	281	321	358	24	359	326	340	328	326	323	310	297	177	220	296	301	268	305	268	286	215	339	305	297	175	184	234	263	324	322	327	326	326	320	323	325	328	0	356	314	308	316	316	311	311	310	281	258	247	259	260	
291	314	346	316	313	314	294	291	16	5	3	346	336	338	329	322	335	347	168	311	304	289	272	267	308	286	359	55	330	329	112	227	308	316	320	316	320	331	340	343	338	341	347	23	350	326	315	304	306	320	296	250	233	243	267	267	269	
293	323	338	309	305	310	304	307	6	4	4	340	321	351	48	62	345	352	357	318	314	332	330	320	318	287	344	0	338	353	71	323	317	301	321	314	309	321	327	321	326	338	357	8	335	330	327	309	299	272	253	292	335	334	329	315	306	
308	317	347	287	270	287	280	286	31	25	320	335	349	50	330	335	341	348	343	324	319	338	335	324	327	334	334	340	348	20	12	333	320	317	312	303	298	295	309	295	294	312	354	348	326	334	319	317	330	340	339	336	337	337	335	327	318	
292	299	345	326	280	241	221	252	25	333	323	318	352	340	331	334	342	343	342	327	316	335	336	327	332	341	338	340	347	357	354	339	321	301	288	296	288	267	267	272	294	311	0	302	313	338	307	308	315	328	336	334	321	333	333	329	324	
