autotest/output/original/cli_wxModelInitialization_diurnal_local_model/mackay_07-13-2013_1800_393m_ang.asc
ncols	57
nrows	71
xllcorner	279635.000000
yllcorner	4850745.000000
cellsize	393.466398
NODATA_value	-9999.000000
252	250	249	247	244	244	248	249	248	244	239	237	237	224	218	224	218	226	237	244	257	222	230	243	255	275	254	221	210	213	221	236	246	249	266	286	253	222	229	248	273	286	254	239	252	295	316	317	307	288	285	283	274	266	258	253	252	
253	252	250	248	248	249	249	248	242	239	242	240	237	231	228	226	228	232	238	241	231	223	240	239	244	247	232	220	216	220	226	245	251	254	260	266	257	232	243	254	262	270	259	251	253	269	284	287	281	276	281	275	266	261	258	254	252	
255	254	253	252	253	252	250	245	241	239	243	244	241	239	239	238	241	243	246	241	226	225	248	248	242	235	223	233	244	239	237	247	254	248	251	261	271	280	264	262	254	255	273	283	260	252	248	243	244	265	264	259	255	254	256	254	251	
254	254	255	255	253	252	251	245	248	242	247	248	245	244	245	246	250	250	246	244	236	248	259	254	252	242	232	245	257	258	249	246	245	243	251	267	267	283	270	259	249	254	269	289	268	252	247	252	260	253	256	252	251	252	252	250	248	
254	255	256	253	253	252	251	249	242	245	249	248	245	245	246	246	253	251	245	249	248	255	264	259	255	256	254	256	259	260	269	257	254	259	269	269	250	251	266	239	237	246	260	273	271	251	242	255	270	266	258	250	247	246	248	248	245	
254	255	256	257	253	252	251	249	247	250	250	248	246	245	246	255	251	246	237	247	248	252	259	262	268	276	281	264	252	268	278	264	257	265	260	257	235	229	247	238	236	246	248	252	261	246	240	257	269	272	268	254	247	240	263	265	264	
254	255	257	257	253	252	251	249	249	252	252	247	246	252	252	245	245	248	239	244	245	246	250	255	261	272	276	284	263	259	276	275	266	262	264	270	245	227	220	220	232	243	248	250	248	233	242	260	261	255	245	238	247	239	263	249	239	
254	255	257	257	253	252	251	249	251	253	252	251	250	251	256	257	238	247	244	238	232	233	240	243	246	256	260	265	284	268	276	287	280	266	255	258	271	211	214	209	222	241	246	254	252	247	251	251	246	238	231	232	249	244	240	237	247	
254	255	256	256	253	252	250	249	250	253	253	251	249	248	255	248	245	250	255	255	242	240	237	229	232	244	243	245	263	279	283	291	280	264	242	241	236	204	183	213	228	243	252	252	246	246	263	249	240	230	222	228	225	235	231	228	239	
254	255	256	257	252	251	250	249	251	256	253	258	248	249	250	248	247	250	261	256	261	255	246	238	239	237	240	244	252	261	278	288	271	254	249	239	222	208	233	203	243	254	259	258	249	246	274	264	243	236	223	230	239	254	247	242	241	
254	255	257	257	257	251	250	250	256	259	252	256	249	251	250	256	247	249	259	259	263	264	251	248	249	244	241	241	241	249	269	262	249	245	249	239	221	203	178	204	249	262	270	260	251	267	277	283	266	251	259	259	245	250	248	254	245	
254	255	256	258	258	257	255	255	258	257	257	252	250	251	251	257	248	246	257	261	262	263	258	256	252	247	249	244	231	247	245	245	232	240	236	231	205	196	190	220	256	261	248	244	255	263	269	268	260	258	266	279	262	240	244	248	252	
254	255	256	258	257	256	256	259	256	251	246	246	250	254	258	259	249	246	259	262	258	256	257	258	256	253	256	250	243	252	246	235	238	235	228	221	210	182	198	246	262	252	244	240	252	254	251	247	244	262	260	261	269	265	255	252	249	
256	257	258	258	257	257	258	254	252	255	253	249	252	255	258	249	248	247	260	257	257	259	259	265	262	261	257	249	247	249	242	234	241	244	224	223	208	192	217	256	254	252	242	251	255	249	249	245	249	245	248	245	255	263	260	244	234	
257	258	260	260	260	260	260	259	257	255	256	255	255	257	257	246	247	247	255	254	262	259	258	259	261	262	256	251	251	248	241	237	235	238	223	214	214	217	258	269	260	255	261	264	254	252	246	241	242	250	248	249	264	255	245	227	219	
257	258	261	262	262	262	261	259	258	258	258	259	254	253	248	246	247	247	253	251	262	259	260	257	259	258	256	256	252	248	245	241	239	232	218	199	210	234	272	287	272	270	266	268	261	262	263	252	240	244	258	264	249	249	244	231	220	
257	258	260	262	262	262	262	261	260	260	260	261	262	260	257	255	248	256	252	250	256	258	259	259	261	257	257	256	251	247	245	242	242	234	220	202	215	243	264	265	276	271	263	249	246	253	259	250	240	255	263	251	239	243	238	229	213	
258	259	260	262	263	263	264	265	263	262	261	261	261	260	259	258	257	258	252	250	262	257	257	257	258	260	257	254	251	248	245	242	243	233	220	211	225	246	257	263	274	239	227	230	239	241	242	244	251	257	252	241	225	229	240	224	216	
259	258	258	261	263	265	267	268	267	265	263	261	260	259	260	260	259	259	260	261	262	263	256	255	256	257	258	256	255	248	244	241	242	228	223	230	239	248	250	248	242	239	210	232	241	243	245	241	230	227	234	230	219	242	232	233	228	
257	256	255	257	261	264	267	270	271	267	264	262	261	261	261	261	260	259	260	261	261	262	262	255	255	254	253	253	253	250	255	245	244	234	233	236	239	242	243	246	242	218	203	229	244	249	240	235	232	227	224	222	222	237	243	231	244	
254	253	252	255	259	261	264	269	272	269	265	263	262	262	264	264	262	261	261	261	260	260	260	261	261	254	253	253	251	249	248	249	245	240	244	246	247	245	248	248	235	211	209	235	257	259	247	239	223	218	217	218	225	236	238	224	214	
252	249	250	262	265	265	268	270	268	268	266	263	261	261	266	268	265	263	263	261	258	258	259	259	259	259	255	253	251	253	255	252	247	240	248	254	255	252	252	248	237	216	216	248	257	249	249	249	235	222	227	233	223	232	233	227	217	
249	247	248	260	263	262	263	263	261	263	264	263	260	261	267	270	269	269	266	262	258	258	258	258	257	257	257	252	252	253	253	249	246	242	259	259	257	253	254	249	234	208	231	251	245	244	241	242	223	231	237	246	229	226	236	232	222	
248	247	250	258	257	254	261	256	257	256	260	259	254	261	267	268	271	274	273	266	261	258	258	257	256	256	256	255	252	251	249	246	245	244	248	258	261	254	255	249	232	226	245	247	242	247	244	238	205	222	245	251	244	222	233	238	240	
251	253	257	254	253	251	253	251	253	257	256	252	246	264	266	266	266	271	276	273	265	261	258	257	256	256	255	255	252	250	248	246	245	246	247	254	258	260	263	253	241	241	249	248	243	250	245	229	206	226	254	241	229	213	233	239	243	
252	255	260	259	256	257	257	259	257	257	252	239	239	264	270	273	273	273	270	274	269	264	259	256	255	255	254	254	255	249	248	247	246	246	245	248	254	258	263	260	257	253	251	248	245	251	242	222	219	241	242	235	227	228	252	251	247	
251	253	255	255	255	256	258	265	262	254	246	232	241	266	269	268	272	268	263	265	270	267	261	257	255	254	253	253	254	254	247	246	245	246	245	245	252	258	260	258	258	254	249	249	247	251	239	209	230	250	241	225	224	244	239	252	253	
252	253	253	255	256	253	261	265	262	254	242	246	263	262	266	265	265	258	256	256	265	267	261	258	256	254	254	254	254	253	253	253	245	246	245	245	249	253	254	254	256	250	246	255	252	252	238	220	240	247	239	225	229	233	247	249	254	
254	254	253	254	257	256	263	270	268	254	242	262	283	271	260	259	254	247	254	257	261	259	257	257	256	254	254	254	253	253	252	252	252	252	253	244	247	250	251	251	254	253	250	252	256	258	243	240	247	245	239	230	227	235	235	239	237	
260	262	249	255	256	260	263	271	274	276	257	263	273	283	278	259	250	247	249	251	251	247	250	254	255	255	255	254	253	252	252	252	252	252	252	253	254	255	249	248	250	252	251	250	251	253	252	253	250	251	247	238	227	238	238	239	237	
254	251	252	249	256	260	264	269	273	277	277	260	263	267	260	252	246	245	262	252	245	242	245	251	253	255	255	254	253	252	252	252	252	252	252	253	253	254	255	255	255	255	252	248	246	247	250	255	255	258	261	247	238	245	242	241	242	
259	253	246	247	255	258	260	266	269	270	276	273	268	262	253	251	250	255	263	264	247	245	245	250	253	254	255	255	254	253	252	252	252	252	252	252	253	254	254	254	253	254	251	246	244	244	246	249	251	267	269	252	245	250	248	244	245	
270	260	261	252	259	255	255	266	263	260	265	278	279	253	250	250	249	256	258	256	253	248	248	250	252	252	253	254	255	254	253	252	252	252	252	252	252	253	253	253	253	255	256	254	252	253	245	245	256	259	261	259	257	257	255	253	252	
255	272	269	258	266	271	263	266	263	259	267	285	269	252	247	243	237	240	251	249	248	247	249	251	253	253	253	253	254	254	253	253	252	252	252	252	252	252	252	253	253	255	255	253	253	253	253	253	253	253	254	254	255	254	253	252	251	
256	277	267	253	258	269	274	271	266	258	264	270	267	260	262	252	244	252	249	247	245	246	248	251	254	254	253	253	253	253	253	253	252	252	252	252	251	251	252	252	253	253	253	253	253	253	252	251	251	251	250	250	250	250	250	249	249	
258	275	267	255	249	257	267	274	267	262	258	256	257	263	266	253	250	259	250	240	238	245	247	251	253	254	254	253	252	252	252	252	252	252	252	251	251	251	251	251	251	252	252	253	253	252	251	251	250	249	249	248	248	248	248	247	247	
254	263	256	302	268	251	254	269	267	262	260	256	254	252	253	257	257	264	257	251	246	246	248	250	250	253	255	254	252	251	251	251	251	251	251	251	250	250	250	250	250	251	251	252	252	252	251	250	249	248	247	247	247	247	247	247	246	
247	248	258	264	274	263	254	267	263	264	262	256	250	250	253	257	253	253	254	252	253	254	249	248	248	252	256	256	253	251	251	251	251	251	250	250	249	249	249	249	249	249	250	250	251	251	250	249	248	247	247	246	246	246	246	246	246	
245	250	271	269	261	261	264	266	255	253	250	250	256	259	265	265	262	258	256	250	249	251	248	245	246	251	254	254	252	251	251	251	250	250	250	249	249	249	249	249	249	249	249	249	249	249	249	248	247	246	246	246	246	246	245	245	245	
248	261	273	263	249	264	274	261	239	237	235	245	251	257	259	255	265	263	256	250	249	251	248	243	245	257	251	250	250	251	251	251	250	250	249	249	249	248	248	248	248	248	248	248	248	248	248	247	246	246	246	246	246	245	245	245	245	
242	259	262	255	268	278	272	276	252	233	220	235	240	244	246	250	253	255	256	250	246	245	246	244	247	254	249	247	247	249	250	250	250	250	249	249	248	248	248	248	248	248	247	247	247	247	247	246	246	245	245	245	245	245	245	245	244	
237	244	257	251	269	275	271	265	269	260	248	236	229	227	226	234	241	247	244	239	242	244	245	248	248	249	244	245	245	247	249	249	250	250	249	249	248	248	248	248	248	247	247	247	247	247	246	246	245	245	245	245	245	245	245	244	244	
245	251	251	260	259	259	254	254	262	258	269	270	259	239	234	230	231	235	232	225	239	245	243	240	250	252	250	246	245	248	249	249	249	250	249	249	248	248	248	248	247	247	247	247	246	246	246	245	245	245	245	244	244	244	244	244	244	
254	260	267	266	246	247	240	249	254	254	265	277	276	261	243	244	238	242	232	237	244	244	243	246	252	252	250	249	248	248	249	249	249	250	249	249	249	248	248	248	247	247	247	247	246	246	245	245	244	244	244	244	244	244	243	243	243	
252	258	268	271	248	237	228	241	242	248	267	272	274	268	252	258	251	240	230	235	237	238	239	244	247	251	251	249	248	248	249	249	250	250	249	249	249	248	248	248	248	247	247	247	247	246	245	245	244	244	244	244	243	243	243	243	243	
244	253	258	256	256	258	246	233	236	252	259	260	263	279	263	261	253	252	252	250	238	238	238	240	255	255	253	251	246	247	247	249	250	250	250	249	248	248	247	247	247	247	247	247	246	246	246	245	245	244	244	244	243	243	243	242	242	
246	255	253	250	249	257	257	240	233	239	244	244	244	247	252	249	243	252	256	253	249	244	240	240	253	254	250	243	245	248	247	248	248	248	249	249	248	247	247	247	247	247	247	246	246	246	246	245	244	244	244	243	243	243	242	242	242	
244	256	254	248	249	244	244	249	254	243	235	231	228	231	232	234	245	242	243	244	245	255	253	242	251	247	239	239	253	256	248	248	247	247	249	249	248	247	247	247	247	247	247	246	246	245	245	245	244	244	243	243	243	243	242	242	242	
249	247	244	236	236	231	237	238	259	262	248	238	238	233	222	227	243	244	245	244	240	247	254	247	248	244	236	237	253	252	253	249	248	249	252	251	249	247	247	247	247	248	248	247	246	246	245	244	244	244	243	243	242	243	244	244	242	
260	266	270	260	250	244	242	250	238	265	259	252	243	235	228	226	240	242	244	243	239	241	244	249	251	246	239	243	252	248	253	256	248	256	249	250	247	245	246	247	248	249	249	249	248	246	245	244	244	243	242	243	243	243	246	245	241	
263	270	281	276	265	256	253	258	264	250	264	256	240	236	227	237	234	240	239	239	243	243	241	246	246	243	243	248	253	249	249	250	250	248	244	241	239	239	243	248	250	250	251	250	249	247	246	245	243	241	240	241	241	239	240	239	235	
260	264	273	270	263	253	246	253	257	268	274	265	242	237	230	238	240	242	245	248	248	249	244	242	241	241	244	252	256	252	252	247	230	230	237	230	235	236	242	248	251	252	252	251	251	249	247	245	243	240	237	237	236	234	237	237	236	
257	264	263	262	258	248	243	240	248	257	263	263	249	238	230	238	249	240	239	245	254	245	241	240	240	249	254	255	248	238	236	238	240	239	240	241	239	238	243	249	253	255	251	249	250	250	248	245	244	241	239	239	238	236	238	240	248	
247	253	252	246	249	239	256	250	244	237	239	244	243	239	232	239	240	232	234	241	238	240	240	242	243	246	257	256	241	235	239	238	237	238	240	241	240	239	241	255	262	262	248	245	246	247	247	245	244	243	243	244	242	240	241	243	244	
243	245	246	249	252	259	265	275	269	246	235	230	239	247	245	246	243	232	236	228	222	232	236	239	241	232	227	230	235	236	245	241	235	234	239	239	239	239	244	250	260	253	248	253	248	244	242	242	243	244	244	243	242	241	243	245	246	
236	244	248	248	247	250	254	260	270	262	252	244	246	253	260	263	252	247	245	240	233	233	224	227	238	241	240	237	234	233	240	240	239	237	237	236	240	250	245	251	251	242	237	240	235	243	241	241	243	244	243	243	242	242	243	245	245	
230	241	245	244	240	236	233	232	239	241	239	239	247	250	252	260	262	263	261	252	247	244	241	243	244	244	249	246	244	242	239	239	241	243	239	235	247	252	251	254	249	237	233	236	246	246	245	243	243	244	244	243	242	242	244	245	245	
228	232	235	232	242	241	248	232	224	219	219	233	248	239	237	244	251	256	259	254	253	254	254	254	251	249	248	246	245	244	242	239	241	243	242	239	245	243	255	258	259	249	242	245	250	247	248	246	244	245	244	243	242	242	244	245	245	
209	213	234	236	238	245	242	236	238	233	222	235	230	227	229	234	237	238	236	240	251	255	257	258	255	252	250	244	240	241	243	241	242	250	242	244	246	245	244	265	266	257	247	250	242	243	250	244	246	246	244	243	242	241	241	242	242	
211	205	230	242	236	240	234	224	228	238	243	242	242	239	240	247	247	243	242	241	246	253	255	257	255	252	247	240	241	243	249	241	249	251	243	244	252	240	246	261	260	251	249	246	246	248	240	243	248	249	246	244	242	240	239	240	241	
210	209	230	248	242	240	229	218	213	222	239	248	250	249	250	256	255	250	247	242	242	251	253	254	248	251	241	236	241	245	252	245	241	252	250	251	251	247	247	259	252	246	239	237	238	241	238	253	256	250	248	247	243	241	241	242	242	
212	229	240	254	246	235	224	218	228	234	237	240	248	251	253	252	247	246	245	240	243	252	253	251	239	239	238	234	238	249	249	245	240	252	252	247	249	250	256	261	247	235	232	237	240	237	239	256	254	249	251	249	245	242	241	240	240	
239	245	260	258	251	237	228	229	230	231	231	234	243	253	251	246	245	251	242	237	249	258	254	245	240	239	240	236	241	244	245	243	240	251	246	249	249	258	268	272	252	240	237	239	243	234	239	257	248	253	252	249	243	240	239	236	235	
262	268	275	269	262	242	232	228	228	225	225	232	245	250	246	243	252	251	239	236	252	268	257	248	242	244	243	244	251	246	243	248	243	246	250	254	257	258	268	260	245	237	236	242	244	231	239	256	248	249	248	241	237	236	236	233	232	
263	266	274	273	269	261	248	240	230	226	227	236	247	242	242	249	257	242	236	238	254	263	251	242	243	252	240	238	251	243	246	256	258	240	236	254	258	264	258	242	235	232	235	242	236	244	238	248	252	241	232	231	231	231	233	230	229	
252	247	248	260	267	272	266	244	232	226	233	241	238	243	239	253	245	238	239	240	256	260	242	239	248	245	237	239	253	243	247	248	256	256	250	251	255	263	250	242	237	236	247	236	234	245	248	253	239	234	229	229	228	229	232	230	226	
239	234	231	243	255	262	263	249	230	233	239	242	243	240	241	239	238	246	241	243	266	256	237	240	256	238	231	242	248	246	256	257	261	243	247	254	240	229	231	237	234	239	226	222	233	252	259	247	240	231	227	228	232	233	235	229	222	
232	229	227	240	247	239	234	230	234	240	241	246	248	246	244	241	243	246	237	255	264	246	236	240	249	233	227	239	251	246	249	255	262	262	267	249	244	236	223	226	222	223	217	214	230	246	241	240	238	232	235	236	239	240	243	226	213	
241	231	236	242	238	228	229	226	231	243	249	255	248	245	254	245	246	244	233	255	253	231	232	247	238	229	230	237	250	234	247	254	262	247	241	230	237	242	242	237	230	227	218	222	234	228	228	231	228	229	233	228	230	230	231	225	219	
246	242	258	250	245	236	233	230	238	253	259	259	257	257	262	251	247	251	247	252	233	217	230	233	224	226	237	236	240	249	249	256	251	224	218	230	233	238	248	252	249	242	236	243	244	240	236	224	213	218	223	227	218	227	225	224	236	
245	250	270	267	247	234	230	228	244	265	267	263	267	274	263	257	258	253	246	252	226	217	231	220	216	224	222	245	242	242	256	260	228	221	222	230	233	234	238	246	249	248	252	261	262	260	247	225	214	215	220	222	220	223	228	227	240	
