autotest/output/original/cli_wxModelInitialization_diurnal_local_model/mackay_07-14-2013_1200_393m_vel.asc
ncols	57
nrows	71
xllcorner	279635.000000
yllcorner	4850745.000000
cellsize	393.466398
NODATA_value	-9999.000000
[rows 0 to 52 of 71, columns 0 to 56 of 57]
9.30 9.98 10.67 10.72 11.10 11.53 12.63 12.58 12.89 11.80 12.37 14.02 16.38 15.76 17.60 21.47 18.66 20.63 21.27 15.46 11.81 14.07 17.15 18.73 12.40 9.08 10.15 12.92 15.73 18.00 17.95 18.18 10.89 9.43 9.17 5.72 5.67 10.50 14.05 16.40 10.07 8.78 11.00 13.31 16.76 7.18 4.09 3.36 3.97 6.98 5.72 7.20 7.65 8.32 8.65 9.44 9.83
8.63 9.35 10.26 10.42 10.56 12.28 12.70 12.86 15.40 15.43 15.06 15.46 16.55 16.92 17.60 19.87 20.36 19.79 21.18 17.57 13.31 17.49 15.46 18.76 15.95 12.50 11.18 11.13 11.86 15.85 16.60 16.83 11.79 8.79 7.73 8.06 5.10 7.52 11.59 15.58 10.25 8.42 8.61 12.38 16.40 10.46 7.91 6.65 6.01 7.87 5.06 7.07 7.78 8.11 7.97 8.41 8.84
7.89 8.49 9.41 9.85 11.49 11.93 12.46 14.58 14.25 14.28 14.32 14.26 14.39 13.91 13.40 13.98 15.86 16.65 16.85 18.20 14.02 13.04 14.07 13.50 14.49 13.17 10.87 8.34 6.39 9.72 13.00 18.01 11.41 9.80 11.12 7.84 4.67 4.31 6.77 11.80 9.70 8.55 5.53 5.40 13.14 12.78 10.52 9.93 9.28 6.97 6.63 7.40 7.37 7.64 7.39 6.91 6.93
7.78 8.27 8.93 9.35 11.40 11.83 12.09 13.88 11.58 13.72 13.71 13.76 13.45 12.81 12.22 11.81 12.84 14.97 15.52 15.89 13.41 8.29 8.96 10.08 10.96 9.82 9.30 9.64 6.60 4.98 7.52 14.19 20.52 13.15 11.11 9.44 7.25 5.59 7.07 11.93 12.26 8.29 7.09 4.20 8.76 11.44 8.76 7.69 8.04 9.86 8.94 7.17 7.40 7.71 8.13 7.27 6.86
7.58 8.10 8.78 10.89 11.28 11.72 11.89 11.90 13.11 13.40 13.31 13.62 13.19 12.51 12.00 11.29 10.95 13.56 13.31 11.71 11.80 9.80 8.71 8.53 9.87 8.35 6.60 11.42 8.16 6.01 4.21 10.77 16.71 14.53 10.94 9.09 11.06 10.43 8.94 15.43 15.41 10.57 9.25 4.63 6.19 9.75 9.66 7.64 6.11 6.14 7.12 8.13 8.15 8.47 9.23 8.67 8.27
7.39 7.92 8.63 8.92 11.19 11.61 11.75 11.65 11.60 11.62 13.22 13.16 12.74 12.00 11.51 8.27 10.52 12.41 14.09 11.31 12.32 12.95 10.71 8.27 9.91 7.64 4.51 5.37 10.60 8.16 5.38 8.48 14.34 17.18 12.63 11.53 18.17 15.50 10.99 9.29 16.37 15.51 9.84 5.81 6.26 7.55 9.95 9.25 5.75 4.82 5.20 6.07 6.49 9.56 7.47 5.17 5.65
7.29 7.82 8.50 8.79 11.09 11.47 11.58 11.45 11.58 11.57 11.48 12.67 12.49 10.02 9.41 10.69 10.07 7.77 12.21 14.71 15.94 17.31 15.58 11.58 11.15 8.96 5.83 3.32 5.46 10.96 7.38 6.69 9.57 16.27 8.09 7.04 10.73 15.38 16.10 12.12 11.58 20.79 13.44 8.76 7.59 7.64 10.96 11.11 8.26 8.11 8.74 9.50 7.56 11.08 7.37 9.66 9.02
7.27 7.78 8.45 8.74 11.09 11.42 11.46 11.42 11.56 11.61 11.38 10.96 10.92 10.30 8.57 8.08 10.38 8.91 9.47 15.69 18.66 21.42 23.12 18.69 17.85 14.30 8.36 5.47 4.62 7.07 9.18 6.18 8.74 16.46 11.96 8.07 5.79 10.98 14.63 16.84 14.97 17.44 17.32 9.90 8.01 8.72 13.25 12.08 13.32 11.90 10.34 8.22 8.91 12.06 13.10 11.93 8.03
7.30 7.77 8.45 8.75 11.14 11.36 11.34 11.31 11.44 11.65 11.46 10.55 10.79 10.96 8.88 10.42 9.93 9.06 7.93 7.70 11.28 13.91 18.07 21.98 24.05 24.55 14.93 9.77 6.51 7.45 7.52 6.90 10.18 12.38 18.61 14.04 12.13 9.24 9.38 13.68 13.52 18.43 20.52 12.13 12.96 13.27 9.64 15.02 13.16 12.44 13.11 13.20 15.06 14.19 15.09 16.24 12.22
7.31 7.71 8.33 8.70 11.07 11.20 11.19 11.18 11.33 11.46 11.47 8.85 10.84 11.15 11.17 10.59 9.87 9.38 6.23 9.19 7.15 10.02 13.38 15.90 17.10 22.92 26.49 15.51 11.48 12.53 9.21 6.30 11.25 13.74 15.15 14.85 15.06 11.77 8.02 8.18 12.57 14.18 17.90 13.59 10.57 9.17 9.09 10.79 13.33 12.76 12.46 13.70 13.05 8.31 8.34 14.13 16.74
7.37 7.72 8.24 8.54 8.81 11.08 11.10 11.31 9.07 11.20 10.47 9.01 11.09 11.29 11.23 8.89 9.87 9.58 6.91 8.42 7.38 7.53 11.07 12.80 15.28 17.32 21.67 24.88 20.93 19.84 14.10 12.44 13.01 13.58 11.83 9.72 11.23 11.01 8.60 8.20 11.88 14.05 14.60 12.12 9.49 8.41 6.40 4.40 6.50 7.57 5.44 6.51 12.60 9.76 7.75 9.67 14.34
7.44 7.77 8.26 8.47 8.63 8.90 9.05 9.14 9.20 11.66 9.61 9.31 11.32 11.19 11.00 8.75 10.02 9.64 7.24 7.02 7.98 7.98 9.83 11.01 13.67 15.48 16.03 19.92 20.97 18.96 21.73 16.38 14.16 14.65 13.38 9.33 9.02 8.83 9.00 8.69 10.93 15.68 20.75 13.92 9.36 10.12 4.42 3.10 5.23 6.57 5.14 4.34 7.19 12.05 8.85 9.61 11.64
7.55 7.85 8.43 8.67 8.69 8.87 9.04 10.83 11.72 10.76 10.63 11.32 11.50 11.35 8.85 8.58 9.81 9.65 7.32 7.29 9.22 10.63 10.47 10.34 11.43 13.50 14.50 16.12 16.22 16.30 18.77 17.67 13.10 11.59 14.69 13.62 10.79 8.96 9.53 10.59 12.48 15.73 13.87 20.97 13.24 9.49 8.00 5.55 7.66 6.82 6.85 6.40 4.48 5.91 6.86 7.35 8.72
7.66 7.76 8.26 8.69 8.75 8.84 8.91 11.30 10.98 9.25 9.16 11.37 11.42 9.55 9.26 10.13 9.63 9.80 7.47 9.52 9.39 9.14 10.46 7.91 10.12 11.73 13.96 14.99 14.94 15.83 17.10 19.90 15.85 10.08 10.84 13.75 13.12 9.02 8.24 10.85 13.92 10.42 13.40 17.00 14.82 10.98 7.88 6.97 7.21 10.84 9.14 6.99 5.71 5.54 5.81 6.49 7.13
7.94 7.77 7.84 8.23 8.34 8.37 8.45 8.70 9.09 9.06 8.93 8.96 9.21 11.70 9.66 10.62 10.88 10.19 10.01 9.60 7.23 9.41 10.78 10.63 10.62 10.93 12.15 13.21 13.68 14.12 15.41 17.66 20.66 13.44 8.21 8.52 10.15 9.02 6.65 9.07 9.01 13.19 11.73 14.06 18.34 9.35 9.00 10.80 9.65 8.68 5.01 7.13 5.03 6.39 8.41 8.56 8.78
8.38 8.17 7.89 7.90 7.91 7.88 8.00 8.37 8.74 8.88 8.75 8.59 10.75 11.60 11.29 11.03 11.20 10.90 10.35 9.51 7.15 9.49 9.40 10.50 10.23 10.47 10.96 11.92 12.54 12.09 12.83 14.08 18.05 17.58 12.38 9.24 9.89 11.21 9.79 6.48 8.18 9.53 8.61 11.28 12.74 8.57 8.48 9.05 8.52 8.55 6.91 5.05 7.81 7.86 6.73 5.92 6.43
8.78 8.55 8.17 8.01 7.92 7.78 7.72 7.98 8.35 8.57 8.59 8.36 7.90 8.23 9.02 9.05 10.84 8.75 10.74 9.19 9.29 9.50 9.43 9.20 8.71 10.26 10.85 11.50 11.79 11.58 11.57 11.82 13.98 18.02 14.53 11.39 11.02 13.81 12.97 8.28 7.62 10.85 13.64 19.59 21.20 9.68 3.54 6.51 7.66 8.33 5.95 7.68 6.73 4.86 7.38 6.00 6.76
9.26 8.82 8.26 8.03 7.83 7.67 7.42 7.40 7.77 8.15 8.32 8.38 7.98 7.82 8.25 8.53 8.38 8.37 10.69 9.25 7.19 9.53 9.56 9.46 9.27 8.94 10.30 10.66 10.95 10.99 10.80 10.68 11.55 14.98 13.91 13.54 12.33 13.98 16.33 11.84 11.06 19.12 18.70 19.40 21.31 17.72 12.38 7.71 8.25 7.74 8.04 7.72 7.57 10.29 7.50 8.40 10.31
9.92 9.29 8.68 8.42 7.85 7.57 7.25 6.86 7.05 7.49 7.88 8.15 8.08 7.92 8.09 8.31 8.17 8.17 8.39 7.89 7.26 7.22 9.58 9.68 9.69 9.55 9.25 9.21 9.52 10.93 10.53 10.25 10.79 12.28 13.06 15.33 15.41 16.09 19.47 21.57 17.50 11.48 15.33 12.96 18.78 21.52 17.37 12.64 13.13 14.80 12.51 10.92 9.04 6.95 9.92 8.47 8.26
10.38 9.78 9.32 9.33 8.63 7.82 7.40 6.63 6.29 6.81 7.36 7.68 7.73 7.67 7.82 8.06 8.01 8.10 8.42 8.03 7.36 7.30 7.40 9.65 9.81 9.99 9.97 9.89 9.96 9.95 7.94 9.94 9.90 10.04 9.98 13.65 16.00 17.11 18.30 19.44 15.60 11.77 15.67 12.11 15.53 18.83 22.68 19.34 14.67 13.66 17.19 14.51 11.28 8.63 8.69 7.46 4.16
10.34 10.07 9.72 9.92 9.58 8.58 8.13 7.19 6.02 6.27 7.02 7.42 7.53 7.46 7.35 7.47 7.58 7.79 8.32 8.21 7.59 7.43 7.49 7.46 7.43 9.80 10.04 10.20 10.14 10.13 10.41 10.52 10.46 9.94 8.96 10.47 11.97 13.86 15.56 18.77 16.57 13.34 16.09 9.91 13.14 16.76 16.55 16.87 17.73 15.44 16.71 18.88 14.07 10.16 8.45 9.61 9.22
9.94 10.10 10.32 9.88 8.75 7.73 7.59 6.32 6.65 6.12 6.63 7.11 7.40 7.58 7.22 6.69 6.87 7.28 7.84 8.09 7.75 7.58 7.61 7.62 7.63 7.71 10.13 10.43 10.67 10.53 10.24 10.50 10.66 9.85 8.94 9.50 10.29 11.96 13.86 17.33 15.03 11.88 11.62 12.57 15.89 20.72 15.82 12.68 14.92 17.22 13.49 13.26 20.06 13.08 11.96 10.49 9.19
9.44 9.90 10.98 11.02 9.17 8.33 8.50 7.58 7.97 6.77 6.62 6.86 7.12 7.73 7.50 6.25 5.90 6.34 6.94 7.50 7.58 7.66 7.80 7.93 8.05 8.16 8.24 10.66 10.79 10.90 10.95 11.03 10.72 9.67 6.78 8.27 10.04 10.79 11.99 15.62 14.60 15.34 11.56 15.78 17.37 18.87 20.59 12.61 10.89 11.65 12.98 11.00 16.11 19.36 14.69 10.86 8.85
8.85 9.36 10.86 12.59 8.13 9.11 8.03 9.03 7.50 8.07 7.34 7.18 7.43 8.17 7.84 6.24 5.55 5.32 5.50 6.35 7.06 7.54 7.89 8.07 8.20 8.36 8.41 8.45 10.82 11.13 11.39 11.12 10.72 10.02 9.40 8.35 7.92 9.17 9.74 13.56 14.66 14.53 13.57 15.02 15.51 16.57 19.87 15.28 11.91 11.63 13.05 12.03 10.65 17.04 17.80 11.57 8.66
8.23 8.28 9.16 12.36 11.12 10.68 11.12 9.65 8.42 7.07 8.28 7.67 7.96 9.45 8.52 6.67 6.50 6.01 5.02 5.23 6.28 7.14 7.77 8.09 8.22 8.47 8.64 8.57 10.80 11.00 11.14 11.08 10.84 10.44 9.35 8.59 7.77 7.18 6.89 10.05 12.83 13.20 12.46 13.31 14.34 15.85 17.32 14.55 12.95 12.93 15.76 14.19 13.13 15.10 12.64 19.14 18.76
8.26 7.92 8.06 9.26 9.65 9.35 9.68 8.30 8.43 7.73 9.16 8.34 8.42 10.06 7.31 5.09 5.64 5.81 6.73 5.49 5.71 6.57 7.41 8.09 8.39 8.63 8.89 8.92 8.78 11.06 11.09 11.05 10.89 10.62 9.71 9.24 8.58 7.84 7.49 8.09 8.87 11.44 11.58 12.43 13.00 14.42 15.59 12.65 17.03 13.51 18.47 14.12 13.79 11.01 7.75 15.38 20.25
8.74 8.67 9.04 9.81 10.21 9.97 9.58 7.57 8.04 8.58 9.31 8.56 9.15 11.14 7.24 6.48 5.87 6.49 6.62 6.73 5.69 6.02 6.94 7.80 8.38 8.64 8.82 9.02 8.98 8.89 11.26 11.20 11.02 10.84 10.40 9.96 9.58 8.76 8.65 8.89 10.52 11.67 10.92 10.72 11.43 13.16 14.39 15.07 15.69 17.73 16.89 15.38 17.10 10.58 11.29 14.12 16.65
8.95 8.95 9.26 11.18 11.50 10.72 9.47 6.70 8.23 8.96 8.63 7.45 7.96 12.51 7.78 6.85 6.62 7.46 7.63 8.64 6.74 6.31 6.80 7.43 7.94 8.35 8.55 8.75 8.93 8.91 8.90 8.96 11.19 11.09 10.91 10.59 10.35 9.86 9.77 9.47 9.54 11.59 10.47 8.40 9.69 11.33 13.17 13.32 13.43 17.39 17.23 14.89 17.82 15.21 11.01 11.71 13.25
9.22 8.87 8.65 9.26 10.58 10.02 9.71 5.49 5.28 7.04 8.60 8.10 5.19 7.89 10.64 8.34 7.90 8.45 8.38 8.40 7.02 7.38 7.24 7.52 7.72 8.14 8.51 8.73 8.90 8.96 8.93 8.96 9.00 8.94 8.83 10.86 10.65 10.32 10.05 9.43 9.12 9.83 10.00 9.21 8.13 8.22 10.99 10.36 12.01 14.20 17.99 15.54 16.00 18.70 15.76 13.88 17.96
8.27 7.76 8.91 9.80 10.19 10.26 9.74 7.94 4.65 3.84 8.13 10.91 7.11 5.08 4.59 9.37 9.44 9.27 10.02 10.05 9.28 8.48 7.78 7.90 7.94 8.06 8.44 8.78 8.92 9.00 9.03 9.03 9.05 9.03 8.93 8.73 8.44 8.18 10.34 9.77 9.57 9.84 10.47 10.03 8.95 8.44 8.58 8.83 9.75 8.97 14.21 15.93 14.25 16.20 16.23 14.80 17.52
10.33 9.23 9.15 10.53 11.90 11.83 10.29 8.87 6.03 5.02 5.45 8.87 13.12 7.82 9.24 9.33 8.31 7.76 7.34 10.60 10.28 9.45 8.35 8.19 8.20 8.04 8.08 8.39 8.71 8.91 9.02 9.05 9.02 9.03 8.97 8.81 8.58 8.38 8.28 8.07 7.69 7.70 10.58 10.74 10.28 9.38 8.76 8.10 7.45 7.35 8.79 12.02 10.80 12.44 15.28 14.94 16.94
9.60 9.18 8.27 10.06 12.68 13.90 12.49 10.20 6.89 5.68 5.59 5.41 9.15 8.41 7.97 6.66 8.17 7.91 7.04 6.90 8.65 9.02 8.53 8.23 8.27 8.18 8.06 8.10 8.36 8.68 8.91 8.99 8.97 9.00 8.99 8.88 8.68 8.49 8.37 8.29 8.02 7.98 10.74 11.06 11.11 10.64 9.61 8.61 7.99 5.47 5.70 9.28 10.07 11.11 12.48 14.39 16.15
9.34 8.42 6.70 7.71 11.47 13.70 15.47 12.16 8.25 9.18 7.80 6.70 8.04 8.91 8.96 8.48 8.31 8.21 6.71 7.11 7.93 8.17 8.28 8.18 8.29 8.35 8.32 8.23 8.18 8.30 8.59 8.83 8.90 8.96 9.00 8.94 8.80 8.62 8.45 8.35 8.11 7.96 8.19 8.39 8.42 8.53 10.51 9.67 7.63 7.03 6.67 7.08 7.75 8.42 9.54 11.79 13.35
12.29 8.46 6.10 7.40 9.70 9.81 11.74 14.19 8.61 9.19 7.69 5.87 7.96 9.53 11.34 9.74 9.77 10.51 8.73 7.95 8.37 8.29 8.21 8.01 8.00 8.20 8.38 8.41 8.33 8.28 8.40 8.63 8.79 8.90 8.99 8.98 8.89 8.78 8.61 8.44 8.15 7.72 7.74 8.06 8.28 8.49 8.64 8.57 8.37 8.17 7.96 7.84 8.10 8.73 9.56 11.03 12.01
13.04 9.69 7.00 7.22 11.44 9.28 8.63 12.42 6.61 9.92 9.18 7.10 6.22 6.05 7.33 9.27 9.18 9.31 7.88 7.70 8.65 8.49 8.27 7.95 7.78 7.97 8.29 8.49 8.54 8.50 8.48 8.57 8.68 8.78 8.87 8.91 8.87 8.81 8.68 8.50 8.28 7.96 7.85 8.11 8.43 8.62 8.73 8.75 8.68 8.63 8.63 8.70 8.94 9.36 9.93 10.77 11.28
13.59 9.50 7.57 6.04 8.99 14.13 10.54 9.62 6.68 7.45 8.14 7.13 7.05 6.21 4.09 5.77 5.97 7.40 9.30 9.19 8.19 8.61 8.51 8.44 8.16 7.96 8.06 8.34 8.52 8.58 8.59 8.61 8.65 8.71 8.78 8.84 8.84 8.82 8.76 8.66 8.52 8.35 8.21 8.23 8.37 8.57 8.74 8.84 8.87 8.87 8.92 9.01 9.23 9.60 10.14 10.76 11.06
12.75 8.42 9.25 2.10 5.67 9.21 16.09 8.17 5.94 6.20 6.02 6.24 6.75 6.61 7.04 6.64 7.67 5.12 5.92 7.73 8.24 8.62 8.79 8.90 8.67 8.15 7.80 7.97 8.36 8.59 8.67 8.70 8.73 8.77 8.82 8.88 8.91 8.93 8.93 8.90 8.83 8.66 8.44 8.33 8.39 8.55 8.74 8.90 9.00 9.03 9.07 9.22 9.48 9.79 10.19 10.66 10.90
11.20 12.66 8.66 6.82 5.40 5.64 11.17 11.31 6.51 5.14 5.71 6.33 6.66 5.78 6.98 5.50 6.57 5.99 6.21 5.98 6.02 6.38 8.82 8.85 8.80 8.38 7.71 7.61 8.10 8.53 8.71 8.79 8.85 8.91 8.96 9.01 9.05 9.09 9.11 9.12 9.10 8.99 8.82 8.66 8.58 8.64 8.78 8.93 9.08 9.20 9.26 9.38 9.60 9.85 10.16 10.55 10.77
10.20 11.65 8.88 6.14 6.71 6.15 8.87 13.29 9.54 7.70 7.50 5.90 4.26 4.42 3.47 3.81 4.17 5.65 6.13 6.72 6.73 6.75 8.77 9.01 9.33 9.25 8.66 8.10 8.07 8.40 8.65 8.79 8.91 8.99 9.04 9.09 9.14 9.19 9.24 9.26 9.26 9.21 9.12 9.02 8.95 8.92 8.97 9.08 9.21 9.35 9.44 9.48 9.63 9.86 10.13 10.47 10.64
10.89 11.33 8.09 7.32 7.07 7.00 8.47 12.23 17.45 13.38 9.78 7.09 6.32 5.55 5.35 7.27 4.27 4.68 5.65 6.77 6.69 6.70 7.05 9.19 9.81 7.78 9.53 8.72 8.32 8.38 8.58 8.70 8.85 8.98 9.07 9.13 9.20 9.26 9.32 9.36 9.37 9.35 9.30 9.25 9.22 9.23 9.24 9.29 9.36 9.45 9.54 9.57 9.64 9.82 10.08 10.39 10.56
11.15 13.08 9.28 8.04 5.04 6.69 9.29 6.45 11.27 16.78 15.12 11.53 10.10 9.32 8.45 7.70 6.89 6.00 5.61 6.96 7.42 7.56 7.43 9.20 9.59 7.92 10.13 9.29 8.84 8.70 8.70 8.69 8.77 8.91 9.05 9.14 9.21 9.27 9.35 9.41 9.44 9.43 9.41 9.39 9.38 9.41 9.43 9.46 9.50 9.57 9.65 9.68 9.68 9.76 9.97 10.29 10.46
9.03 12.11 13.44 9.71 6.52 7.39 7.34 5.75 5.51 7.97 10.92 16.00 17.80 15.39 14.04 11.52 9.51 8.63 8.66 9.57 9.72 9.23 9.47 7.51 9.28 9.92 9.57 10.11 9.38 9.00 8.94 8.88 8.83 8.86 8.99 9.12 9.20 9.26 9.31 9.38 9.44 9.44 9.44 9.45 9.46 9.51 9.55 9.58 9.61 9.65 9.70 9.75 9.77 9.77 9.88 10.15 10.32
7.30 8.37 12.14 12.54 10.09 8.89 7.69 6.36 6.15 5.23 5.44 5.87 8.55 13.48 13.77 14.10 13.82 13.73 12.64 10.88 8.38 9.25 7.92 8.77 8.80 8.86 9.41 9.66 9.34 9.01 8.90 8.89 8.89 8.89 8.92 9.02 9.12 9.21 9.27 9.33 9.40 9.42 9.43 9.45 9.48 9.55 9.61 9.63 9.65 9.70 9.75 9.79 9.83 9.86 9.90 10.07 10.21
8.37 7.47 8.10 9.51 13.83 12.40 9.17 9.00 5.43 7.08 6.27 4.74 4.65 7.51 11.25 10.89 13.77 11.26 10.80 7.72 8.46 8.53 7.51 8.65 6.54 6.65 6.84 8.66 8.92 8.85 8.81 8.83 8.85 8.86 8.84 8.89 9.00 9.10 9.17 9.23 9.32 9.37 9.38 9.40 9.44 9.51 9.60 9.66 9.69 9.74 9.79 9.81 9.84 9.89 9.94 10.05 10.13
10.67 9.73 8.84 6.06 9.20 11.69 10.74 10.54 10.40 9.35 6.76 5.04 5.52 6.02 8.80 6.92 9.37 10.25 11.15 8.95 9.06 9.23 8.37 7.18 8.99 8.78 8.53 8.64 8.88 8.95 8.82 8.74 8.67 8.74 8.82 8.83 8.88 9.01 9.11 9.17 9.24 9.29 9.33 9.34 9.36 9.42 9.52 9.61 9.66 9.69 9.77 9.82 9.85 9.90 9.94 10.01 10.06
10.77 11.32 8.72 7.54 7.16 6.68 9.10 14.87 13.88 11.08 7.80 6.53 6.37 2.84 5.44 4.99 5.84 7.10 7.35 8.72 10.83 10.65 10.53 9.95 7.71 7.03 6.94 7.00 9.28 9.31 9.08 8.84 8.63 8.62 8.66 8.73 8.89 9.09 9.25 9.30 9.33 9.33 9.35 9.34 9.31 9.31 9.35 9.44 9.55 9.66 9.77 9.80 9.78 9.85 9.93 9.98 10.02
8.05 9.69 9.29 9.42 9.30 7.47 7.22 9.36 15.18 19.81 12.61 10.49 8.63 8.59 8.06 6.46 8.62 7.50 6.40 7.45 7.66 8.53 9.54 10.39 8.53 7.57 7.68 8.03 9.17 9.02 9.17 9.32 9.19 8.97 8.90 8.81 8.93 9.09 9.25 9.37 9.42 9.41 9.39 9.39 9.36 9.33 9.36 9.42 9.52 9.60 9.67 9.74 9.74 9.78 9.83 9.91 9.98
8.93 11.01 10.79 9.81 8.62 10.55 9.37 7.58 7.61 13.78 20.77 17.25 13.94 11.79 11.00 10.63 7.40 8.87 9.21 7.54 8.02 5.78 7.04 10.26 10.07 8.44 9.61 8.13 7.14 6.46 8.93 9.25 9.27 9.17 9.12 8.96 8.76 8.91 9.12 9.26 9.30 9.30 9.30 9.32 9.37 9.42 9.46 9.46 9.45 9.47 9.54 9.61 9.54 9.53 9.61 9.76 9.88
9.36 12.86 15.29 16.24 14.88 14.26 11.54 9.20 7.40 7.35 12.70 17.15 15.07 14.50 13.19 8.87 7.76 8.82 6.21 8.10 10.11 8.15 6.06 9.59 10.28 11.07 11.06 10.75 8.20 7.14 6.35 8.52 8.69 8.40 8.06 8.19 8.48 8.79 9.02 9.15 9.17 9.09 9.04 9.11 9.23 9.31 9.35 9.35 9.37 9.40 9.44 9.48 9.47 9.25 8.81 8.81 9.07
6.69 6.02 6.62 8.63 10.12 10.77 10.48 8.57 10.12 6.24 7.56 11.15 11.84 10.79 12.01 11.51 8.41 8.08 7.70 7.75 10.13 10.64 9.79 8.78 8.18 8.59 9.45 10.09 7.81 7.50 6.65 5.86 8.29 6.83 9.01 8.74 8.73 8.95 9.04 8.89 8.77 8.75 8.70 8.70 8.86 9.03 9.16 9.27 9.35 9.39 9.34 9.10 8.81 8.78 8.49 8.16 8.33
8.65 6.74 1.27 4.37 5.31 6.96 7.53 6.80 5.67 7.54 6.38 9.48 13.94 12.26 11.16 11.97 11.68 11.28 11.06 10.88 10.09 9.69 8.76 9.22 8.61 8.35 8.65 9.32 7.46 8.22 8.67 8.28 8.35 9.25 10.05 9.93 10.63 9.66 9.26 8.87 8.46 8.41 8.48 8.45 8.48 8.67 8.90 9.09 9.24 9.40 9.62 9.68 9.46 9.82 10.35 9.80 9.35
12.97 10.45 5.61 4.66 5.13 6.92 9.05 7.73 7.63 5.65 5.28 7.02 13.45 12.08 11.45 11.35 10.08 8.49 7.80 7.24 5.49 5.37 9.03 9.73 9.97 9.54 9.38 9.11 7.11 8.26 9.27 9.43 12.33 13.40 12.08 13.36 11.47 10.15 9.39 9.02 8.49 8.12 8.14 8.09 8.00 8.18 8.51 8.81 9.07 9.43 10.09 10.98 11.53 11.63 11.59 10.82 10.08
12.60 9.85 6.86 6.03 6.34 8.04 10.25 12.32 10.09 7.19 7.31 6.71 9.10 11.20 11.53 11.96 8.36 11.22 11.38 9.22 5.84 8.21 9.57 9.86 10.26 8.58 7.95 8.61 8.57 12.34 14.76 13.01 11.03 10.36 9.62 9.56 9.95 9.67 9.27 8.86 8.18 7.77 8.18 8.49 8.14 7.91 8.21 8.64 8.95 9.23 9.67 10.19 10.65 10.71 10.78 10.58 8.06
