autotest/output/original/cli_wxModelInitialization_diurnal_local_model/mackay_07-14-2013_0300_393m_vel.asc
ncols	57
nrows	71
xllcorner	279635.000000
yllcorner	4850745.000000
cellsize	393.466398
NODATA_value	-9999.000000
[rows 0 to 52 of 71, columns 0 to 56 of 57]
2.93 1.98 3.15 3.16 2.51 3.65 3.05 3.19 4.14 2.85 3.11 3.54 3.78 3.62 3.56 4.53 3.25 4.47 5.33 6.45 6.96 3.34 5.25 6.10 6.80 7.61 6.61 3.46 2.84 1.34 0.57 3.22 3.65 3.61 4.82 5.08 2.18 2.09 1.94 6.09 8.67 10.83 8.57 7.20 9.27 11.52 13.46 13.00 11.58 10.55 7.82 11.27 7.24 10.14 7.90 5.30 5.01
3.08 3.17 3.22 2.84 3.05 3.33 3.95 4.11 4.21 4.25 4.31 4.44 4.62 4.76 5.64 4.77 5.33 5.26 5.68 5.89 6.80 6.90 5.78 5.96 5.58 6.30 6.91 3.01 3.88 2.35 1.45 3.46 4.23 3.53 4.29 6.56 3.70 3.28 4.71 7.16 7.91 9.54 6.89 7.36 8.95 9.33 11.82 11.24 9.83 9.02 10.36 11.53 5.40 5.71 4.45 4.69 4.54
3.20 3.25 3.36 3.32 3.84 3.93 4.01 4.12 4.15 4.12 4.65 4.72 5.05 6.42 6.45 6.39 6.30 6.51 6.52 6.26 6.40 6.99 4.99 6.11 5.10 5.08 4.48 3.44 3.96 4.01 3.10 4.41 4.58 3.02 1.69 5.67 5.06 2.99 5.41 7.87 6.06 7.91 9.98 9.21 7.23 10.50 9.59 9.00 8.93 5.56 9.86 9.95 9.47 7.46 6.72 6.84 9.86
3.31 3.06 3.24 3.67 3.88 3.95 4.02 4.07 4.05 4.00 4.45 5.26 4.98 6.23 6.40 6.35 6.32 6.71 7.00 6.55 5.94 5.55 4.99 4.64 4.28 4.66 2.80 2.54 2.92 3.95 3.26 3.41 3.50 3.49 1.71 6.23 5.61 1.95 7.06 7.93 4.93 4.61 8.43 7.54 5.92 5.61 6.70 7.04 2.41 4.07 8.91 2.14 5.15 3.41 3.75 4.59 6.34
3.49 3.58 3.78 4.02 4.20 3.96 4.02 4.04 3.97 4.82 5.27 4.93 5.41 5.67 7.12 7.44 6.67 7.07 6.88 5.50 4.90 4.05 3.87 0.38 2.54 4.39 3.52 3.46 1.30 2.47 3.87 2.98 0.24 5.35 8.35 8.91 7.62 7.80 8.97 7.00 4.42 10.17 5.29 9.12 8.42 4.32 4.97 10.12 7.96 8.15 7.35 5.05 4.06 2.61 4.18 6.09 7.25
3.67 3.74 4.03 4.35 4.42 4.58 4.83 4.02 3.93 5.66 5.61 5.39 5.58 5.78 7.13 7.34 7.32 6.47 6.08 4.97 2.85 2.37 3.00 3.10 2.70 3.75 2.86 2.81 3.32 1.30 2.27 3.27 4.32 8.69 9.94 8.22 7.44 7.67 11.51 4.62 3.28 4.38 3.83 3.15 6.87 8.07 8.03 5.45 5.99 5.63 5.98 5.72 3.95 1.10 6.03 6.87 6.60
4.09 3.92 4.37 4.55 4.54 4.73 5.04 5.32 5.06 5.65 6.43 5.80 5.88 6.06 7.83 7.60 7.58 6.58 4.39 2.62 4.29 4.16 3.82 1.31 1.75 3.60 3.48 2.92 3.50 2.09 0.28 3.26 3.90 8.96 7.28 8.84 9.16 5.85 5.31 8.90 6.33 3.01 2.66 3.12 5.98 1.46 0.49 9.43 10.57 9.70 9.30 6.41 4.81 2.29 8.24 8.07 5.64
4.14 4.06 4.49 4.54 4.61 4.93 5.30 5.45 5.15 5.94 5.76 6.09 5.93 6.01 6.08 7.60 7.06 6.71 5.81 5.41 5.38 5.39 5.77 5.73 3.69 4.72 3.18 1.80 2.44 1.93 3.38 1.09 5.35 9.31 7.18 8.15 11.31 11.08 9.32 4.22 6.94 1.81 2.98 4.77 6.56 7.08 9.97 11.75 10.17 10.12 7.62 6.36 7.84 10.03 9.31 6.11 4.74
4.68 4.47 4.66 4.74 4.97 5.32 5.58 5.59 5.42 5.91 5.86 6.39 6.24 7.26 6.93 6.87 7.38 5.30 6.50 6.50 6.14 6.34 6.50 5.08 5.40 5.30 4.47 1.96 0.76 0.87 2.02 8.27 11.43 10.56 9.05 8.39 9.91 9.96 7.35 7.87 6.22 2.65 6.42 8.51 10.13 8.47 9.79 9.91 8.77 8.74 10.72 11.58 9.19 9.34 6.90 5.40 4.98
5.13 4.80 4.97 5.13 5.37 5.64 5.82 5.81 6.50 5.18 5.60 6.73 7.60 6.92 6.48 6.95 7.78 5.39 6.36 6.33 6.14 6.45 6.66 6.22 6.30 4.96 4.97 5.45 4.99 3.35 6.51 12.10 11.34 13.37 8.69 11.55 8.77 7.28 6.52 8.78 6.14 2.25 7.47 7.75 8.16 10.80 10.02 9.98 7.55 11.18 9.92 5.85 6.20 5.34 10.48 5.03 5.58
5.39 5.09 5.26 5.43 5.62 5.83 5.99 6.31 4.17 4.74 4.86 4.27 7.00 6.47 6.75 6.87 8.00 7.73 6.28 6.20 6.98 7.04 6.99 6.63 6.12 6.29 6.39 7.72 8.66 8.61 11.34 12.11 9.34 8.51 11.55 8.64 7.88 5.86 6.54 8.79 4.81 3.89 8.41 6.31 3.26 6.49 8.82 8.22 8.61 8.25 8.65 3.47 4.95 4.98 9.84 5.40 6.05
5.59 5.27 5.68 5.84 5.73 6.00 6.25 4.25 4.78 5.21 4.79 7.11 6.68 6.98 7.24 6.85 7.02 8.35 6.57 6.15 6.47 7.32 7.54 7.57 7.65 8.34 8.30 8.18 8.17 11.57 10.61 11.62 10.44 11.25 9.54 8.74 6.56 4.96 11.43 8.44 3.37 8.17 8.19 4.41 4.67 8.23 11.68 8.59 9.57 10.67 9.72 12.38 9.85 4.49 11.13 10.79 9.95
5.67 5.46 4.56 4.94 6.14 5.70 4.50 4.90 5.33 5.07 4.25 7.71 6.95 5.02 4.54 6.77 7.83 8.80 6.56 6.57 7.11 7.55 7.85 8.31 8.28 8.06 9.10 8.72 10.68 10.51 11.19 9.17 9.88 9.89 9.89 8.42 5.99 5.44 9.26 3.89 5.75 8.07 4.28 3.52 7.49 8.15 5.43 6.52 4.61 6.75 10.98 7.64 9.30 7.92 9.61 9.06 10.49
6.00 6.12 6.01 5.64 6.70 5.40 6.88 7.55 4.99 4.34 8.72 7.28 4.34 4.73 5.23 5.07 6.98 9.18 6.82 7.44 7.87 7.46 7.79 8.55 8.71 9.14 10.24 10.92 10.61 10.85 10.60 9.36 9.40 9.43 9.42 8.42 4.87 6.36 8.21 5.08 6.95 6.90 3.38 5.09 8.39 6.12 5.72 8.08 7.72 7.82 3.89 5.75 8.04 7.89 10.31 5.83 7.35
6.08 6.74 6.81 6.68 7.04 7.14 7.32 8.20 4.38 8.52 7.30 6.42 4.77 5.38 5.43 8.81 7.40 9.55 7.00 8.41 7.58 7.66 7.85 8.92 9.56 10.26 10.31 10.00 10.50 10.73 9.47 10.70 9.66 8.04 7.24 5.76 6.08 11.34 6.53 4.38 3.61 3.22 2.60 6.86 9.00 6.87 6.55 6.85 10.42 8.27 9.78 7.07 4.68 9.54 5.29 9.87 4.39
4.98 4.96 6.61 7.07 7.35 7.53 8.05 8.17 7.12 7.18 7.70 7.78 5.20 5.45 5.13 10.73 6.55 8.75 7.06 9.86 8.15 8.09 8.58 9.19 9.73 9.92 9.51 9.52 10.55 10.01 9.37 10.38 6.89 9.29 5.53 3.76 12.43 6.93 2.76 4.42 4.00 2.27 1.57 4.04 9.53 7.72 10.00 6.09 6.96 8.18 5.50 9.48 10.00 4.11 9.46 8.30 9.29
5.05 5.01 4.93 7.12 7.65 8.13 7.69 7.05 6.62 7.71 7.78 8.73 10.50 4.57 4.31 10.06 9.56 8.44 4.82 11.33 8.09 8.34 8.62 9.21 9.66 9.44 9.33 9.62 10.45 10.05 9.84 10.34 6.34 9.11 5.28 5.20 9.13 4.25 1.56 0.47 4.75 12.17 12.75 10.43 7.76 5.23 7.86 9.17 4.83 5.81 12.24 9.03 9.10 7.01 5.17 2.70 5.19
4.51 5.02 4.90 4.74 4.63 6.48 7.32 7.02 6.99 8.25 8.36 9.70 7.99 10.41 8.10 4.16 9.57 4.39 7.70 4.37 8.87 8.32 8.77 8.99 8.65 9.38 9.37 9.85 9.97 9.67 8.96 9.91 6.74 9.35 8.23 10.20 7.40 5.28 5.67 7.52 14.56 15.25 10.80 6.21 4.04 3.27 2.70 4.25 8.67 10.41 12.28 9.26 6.89 4.44 5.03 7.77 7.09
5.33 4.98 4.73 4.91 5.20 4.40 5.42 7.10 7.64 8.21 9.44 9.96 8.88 3.98 7.15 8.19 9.20 4.22 7.20 9.28 9.80 8.52 8.48 8.45 8.74 8.68 9.43 9.40 8.36 8.50 8.59 9.16 9.48 7.10 9.70 9.16 8.66 9.00 11.02 12.78 13.78 10.86 9.58 5.01 3.61 6.03 9.37 12.10 14.36 10.64 10.02 8.53 6.70 6.32 8.48 5.68 5.01
5.05 4.86 3.92 4.11 5.25 4.90 5.56 6.88 6.70 9.08 9.78 9.85 9.61 8.28 7.26 7.70 8.73 7.29 4.56 4.35 10.19 8.39 8.49 8.61 8.40 7.99 8.66 7.95 9.44 8.21 8.04 8.88 7.25 5.87 10.31 10.75 12.00 12.43 10.52 10.89 9.74 9.48 10.32 8.69 6.20 9.07 11.93 11.45 12.67 10.22 8.94 8.85 7.17 7.26 10.04 6.00 3.39
4.84 4.73 3.24 3.34 4.85 4.91 5.05 6.51 6.91 5.85 3.98 4.42 7.40 5.56 7.53 8.09 8.57 4.35 5.63 4.43 4.01 8.51 8.58 8.47 8.65 8.00 8.77 8.38 8.22 9.40 6.52 4.83 5.72 6.48 9.42 10.23 10.98 10.08 10.30 9.78 11.59 9.53 11.28 8.15 5.43 10.84 15.77 13.14 13.00 12.84 12.40 8.76 5.46 4.85 5.10 5.30 0.96
4.59 2.59 2.58 3.66 5.38 5.13 5.51 6.53 6.57 6.19 6.96 5.72 3.34 3.56 4.97 8.17 8.17 7.85 4.78 4.32 3.60 8.57 7.82 8.14 8.23 6.84 6.57 7.11 6.38 5.63 5.00 6.20 6.06 8.77 10.31 10.82 9.80 11.07 9.96 12.69 10.67 8.94 11.61 7.60 11.28 11.84 11.06 14.77 12.84 11.31 9.77 3.72 5.29 6.55 6.26 7.00 4.86
1.81 1.40 2.55 5.89 6.05 5.53 5.53 5.22 5.87 5.53 7.42 5.16 3.95 3.59 6.54 3.72 8.44 8.05 8.13 11.22 11.07 7.39 6.51 6.28 5.70 7.51 7.03 7.29 6.68 5.38 5.94 6.78 9.91 9.49 11.21 9.82 11.85 11.96 9.94 12.18 11.14 11.06 9.95 11.76 15.18 13.38 13.94 9.95 10.16 6.04 7.12 3.10 6.05 6.54 5.09 3.77 3.62
4.64 4.86 5.81 6.91 6.37 5.34 5.25 4.87 3.97 7.27 7.16 7.64 5.31 2.52 4.52 6.63 6.62 8.49 11.85 11.99 8.57 7.36 6.91 7.48 7.52 7.28 7.50 6.69 7.63 9.21 6.89 9.53 11.10 10.69 8.19 10.86 10.82 11.04 10.48 10.54 10.54 11.31 10.75 13.77 12.60 9.84 14.08 9.58 6.21 9.85 2.82 7.27 7.68 6.82 6.27 5.44 5.00
4.93 3.83 6.02 6.38 5.04 4.26 4.51 4.24 3.57 5.54 7.41 5.28 4.95 2.58 6.91 6.51 4.86 6.83 11.07 9.41 8.26 7.61 7.17 7.38 8.96 6.62 7.01 7.59 8.59 7.60 9.21 10.27 10.97 10.72 10.34 10.81 10.11 10.43 9.53 9.00 9.81 11.01 11.90 12.49 12.13 9.62 15.01 9.38 8.16 6.95 8.01 9.16 7.16 12.55 7.22 7.20 6.63
0.60 4.95 5.15 5.05 4.18 3.94 4.22 7.38 6.91 6.90 5.08 4.24 4.99 3.38 6.58 7.39 4.57 6.23 9.36 9.26 9.52 8.82 8.38 7.65 7.50 7.44 7.35 8.56 9.89 10.26 10.47 10.10 10.74 10.77 10.63 9.33 9.20 9.40 8.47 9.18 8.69 10.68 12.93 12.82 12.04 10.57 13.32 8.48 11.50 5.65 9.85 7.34 5.41 10.40 10.19 6.11 7.67
4.56 1.89 1.35 3.88 3.80 4.71 6.03 5.91 4.22 3.77 1.55 3.17 1.18 7.01 7.16 6.26 6.53 8.84 7.79 9.11 10.54 10.71 9.43 9.06 9.07 9.57 9.38 10.13 8.90 9.94 8.09 10.72 10.87 8.70 11.22 8.32 8.32 7.21 7.68 9.47 8.35 10.86 14.50 12.29 10.94 9.96 12.85 11.28 6.01 8.61 9.75 10.85 10.41 8.70 11.39 9.79 10.86
1.90 0.09 4.68 4.45 4.24 3.24 5.08 4.41 3.76 1.97 6.17 5.08 5.01 7.76 8.24 8.07 8.23 7.71 7.34 10.77 6.35 7.19 10.23 10.15 10.46 10.35 8.54 8.98 9.83 10.40 11.47 8.73 8.95 9.50 9.45 9.07 9.59 9.17 10.23 11.66 11.73 11.74 13.26 11.89 11.73 10.02 13.59 12.23 9.46 9.46 7.99 10.09 11.64 11.52 6.16 12.93 11.90
3.37 1.91 2.04 0.67 1.13 3.73 8.89 6.74 6.37 7.02 5.27 2.37 4.30 5.36 8.96 8.05 8.14 7.50 4.86 6.06 6.56 10.13 7.56 9.99 10.74 9.10 7.81 8.77 9.94 10.60 10.16 9.46 9.73 9.69 9.87 9.84 9.69 10.20 11.75 12.08 11.94 9.77 10.99 11.31 12.91 11.27 12.14 11.95 10.82 12.27 11.52 7.84 14.72 11.48 12.85 12.33 8.77
3.99 4.84 3.43 5.08 5.89 7.28 8.42 7.60 7.56 6.16 3.31 5.40 8.16 8.33 10.31 8.09 5.94 8.17 5.64 7.26 6.68 7.09 6.97 8.98 9.64 8.62 8.05 10.11 9.98 10.93 9.28 9.75 10.26 10.02 10.19 10.67 10.36 10.78 10.94 11.37 11.66 8.93 8.50 10.47 11.23 11.96 12.55 12.24 12.75 10.29 9.62 11.30 12.91 7.22 13.71 13.81 14.09
3.60 4.01 4.33 4.35 3.80 4.67 4.49 7.34 7.70 6.81 2.45 6.35 9.03 10.24 9.17 8.29 7.02 7.50 5.47 6.71 5.58 6.62 10.55 4.46 8.56 10.67 10.82 11.55 10.47 10.17 8.92 11.48 10.27 10.58 10.50 11.19 10.93 11.12 11.12 11.37 11.54 9.76 7.54 11.54 11.84 11.51 11.89 12.39 12.50 10.10 8.58 10.74 9.50 10.26 11.99 13.17 14.04
3.17 5.03 4.59 3.80 1.71 4.97 3.58 7.00 7.90 7.65 5.74 4.03 9.91 8.95 7.83 6.72 10.25 4.40 11.87 13.29 11.83 10.10 10.32 4.19 4.61 9.54 10.66 10.24 9.87 10.24 9.82 11.91 10.48 9.96 10.60 11.41 11.42 11.39 11.43 11.53 11.62 11.40 8.78 12.71 10.78 10.51 11.39 11.34 11.78 10.00 10.44 9.51 9.98 9.94 11.07 12.28 14.02
1.63 4.28 5.84 3.79 2.07 4.65 5.60 7.76 7.87 8.11 6.01 9.06 11.02 7.65 10.69 5.04 5.35 6.19 10.49 12.52 10.80 10.35 10.16 8.05 4.26 4.40 9.27 9.52 10.71 10.96 9.64 10.40 10.69 9.90 10.37 12.64 11.94 11.91 12.03 11.79 12.01 10.81 10.29 11.80 11.68 11.24 10.84 11.51 11.34 11.34 9.63 10.63 10.26 8.22 8.60 10.89 12.71
3.77 3.30 5.01 3.41 2.29 2.01 5.38 8.34 7.84 8.18 8.89 14.29 9.18 7.83 5.78 8.14 12.42 5.93 12.67 11.40 11.11 10.49 6.70 10.21 6.95 8.34 7.06 8.28 9.76 9.23 9.80 9.54 9.90 10.03 10.35 12.49 10.97 12.96 12.46 12.25 11.87 12.59 11.72 10.93 10.23 8.97 11.22 11.55 11.52 11.35 11.21 9.27 8.14 8.40 9.82 8.64 11.27
3.31 3.38 4.64 4.70 1.47 5.42 3.20 9.40 8.92 9.36 10.27 12.75 11.69 11.68 8.09 7.46 8.09 4.72 5.48 4.22 10.90 6.11 9.48 8.23 8.91 8.45 7.22 5.08 7.84 9.90 9.23 9.25 9.76 10.29 11.12 12.58 12.45 12.46 12.50 13.07 11.94 11.20 9.97 7.88 9.32 11.20 11.64 11.91 11.98 11.50 10.93 8.69 9.14 8.77 7.06 3.90 11.19
4.29 5.19 5.72 4.60 4.42 5.88 3.87 8.27 9.85 10.94 12.30 11.20 9.81 8.45 11.77 11.95 10.95 8.68 8.10 11.11 10.90 9.57 5.57 7.56 8.21 9.48 8.72 5.22 5.12 5.07 9.85 9.09 9.74 10.59 11.09 11.95 12.11 12.26 12.60 12.45 12.36 11.43 10.11 9.51 10.23 10.97 11.57 11.26 11.64 11.54 10.81 8.83 8.02 3.85 4.22 4.65 4.90
4.40 4.57 3.81 4.79 4.54 5.18 7.18 10.03 9.05 11.22 11.34 10.77 10.07 10.10 9.94 7.09 9.04 11.29 12.76 11.73 10.00 7.31 5.35 9.44 9.80 8.85 9.61 10.06 5.12 5.02 9.64 9.77 9.62 9.86 11.52 11.63 10.70 10.80 12.33 10.26 5.06 5.12 9.89 10.20 10.52 10.63 11.09 10.87 11.43 12.48 10.89 7.80 4.44 4.59 4.78 4.98 8.62
2.75 4.41 4.91 4.62 2.72 3.85 6.23 9.92 10.09 9.46 10.47 10.54 10.40 10.31 9.09 10.24 9.32 11.02 8.04 8.00 7.15 6.04 8.55 9.38 6.40 6.46 10.48 5.44 10.01 8.66 5.23 9.04 9.34 9.51 10.87 11.77 11.33 10.41 10.40 5.25 5.37 5.31 5.28 9.26 10.25 10.75 10.42 11.11 11.80 10.49 10.17 7.40 4.89 4.93 5.05 5.14 9.21
6.40 1.89 5.04 6.34 3.20 2.41 5.63 11.59 9.86 9.18 10.23 8.78 8.22 7.78 9.19 9.92 10.72 10.02 10.01 10.15 9.51 8.93 9.17 8.29 4.28 5.71 6.21 5.64 9.76 6.79 5.31 5.31 9.17 10.11 5.38 5.34 5.23 9.63 8.76 5.38 5.37 5.31 5.32 8.97 9.54 9.56 10.16 10.02 10.26 10.66 9.54 8.30 5.11 5.16 5.26 5.31 9.99
6.63 2.00 7.98 5.26 3.04 3.84 13.77 14.39 11.04 9.09 5.99 3.43 5.74 4.58 7.39 5.56 6.19 6.94 10.01 9.63 9.08 8.02 7.60 4.82 5.44 6.69 6.38 11.40 5.05 6.02 8.66 7.63 9.65 5.39 9.49 9.81 5.26 8.11 8.41 5.46 9.58 5.36 5.31 9.49 8.26 8.57 9.46 5.26 10.81 8.68 8.91 8.65 8.50 5.35 5.45 5.47 9.61
4.08 5.58 7.19 4.34 2.46 11.24 15.11 13.46 9.61 6.12 6.27 7.13 7.64 8.13 7.88 7.24 7.09 7.34 9.60 9.63 11.02 8.24 8.46 4.65 6.18 6.63 11.43 5.50 11.38 5.65 6.83 7.44 7.97 7.77 7.27 5.32 8.97 8.34 8.50 5.51 5.47 9.98 5.31 5.39 8.04 5.60 5.61 5.39 5.17 7.49 8.05 5.48 9.58 5.45 5.53 5.55 10.00
5.39 5.33 5.90 5.62 6.87 13.26 14.19 9.85 10.32 8.07 5.14 6.85 8.31 14.22 14.06 8.26 7.69 8.40 8.49 11.34 9.66 10.17 6.95 6.25 5.94 6.39 6.10 5.15 8.66 6.03 7.10 7.28 7.48 8.21 7.90 8.79 7.95 5.41 9.21 5.53 5.42 10.84 9.88 5.47 8.84 5.65 5.63 5.41 10.22 7.43 5.69 5.66 5.62 9.49 5.68 5.67 10.97
3.90 3.50 6.22 8.82 11.51 11.83 9.54 9.93 10.66 10.54 9.19 9.13 5.86 5.81 7.16 8.01 16.01 11.97 14.46 12.01 8.86 6.97 9.89 12.44 12.94 5.76 5.01 13.60 8.96 9.48 7.84 7.90 7.27 8.70 7.98 8.20 9.12 8.41 5.55 5.46 5.36 8.34 8.81 5.57 8.72 5.78 9.98 10.40 10.58 7.22 5.81 5.74 5.76 5.80 5.84 5.77 11.34
1.28 0.87 8.75 11.31 10.15 8.03 6.79 6.49 9.88 8.37 9.43 12.06 14.29 6.03 12.34 8.54 7.20 14.33 11.26 8.27 4.95 5.32 6.62 10.27 6.94 8.81 11.60 11.30 7.01 7.59 8.55 9.78 9.24 8.77 9.52 9.36 9.26 7.92 7.93 9.06 7.41 7.12 7.68 8.29 9.41 9.44 5.54 5.50 5.68 5.86 8.59 5.80 10.58 5.78 9.76 10.22 10.38
3.48 4.83 11.57 10.65 8.77 6.74 4.71 3.30 3.69 4.46 8.65 11.61 11.42 13.38 6.30 11.69 6.47 10.54 6.44 4.98 5.89 4.95 9.75 3.63 5.40 6.10 6.57 6.55 6.26 9.65 9.20 9.51 7.26 9.39 8.52 8.35 7.07 5.37 5.43 5.48 5.76 7.00 6.45 8.67 9.20 10.42 11.10 10.29 9.08 5.86 5.88 5.83 5.84 10.46 5.85 10.22 10.13
5.76 8.12 10.79 7.80 6.55 10.45 9.22 6.31 6.34 7.75 9.82 10.22 9.89 10.32 12.08 11.25 11.04 8.78 13.30 8.10 4.59 13.31 9.41 6.60 4.84 5.82 6.61 6.90 6.67 4.94 6.42 8.27 9.46 9.23 6.90 7.43 6.74 4.65 5.61 5.13 5.40 5.73 6.23 7.59 10.28 8.86 10.17 5.69 8.50 5.91 5.92 5.89 5.92 5.95 6.03 6.22 6.35
4.58 6.87 8.26 6.22 5.86 10.32 12.26 7.39 8.53 9.45 9.22 8.15 7.79 8.33 8.47 8.93 4.00 4.61 9.48 11.99 12.90 6.47 6.90 4.36 6.05 6.66 6.37 7.75 10.14 8.60 6.39 5.03 10.01 5.78 6.21 5.98 9.32 5.44 5.79 6.32 5.71 6.25 7.06 5.77 7.63 6.58 7.25 7.73 9.00 8.93 9.78 5.80 10.41 10.42 10.59 6.21 7.52
4.76 8.27 9.71 8.98 10.21 10.43 12.11 13.78 10.07 8.28 9.71 10.06 9.76 9.79 11.24 9.36 5.30 8.42 6.57 8.28 7.70 4.09 2.30 6.24 7.62 7.67 5.79 9.63 4.74 8.03 7.53 8.33 7.34 6.60 6.16 9.99 9.76 6.35 5.81 5.65 6.95 5.73 5.73 8.48 7.60 7.56 7.13 7.93 9.34 5.93 5.76 12.15 10.04 10.08 8.34 7.46 6.42
9.86 11.05 11.57 10.98 10.78 10.17 13.08 12.16 13.10 9.51 9.61 6.99 12.17 12.61 10.25 5.82 9.22 10.71 5.33 4.71 5.61 5.25 6.13 7.01 7.42 5.96 3.55 2.42 4.26 7.88 7.92 10.08 8.44 6.90 8.31 9.19 7.80 6.46 5.44 7.12 6.48 7.94 9.71 5.83 5.96 6.01 6.04 5.95 10.53 5.72 5.51 10.41 5.01 10.86 5.14 6.15 6.76
10.70 12.34 9.57 8.91 7.58 6.92 8.09 9.22 13.45 11.55 9.04 6.14 7.07 10.24 10.57 6.18 5.56 5.64 5.75 6.58 7.58 11.01 8.38 12.80 4.87 2.87 2.85 4.38 5.88 6.87 5.86 5.86 4.23 5.88 6.69 6.81 6.23 7.29 4.97 6.26 7.11 5.59 6.80 9.19 5.98 5.96 5.95 5.89 5.68 6.96 5.15 6.66 4.17 4.24 5.28 6.96 7.98
6.77 9.77 9.00 12.27 9.44 9.03 10.46 11.73 11.88 14.58 10.40 7.68 7.79 4.96 9.05 4.21 5.60 11.84 13.26 13.18 13.90 12.83 6.87 7.16 6.45 4.47 1.39 5.60 5.64 5.73 6.44 5.47 8.69 9.87 9.61 8.34 6.52 10.25 5.27 4.61 5.91 5.38 6.84 8.77 8.42 5.91 5.91 5.87 7.78 4.82 5.07 4.87 5.19 6.18 7.36 8.36 9.08
4.42 8.23 12.21 10.97 9.85 8.17 4.40 5.08 5.88 9.84 16.19 8.46 13.52 4.97 8.62 3.85 4.90 4.18 11.40 6.03 9.17 5.46 5.70 3.89 3.83 2.99 2.56 7.79 8.33 8.52 9.81 11.44 11.69 10.23 8.02 6.05 4.11 9.42 2.61 3.68 6.45 6.53 7.43 7.86 8.79 8.60 7.98 8.06 5.82 2.71 6.13 7.29 8.30 8.62 8.49 8.43 8.66
6.30 9.29 12.56 11.22 10.91 11.93 7.88 7.53 7.99 10.24 11.74 16.70 13.26 13.75 8.75 4.26 5.68 4.89 4.47 4.57 5.16 5.14 4.37 2.85 2.08 3.65 5.74 9.96 10.93 10.75 11.27 10.54 11.12 4.98 2.93 1.56 6.31 5.14 2.68 4.25 6.71 7.75 7.30 8.04 10.38 10.07 10.43 6.29 5.72 3.54 7.21 8.07 7.94 7.49 7.60 7.79 7.88
