autotest/output/original/cli_wxModelInitialization_diurnal_local_model/mackay_07-13-2013_1200_393m_vel.asc
ncols	57
nrows	71
xllcorner	279635.000000
yllcorner	4850745.000000
cellsize	393.466398
NODATA_value	-9999.000000
[rows 0 to 46 of 71, columns 0 to 56 of 57]
15.19 16.27 17.34 17.30 17.88 18.56 19.60 19.45 19.70 18.53 19.41 21.70 24.67 24.75 28.02 32.79 30.00 31.90 32.11 23.16 17.13 21.28 26.81 27.96 18.93 13.66 14.76 20.29 26.16 30.04 30.11 29.29 19.02 15.88 16.17 10.84 8.68 17.48 23.29 25.49 16.51 12.36 15.23 20.53 24.16 10.66 6.77 6.33 7.48 11.78 9.59 11.78 12.23 13.34 13.96 15.51 16.23
14.09 15.26 16.70 16.83 16.98 19.00 19.46 19.54 21.95 21.84 21.64 22.35 23.78 24.29 25.65 29.03 29.98 29.11 30.93 26.56 19.23 23.61 23.54 27.13 23.84 19.30 16.85 17.18 19.19 24.84 26.89 28.40 20.69 14.70 15.53 13.96 7.23 11.39 18.60 24.82 16.64 11.76 11.44 17.58 24.34 16.17 10.57 8.61 9.05 12.95 9.50 11.19 12.22 13.20 13.10 13.92 14.62
12.88 13.86 15.34 15.96 17.63 18.19 18.85 20.91 20.32 20.13 20.15 20.06 19.98 18.95 18.15 19.24 22.51 23.67 24.84 28.07 20.78 17.58 20.36 21.21 23.27 21.58 17.29 13.19 9.80 13.81 19.88 29.40 22.66 16.44 19.83 16.52 6.52 4.61 11.06 21.12 16.74 14.01 7.41 7.63 21.46 21.35 15.68 14.38 14.05 13.07 11.41 11.68 11.95 12.81 12.64 11.65 11.29
12.68 13.50 14.58 15.21 17.41 17.89 18.20 19.93 17.49 19.32 19.38 19.35 18.53 17.28 16.19 15.51 17.81 21.62 22.70 24.96 20.89 13.35 15.45 17.44 18.98 16.44 14.95 15.64 10.20 6.84 11.04 22.44 33.00 22.80 19.33 18.94 10.86 6.16 10.05 20.42 20.86 15.35 11.46 6.12 15.74 20.11 14.92 12.70 13.58 15.74 15.29 12.00 11.89 12.81 13.83 12.08 10.61
12.33 13.22 14.36 16.59 17.13 17.67 17.84 17.83 18.70 18.91 18.92 19.13 18.20 16.93 15.95 14.58 15.09 19.87 19.89 19.71 20.10 16.83 15.30 14.87 17.24 14.31 10.36 17.15 13.79 8.67 5.94 15.98 27.92 26.08 19.30 17.40 18.11 13.91 11.92 21.31 24.42 19.44 15.93 7.17 11.50 17.77 17.48 14.26 12.20 12.03 12.84 13.07 12.73 13.47 14.97 13.52 12.13
12.00 12.93 14.15 14.55 16.93 17.47 17.62 17.43 17.17 17.13 18.75 18.49 17.73 16.46 15.54 11.70 13.99 18.06 21.07 18.92 20.85 22.15 18.42 14.24 17.10 14.33 7.27 8.04 16.06 13.31 8.14 11.89 22.97 28.70 18.11 16.29 24.80 21.88 16.32 13.66 24.12 26.66 18.39 11.01 11.29 13.46 18.11 18.24 12.35 9.40 9.21 10.19 11.46 14.94 13.62 9.57 9.56
11.84 12.78 13.95 14.36 16.76 17.24 17.35 17.08 17.09 17.12 16.97 17.84 17.51 14.92 13.86 14.39 13.36 12.00 18.92 23.28 25.63 28.46 26.55 19.74 19.15 17.23 9.41 4.27 8.38 16.47 11.89 8.86 15.08 27.43 14.87 8.02 12.83 20.53 22.78 18.07 18.22 32.91 24.76 16.54 13.05 12.08 18.49 21.20 15.39 12.30 12.62 13.73 12.41 16.79 13.93 14.02 12.57
11.82 12.72 13.86 14.28 16.73 17.14 17.15 16.97 17.08 17.24 16.88 16.14 16.02 15.38 13.49 12.63 13.84 12.05 13.42 22.18 26.97 31.67 35.16 30.47 29.58 25.74 14.54 7.52 6.95 11.14 14.56 9.38 13.93 27.33 21.56 12.92 7.37 12.47 19.68 23.94 22.70 30.33 30.99 19.21 14.09 13.38 19.94 20.00 20.66 18.10 15.61 12.97 13.65 17.23 19.43 17.93 13.17
11.87 12.69 13.85 14.29 16.76 17.05 16.94 16.77 16.90 17.39 17.10 15.59 15.77 16.06 14.03 15.00 13.82 12.09 10.36 10.74 15.52 19.92 26.58 32.10 36.03 38.52 26.55 15.65 10.01 12.27 13.23 11.70 14.50 19.40 26.98 20.98 16.62 11.78 12.13 18.75 20.76 29.33 34.33 23.04 19.45 16.40 14.27 22.12 20.69 18.46 18.86 19.06 19.23 17.79 20.48 22.79 18.87
11.91 12.60 13.66 14.21 16.65 16.83 16.72 16.61 16.78 17.36 17.23 14.06 15.74 16.32 16.30 15.31 13.78 12.67 8.91 11.74 9.85 13.68 18.89 22.79 25.17 34.48 40.63 26.52 18.33 20.06 16.68 10.71 11.53 17.09 21.55 21.51 21.38 16.48 11.59 12.19 18.90 22.75 29.94 24.81 17.03 12.35 12.32 15.12 19.67 17.89 16.61 18.74 18.40 12.51 11.60 20.03 24.09
12.03 12.64 13.53 13.98 14.39 16.65 16.59 16.82 14.59 17.16 16.04 14.18 16.07 16.50 16.36 13.97 13.95 13.01 10.01 11.36 10.09 10.57 14.71 17.84 21.93 25.09 32.37 36.69 30.20 29.04 24.13 16.46 15.34 17.31 17.01 13.97 15.59 15.83 12.72 12.19 18.13 23.64 27.22 22.82 16.53 15.41 9.78 7.98 11.97 12.53 8.43 9.42 18.28 15.20 10.34 14.35 21.02
12.14 12.74 13.61 13.93 14.10 14.43 14.59 14.71 14.84 17.44 15.39 14.62 16.51 16.40 16.06 13.83 14.28 13.11 10.53 10.23 11.04 11.00 12.76 14.66 19.20 21.67 23.09 28.94 28.72 26.50 31.57 24.32 18.96 19.67 19.63 14.47 12.48 13.00 13.37 12.83 16.67 25.27 32.28 25.29 19.25 18.63 10.34 6.21 9.67 12.58 9.02 5.27 10.72 16.76 12.56 13.59 17.27
12.32 12.83 13.85 14.23 14.12 14.30 14.49 16.56 17.49 16.16 15.88 16.58 16.90 16.89 14.13 13.58 14.03 13.21 10.71 10.69 12.55 13.85 13.45 13.31 15.37 18.83 20.84 23.00 22.34 23.59 29.14 27.85 19.65 15.52 20.70 20.59 16.02 13.36 14.10 15.33 18.72 23.64 23.76 33.07 25.73 18.14 14.70 10.42 11.97 12.51 10.97 8.50 7.09 10.68 10.70 10.61 12.59
12.58 12.70 13.57 14.26 14.16 14.19 14.23 16.79 16.56 14.88 14.56 16.67 16.92 15.27 14.75 14.68 13.96 13.53 11.04 13.02 12.75 12.50 13.68 10.86 13.32 16.18 19.81 20.91 20.70 23.01 25.79 30.00 25.29 14.84 14.30 20.05 19.61 13.72 12.07 15.71 20.18 17.76 20.89 27.39 27.49 20.58 16.03 12.51 10.90 14.91 13.98 11.09 9.34 9.56 9.17 9.05 9.75
13.21 12.85 12.97 13.59 13.61 13.55 13.67 14.19 14.84 14.58 14.20 14.08 14.40 17.73 15.35 15.31 15.57 14.24 13.92 13.05 10.55 12.97 14.26 13.77 13.68 14.75 17.03 18.85 19.45 20.29 22.27 26.01 31.59 22.17 12.42 12.72 15.76 13.96 10.68 13.81 15.08 20.16 18.61 23.94 29.79 17.55 15.65 16.53 14.60 15.31 10.96 11.59 9.20 9.57 11.89 11.59 11.80
14.06 13.64 13.11 13.13 13.10 12.93 13.07 13.67 14.20 14.31 13.94 13.51 15.51 17.06 16.71 15.92 16.08 15.44 14.61 12.84 10.45 13.14 12.99 13.74 13.34 14.15 15.29 17.21 18.18 17.23 18.32 20.31 27.36 28.28 19.68 14.09 15.17 17.70 16.64 11.46 13.22 16.54 15.39 20.66 24.24 16.85 15.44 16.02 14.88 15.40 13.65 8.53 9.79 11.93 10.25 8.15 8.45
14.82 14.37 13.65 13.34 13.15 12.83 12.63 12.98 13.54 13.83 13.74 13.32 12.49 13.15 14.47 14.32 15.61 13.63 15.39 12.55 12.67 13.22 13.15 12.81 12.23 13.94 15.06 16.39 16.99 16.36 16.29 16.47 20.57 27.84 23.31 17.53 16.66 21.47 21.96 13.05 12.14 17.01 20.39 28.26 33.33 21.46 10.82 12.24 13.64 14.95 11.37 10.85 9.60 9.00 11.69 8.52 8.82
15.72 14.95 13.96 13.53 13.14 12.80 12.27 12.08 12.64 13.17 13.40 13.48 12.70 12.46 13.29 13.72 13.21 13.18 15.55 12.88 10.70 13.27 13.41 13.34 13.14 12.86 14.40 15.22 15.87 15.83 15.29 14.66 16.54 22.31 21.90 20.63 18.21 21.10 26.23 19.45 16.82 22.42 23.42 26.99 33.39 32.49 23.45 13.95 13.92 14.41 13.33 11.70 11.39 14.93 12.01 11.81 13.62
16.85 15.70 14.63 14.30 13.33 12.80 12.22 11.38 11.54 12.19 12.78 13.18 12.89 12.54 12.95 13.36 12.92 12.92 13.53 12.35 10.94 11.06 13.51 13.69 13.86 13.86 13.63 13.84 14.54 15.76 14.96 14.21 15.07 16.90 18.70 22.11 21.87 23.12 28.66 30.73 23.04 14.95 19.07 19.40 29.24 35.16 30.96 21.55 17.47 20.44 20.18 16.84 13.42 11.26 12.91 11.43 11.14
17.53 16.38 15.54 15.75 14.64 13.27 12.69 11.29 10.40 11.13 12.02 12.50 12.45 12.26 12.55 12.97 12.68 12.79 13.61 12.72 11.19 11.17 11.51 13.70 14.06 14.51 14.58 14.61 14.86 14.86 13.11 14.42 14.05 13.29 13.13 18.09 21.47 23.24 25.87 28.63 22.85 16.08 19.60 17.35 23.85 29.20 32.94 29.07 21.15 19.47 25.09 22.64 17.36 13.48 13.00 10.15 6.66
17.28 16.74 16.16 16.74 16.26 14.45 13.88 12.32 9.92 10.12 11.40 12.02 12.17 12.11 12.02 12.14 12.04 12.31 13.47 13.09 11.57 11.37 11.68 11.75 11.87 14.32 14.82 15.07 15.00 14.95 15.24 15.28 14.53 12.68 10.95 12.79 15.41 18.64 22.39 28.27 23.76 18.53 20.74 14.71 20.62 26.96 23.90 24.68 25.99 22.06 23.21 27.47 22.60 17.31 13.71 13.03 12.10
16.33 16.59 17.15 17.27 15.97 14.16 14.10 12.28 10.73 9.71 10.70 11.48 11.94 12.50 12.22 11.04 10.94 11.60 12.75 12.93 11.88 11.63 11.88 12.02 12.13 12.35 15.03 15.36 15.73 15.73 15.34 15.22 14.68 12.24 10.62 11.22 12.74 15.51 19.54 26.07 22.54 17.31 16.53 18.04 23.37 30.73 24.40 17.70 20.60 25.07 20.91 21.01 28.26 21.48 18.78 14.64 12.18
15.16 15.93 18.03 19.08 16.58 14.97 15.53 14.20 12.81 10.63 10.56 11.04 11.46 12.95 13.07 10.50 9.67 10.45 11.40 12.01 11.68 11.74 12.08 12.33 12.52 12.79 13.01 15.50 15.88 16.12 16.05 15.48 14.56 12.19 8.43 9.76 11.94 13.13 16.38 23.67 21.23 20.08 16.05 21.55 23.56 27.62 31.44 19.47 14.72 18.56 21.41 18.12 21.37 26.66 23.35 16.33 12.18
13.89 14.67 17.49 20.92 15.58 15.93 15.65 16.30 13.38 12.69 11.54 11.20 11.65 13.98 14.05 10.72 9.64 9.57 9.43 10.15 10.80 11.42 12.07 12.38 12.60 13.03 13.16 13.14 15.72 16.04 16.25 15.47 14.57 13.03 11.42 9.94 9.53 10.80 12.87 20.19 20.73 19.04 17.80 20.16 21.16 24.32 30.79 24.20 17.95 18.15 21.82 19.37 15.21 22.05 26.45 19.68 14.37
12.87 12.96 14.92 19.83 18.59 17.57 18.50 16.99 15.09 12.64 12.99 11.58 12.26 16.47 15.30 11.15 10.90 10.62 8.62 8.02 9.29 10.57 11.70 12.30 12.53 13.07 13.38 13.22 15.55 15.71 15.82 15.51 14.87 14.00 11.82 10.61 9.71 8.95 9.60 14.66 17.98 17.43 16.20 17.88 19.39 23.31 26.69 22.92 19.80 20.02 24.96 20.06 17.37 18.40 18.20 27.63 27.42
13.07 12.71 13.65 16.21 16.75 16.06 16.55 15.50 15.40 13.90 14.25 12.36 13.02 17.89 14.79 9.76 10.35 11.05 10.58 7.75 7.94 9.40 10.86 12.10 12.61 13.05 13.55 13.66 13.50 15.71 15.73 15.52 15.08 14.53 12.84 11.84 11.14 10.34 10.46 11.66 13.05 15.72 14.80 16.19 17.22 21.42 24.06 19.99 23.60 21.23 26.55 20.15 18.97 14.03 10.23 22.60 29.81
13.84 13.91 14.92 16.52 17.30 16.92 16.37 14.14 14.61 14.63 14.44 12.63 14.01 19.64 15.09 11.46 9.97 11.29 11.22 9.78 7.72 8.18 9.73 11.34 12.42 12.94 13.35 13.82 13.81 13.61 15.90 15.72 15.35 15.00 14.10 13.13 12.82 12.01 11.79 11.90 14.36 15.89 13.59 13.63 14.96 19.41 21.48 20.54 21.61 26.47 24.63 21.55 23.58 16.27 13.56 19.89 25.03
14.12 14.28 14.99 17.87 18.83 18.04 17.10 13.01 13.87 14.77 13.70 11.38 12.38 20.07 16.12 12.26 9.72 11.43 12.89 13.24 9.38 8.02 9.06 10.56 11.67 12.53 12.98 13.45 13.76 13.65 13.64 13.80 15.69 15.42 14.99 14.17 13.83 13.30 12.88 12.05 12.77 15.80 13.65 11.47 12.54 16.30 18.66 17.37 18.09 25.52 25.71 21.02 24.55 22.16 16.59 17.15 20.20
14.65 14.19 14.07 15.55 17.66 17.45 17.89 12.96 10.85 11.28 13.35 13.53 10.22 13.49 17.67 13.48 11.16 11.95 13.89 14.39 10.44 9.29 9.38 10.55 11.21 12.07 12.83 13.31 13.64 13.72 13.66 13.76 13.76 13.58 13.34 14.66 14.24 13.88 13.34 12.07 12.16 14.19 14.38 12.92 11.02 12.11 15.03 13.65 15.65 20.14 26.89 22.24 21.18 26.40 23.01 20.11 24.28
14.25 13.30 14.27 16.28 17.50 18.32 18.01 16.10 11.11 6.53 11.38 17.39 13.86 10.96 10.79 14.82 13.65 13.01 14.53 15.84 13.96 11.25 10.18 11.07 11.41 11.72 12.54 13.25 13.58 13.74 13.80 13.79 13.77 13.73 13.53 13.08 12.45 12.05 13.93 12.79 12.60 13.83 15.29 14.35 12.41 11.81 11.73 11.78 12.56 12.61 21.23 23.10 19.04 23.12 24.10 21.66 24.23
16.55 14.47 14.39 16.86 19.65 20.81 19.12 17.55 13.39 7.33 6.00 13.16 20.89 12.77 12.47 13.16 12.17 10.71 11.05 15.37 15.22 13.30 11.25 11.51 11.82 11.70 12.00 12.67 13.25 13.54 13.76 13.81 13.72 13.78 13.67 13.31 12.80 12.45 12.38 11.98 11.08 11.44 15.46 15.38 14.43 12.90 11.70 11.16 10.42 10.09 13.98 18.58 15.85 18.59 22.76 22.20 24.31
16.22 14.39 12.54 15.54 19.99 22.88 22.14 19.79 14.88 9.50 6.47 7.42 15.90 13.85 11.83 10.84 12.71 12.29 11.22 11.09 12.48 13.19 11.92 11.66 12.04 12.01 12.00 12.18 12.63 13.11 13.59 13.75 13.66 13.76 13.76 13.50 13.08 12.73 12.56 12.40 11.61 11.62 15.39 15.54 15.56 14.98 13.47 12.04 11.08 9.23 10.67 14.86 15.12 16.74 19.25 21.70 23.81
16.49 14.06 10.48 11.83 17.60 21.05 24.52 22.69 16.48 14.03 10.47 9.04 14.40 13.33 14.64 13.66 12.75 13.17 10.69 10.62 11.78 12.03 11.91 11.69 12.09 12.32 12.39 12.32 12.30 12.54 13.10 13.52 13.57 13.70 13.80 13.64 13.34 13.05 12.74 12.58 11.90 11.59 12.62 13.28 13.48 13.83 15.13 13.70 12.23 11.49 11.35 12.24 13.28 14.42 16.07 19.00 20.99
19.58 14.93 9.80 11.01 15.77 16.51 19.07 24.79 17.60 14.43 11.42 6.26 11.31 13.80 16.86 13.93 13.03 14.64 13.66 11.79 12.24 12.01 11.93 11.63 11.73 12.13 12.48 12.59 12.49 12.42 12.71 13.17 13.38 13.58 13.78 13.73 13.54 13.35 13.05 12.78 12.23 11.60 12.10 12.92 13.29 13.69 13.94 13.73 13.37 13.10 12.85 12.77 13.48 14.55 15.67 17.63 18.92
20.64 17.07 10.34 9.61 17.73 16.79 15.46 22.30 15.67 15.46 13.95 11.00 9.72 8.85 11.98 14.08 12.96 14.56 12.98 11.99 12.64 12.40 12.25 11.83 11.45 11.68 12.28 12.67 12.74 12.69 12.72 12.97 13.19 13.40 13.63 13.69 13.59 13.49 13.29 13.01 12.67 12.18 12.10 12.69 13.28 13.72 14.01 14.02 13.86 13.74 13.70 13.78 14.26 14.98 15.82 16.95 17.60
21.62 17.42 11.22 7.06 12.99 22.11 18.92 19.26 14.63 12.13 11.60 10.44 10.86 10.04 6.72 8.79 8.71 11.91 14.12 13.32 11.86 12.77 12.66 12.52 11.94 11.59 11.85 12.40 12.69 12.79 12.84 12.96 13.12 13.30 13.50 13.61 13.60 13.58 13.49 13.32 13.09 12.74 12.48 12.64 13.10 13.62 13.99 14.15 14.13 14.04 14.03 14.14 14.52 15.10 15.85 16.66 17.04
20.55 16.45 14.09 3.84 7.08 14.13 25.64 19.08 13.02 10.53 9.95 9.60 10.12 9.47 11.20 11.26 12.12 9.16 10.00 12.18 12.44 12.76 12.90 13.11 12.82 12.10 11.54 11.75 12.36 12.74 12.93 13.06 13.19 13.34 13.50 13.62 13.67 13.70 13.71 13.65 13.50 13.18 12.84 12.77 13.05 13.50 13.89 14.14 14.27 14.21 14.17 14.33 14.69 15.14 15.71 16.38 16.70
17.96 20.76 15.73 9.61 6.45 7.51 18.52 23.22 14.88 11.29 10.43 9.20 9.50 8.89 11.24 8.93 9.75 9.37 10.42 9.71 9.70 10.27 12.88 13.11 13.31 12.92 11.63 11.01 11.74 12.54 12.93 13.14 13.30 13.46 13.60 13.71 13.79 13.85 13.88 13.89 13.83 13.64 13.37 13.20 13.24 13.51 13.82 14.07 14.26 14.36 14.31 14.39 14.70 15.07 15.53 16.13 16.43
15.76 19.02 17.38 10.00 8.35 7.74 14.33 24.08 18.72 13.87 11.75 9.71 8.38 8.84 7.71 7.64 8.20 10.02 10.15 10.14 9.90 10.16 12.80 13.18 14.03 14.27 12.92 11.43 11.40 12.23 12.79 13.07 13.33 13.52 13.66 13.75 13.84 13.93 14.00 14.04 14.03 13.94 13.78 13.69 13.69 13.76 13.94 14.12 14.27 14.44 14.46 14.44 14.62 14.97 15.41 15.94 16.20
16.07 18.47 16.85 11.87 9.12 9.12 12.82 18.63 25.14 21.15 16.63 13.52 11.82 10.66 10.38 12.02 8.93 8.43 8.61 9.94 9.83 10.21 10.54 13.04 14.36 13.33 14.26 12.42 11.66 12.08 12.63 12.86 13.18 13.46 13.65 13.75 13.85 13.95 14.06 14.13 14.15 14.11 14.03 13.99 14.02 14.09 14.17 14.26 14.33 14.45 14.54 14.51 14.55 14.80 15.25 15.77 16.03
16.17 20.70 18.48 13.52 7.62 10.12 10.48 10.05 17.00 24.51 22.32 19.62 17.12 15.17 13.90 12.95 11.71 10.10 8.92 9.99 10.37 10.95 11.03 12.77 13.73 13.29 15.41 13.47 12.41 12.46 12.76 12.81 13.01 13.29 13.55 13.68 13.79 13.91 14.05 14.16 14.21 14.20 14.15 14.14 14.18 14.28 14.34 14.37 14.41 14.51 14.62 14.62 14.57 14.65 15.02 15.57 15.85
12.77 18.47 23.16 17.60 11.21 11.48 7.99 7.68 9.52 13.27 16.98 22.75 24.63 21.13 19.19 16.82 15.16 14.17 12.56 13.16 13.58 13.07 13.34 10.78 13.21 14.93 14.28 14.84 13.38 12.96 13.05 13.05 13.05 13.16 13.38 13.57 13.72 13.83 13.96 14.10 14.19 14.21 14.19 14.20 14.25 14.36 14.44 14.46 14.48 14.55 14.64 14.69 14.67 14.64 14.82 15.30 15.60
10.39 13.02 19.72 21.14 16.61 13.40 10.15 10.04 10.42 7.77 10.83 11.18 14.23 19.21 19.03 19.03 18.88 18.67 17.15 14.69 12.47 13.28 10.87 11.78 12.88 13.46 14.60 14.66 13.75 13.17 13.08 13.12 13.14 13.16 13.23 13.39 13.57 13.72 13.86 14.00 14.12 14.16 14.15 14.17 14.23 14.35 14.47 14.48 14.49 14.58 14.67 14.72 14.74 14.75 14.80 15.11 15.35
12.65 12.15 14.51 15.96 18.73 19.30 14.62 14.63 10.46 12.19 12.18 10.12 8.11 12.09 15.14 15.28 18.77 16.94 16.14 12.71 13.19 12.67 10.91 12.59 10.58 10.81 10.88 13.36 13.45 13.12 13.03 13.07 13.09 13.16 13.11 13.17 13.37 13.56 13.71 13.84 13.98 14.06 14.07 14.07 14.12 14.24 14.40 14.47 14.50 14.60 14.70 14.72 14.74 14.79 14.84 15.01 15.15
16.16 15.55 15.44 8.67 11.66 16.45 16.29 17.60 16.49 15.25 13.72 9.79 7.79 8.59 11.65 10.69 14.30 15.52 15.99 13.66 13.42 13.65 12.56 11.27 13.87 13.86 13.05 12.93 13.29 13.31 13.10 13.04 12.92 12.99 13.08 13.07 13.15 13.40 13.61 13.72 13.83 13.93 13.98 13.97 13.96 14.06 14.23 14.37 14.43 14.52 14.65 14.70 14.73 14.79 14.84 14.93 15.00
15.45 17.56 15.32 12.38 11.76 10.85 13.06 21.21 21.51 19.20 15.50 12.26 10.17 3.65 9.36 8.62 9.54 11.99 11.55 13.30 15.50 15.73 15.73 14.97 13.41 12.31 11.37 10.82 13.55 13.81 13.54 13.34 12.90 12.80 12.91 12.90 13.01 13.35 13.68 13.81 13.89 13.92 13.97 13.95 13.88 13.88 13.97 14.09 14.24 14.41 14.60 14.67 14.63 14.73 14.82 14.86 14.90
11.65 16.16 17.22 15.71 14.50 11.62 8.85 11.78 21.01 28.73 22.06 18.15 13.93 12.35 11.30 9.50 12.79 12.26 10.42 11.34 11.84 13.07 14.35 15.58 14.62 12.81 11.94 11.61 13.57 13.62 13.60 13.93 13.58 13.17 13.23 12.85 12.88 13.21 13.60 13.85 13.96 13.99 14.00 14.01 13.93 13.88 13.90 13.95 14.11 14.27 14.45 14.60 14.56 14.65 14.72 14.74 14.84
