autotest/output/original/cli_wxModelInitialization_diurnal_local_model/mackay_07-14-2013_0900_393m_ang.asc
ncols	57
nrows	71
xllcorner	279635.000000
yllcorner	4850745.000000
cellsize	393.466398
NODATA_value	-9999.000000
298	298	298	298	296	296	282	283	277	298	297	283	275	285	285	266	291	275	271	118	330	335	290	266	85	50	333	317	281	258	267	255	281	301	309	353	322	300	286	264	352	337	344	339	221	74	61	62	49	341	69	339	354	342	339	339	343	
299	299	299	300	300	279	272	268	234	231	256	260	253	254	261	252	256	262	248	154	323	242	318	209	151	92	339	308	297	277	263	285	288	305	42	314	326	319	313	264	100	71	341	297	221	91	77	73	60	340	50	353	355	341	337	336	340	
298	299	299	301	275	268	258	232	214	219	244	248	238	238	243	246	257	244	235	195	130	336	241	208	188	305	324	317	71	52	319	301	3	310	298	14	321	329	318	308	106	325	327	334	242	120	102	87	76	29	56	355	342	339	334	327	326	
298	299	300	301	264	258	251	226	240	225	249	249	235	233	236	242	255	238	218	209	159	301	286	255	270	273	307	314	317	81	319	308	299	306	306	350	315	333	327	304	317	33	320	329	300	134	106	350	345	155	336	7	342	344	342	333	326	
299	300	300	262	259	252	246	239	211	235	251	241	224	222	225	227	254	233	271	259	265	263	270	269	268	288	318	319	340	320	315	62	303	327	332	3	33	335	328	194	195	74	333	58	324	153	325	317	312	317	341	342	350	343	337	330	325	
299	300	300	301	255	250	245	234	233	255	247	231	217	209	213	246	233	225	201	279	265	290	281	306	321	347	316	319	289	327	142	318	319	297	116	303	168	102	329	334	237	168	75	74	323	332	329	343	354	355	10	23	13	345	340	360	335	
299	300	299	300	253	249	242	231	242	257	248	221	215	239	236	203	208	305	290	308	316	321	340	343	329	356	313	321	318	293	325	73	312	307	103	128	181	187	142	345	342	323	19	22	326	349	337	346	19	36	36	347	353	347	353	334	337	
300	300	299	300	255	249	240	234	249	254	240	232	232	237	302	303	185	264	318	296	266	286	286	324	329	353	7	326	322	311	312	317	313	307	347	308	317	161	187	166	356	338	324	2	10	352	319	53	65	35	35	21	347	344	31	346	345	
300	300	299	300	252	244	236	236	246	253	240	220	229	229	304	225	223	256	268	280	262	315	315	237	269	294	19	0	337	320	309	317	288	305	161	87	81	87	166	217	353	342	332	35	337	105	332	176	85	69	48	353	124	171	183	170	357	
300	300	300	300	247	241	236	235	249	269	237	304	232	240	245	226	218	246	314	257	279	292	270	256	326	275	278	358	342	324	334	336	131	209	191	151	133	350	4	55	343	329	277	99	339	93	118	160	140	112	114	213	153	338	343	246	207	
300	300	300	299	300	242	236	246	301	279	198	305	243	248	246	306	205	236	314	272	281	282	255	312	319	275	332	267	292	334	328	73	110	165	158	143	147	6	13	359	343	334	318	316	330	319	99	322	331	126	342	346	238	341	1	358	146	
299	299	299	299	299	299	299	300	302	260	304	305	251	244	242	306	207	216	315	316	282	281	262	318	320	263	321	247	222	333	208	129	141	165	139	103	120	10	51	82	344	338	241	38	8	311	51	55	321	315	318	330	336	140	18	11	26	
299	300	300	300	301	300	302	285	259	213	204	232	253	266	305	306	198	210	316	316	269	257	258	260	272	320	314	239	230	259	206	156	132	153	170	121	349	9	74	344	335	260	341	257	357	65	66	50	338	352	34	346	334	332	18	1	13	
299	301	301	301	302	304	306	252	225	303	304	251	268	306	307	189	183	210	316	263	263	269	257	281	268	323	263	232	233	232	203	190	135	113	161	163	125	13	346	328	272	275	245	291	333	79	49	40	35	95	88	19	339	327	333	350	357	
299	300	300	300	302	303	304	302	301	302	304	307	311	282	309	205	215	213	259	250	316	269	256	254	259	262	244	233	227	218	207	209	188	103	59	351	21	10	315	279	260	300	277	287	221	78	67	78	63	346	65	338	5	39	2	350	352	
299	299	300	300	300	301	301	301	301	303	305	308	259	256	209	217	231	232	248	224	317	265	262	244	245	240	236	237	218	207	209	210	216	146	339	12	101	355	328	314	299	311	321	318	327	82	2	86	6	350	360	26	64	5	351	343	337	
299	299	299	299	299	299	301	302	303	304	306	308	310	309	307	309	231	314	239	188	262	261	256	251	252	238	240	232	212	200	203	206	222	179	356	16	97	351	345	346	334	320	311	286	253	57	60	342	357	344	32	58	58	30	3	347	336	
299	299	298	298	298	299	300	303	304	305	307	307	307	308	307	307	310	312	238	184	317	256	251	248	247	250	233	222	212	202	198	199	215	187	359	101	89	348	351	343	325	215	238	249	356	17	17	3	354	13	48	54	45	352	12	19	342	
300	299	297	296	297	298	300	303	304	305	306	306	307	309	309	308	310	312	309	311	315	316	249	248	250	247	239	234	233	206	193	195	209	194	52	74	64	345	349	288	150	345	250	355	1	304	352	29	51	72	52	41	40	19	60	347	356	
301	301	298	295	296	298	299	302	305	304	305	305	306	308	309	309	311	312	310	310	315	316	315	248	249	245	236	238	235	220	313	220	221	232	336	42	31	336	281	335	143	335	354	359	354	345	217	106	72	35	96	63	39	36	349	345	357	
301	301	298	295	295	298	298	301	306	307	306	306	306	306	307	308	311	313	312	311	315	317	316	315	315	246	245	242	231	226	236	250	238	247	280	286	321	323	336	245	142	347	2	58	351	284	171	151	104	82	83	119	51	22	29	351	345	
305	302	297	322	337	344	343	4	307	309	308	308	307	304	304	308	311	313	312	312	315	317	316	315	315	315	263	252	251	268	276	265	246	206	264	269	273	293	330	237	327	351	49	351	347	249	133	119	151	128	4	9	173	32	40	349	349	
310	307	301	320	342	348	348	9	305	309	309	308	308	304	302	308	309	310	311	312	316	318	318	318	318	318	318	258	268	274	272	247	231	178	327	275	259	259	328	235	323	344	350	341	249	237	182	92	348	12	15	357	177	200	3	354	347	
314	313	309	306	32	11	6	13	18	310	310	310	311	302	300	306	307	306	309	312	316	319	319	319	320	320	320	321	267	261	251	223	216	194	226	258	257	238	267	241	174	25	334	253	230	252	210	106	3	22	7	347	345	202	303	11	354	
313	313	309	258	303	305	303	38	22	10	311	315	314	312	299	308	309	306	310	315	318	320	321	321	321	321	321	322	264	254	244	226	218	216	186	235	243	242	260	240	221	243	254	239	237	264	191	113	20	21	357	106	101	159	5	9	280	
308	308	301	294	293	298	299	357	0	7	314	323	315	312	352	359	344	351	314	319	320	320	322	323	323	323	324	324	324	251	245	231	223	219	181	210	242	254	266	262	268	247	236	236	237	257	174	350	261	11	196	108	119	110	355	289	166	
308	307	302	297	295	297	299	348	349	32	316	329	323	319	3	357	358	4	23	320	321	321	323	324	324	325	325	325	325	326	244	231	227	226	204	204	255	276	273	272	268	241	209	227	233	247	169	160	16	291	148	122	155	25	171	187	138	
311	310	307	288	296	299	332	16	309	310	313	317	307	294	9	29	41	29	22	317	320	325	325	324	324	325	325	325	325	326	327	328	233	233	225	214	250	266	256	253	264	226	192	233	226	239	176	193	358	259	156	133	203	111	32	81	33	
310	310	306	300	295	294	325	20	15	315	321	325	333	301	287	60	57	45	357	7	25	329	329	325	324	325	326	326	326	327	328	328	328	330	330	216	237	254	240	227	250	248	224	223	219	239	192	242	266	243	209	131	184	190	107	62	178	
0	343	306	312	315	315	322	350	12	359	317	316	332	348	16	13	35	332	332	36	43	331	332	327	326	326	327	327	327	328	329	329	329	330	330	330	332	332	231	207	241	258	248	213	191	207	216	241	221	257	254	164	159	202	138	96	146	
311	315	314	310	314	326	338	346	6	355	326	306	295	42	86	102	88	89	325	225	82	333	334	329	327	326	326	326	327	329	329	329	330	331	331	331	332	332	332	331	333	336	260	219	195	160	182	208	201	233	260	181	162	230	159	109	120	
357	316	321	305	302	311	332	347	14	26	326	321	303	73	90	74	320	318	315	316	103	331	334	330	328	327	326	326	327	329	329	330	331	331	331	332	332	333	333	332	334	337	262	217	206	182	159	152	160	335	334	193	185	214	160	120	114	
358	354	328	315	288	278	287	332	34	344	345	329	322	76	17	17	12	0	45	46	325	329	331	330	328	327	327	327	327	328	329	330	331	332	332	332	333	333	334	334	335	336	336	337	340	341	191	146	341	341	341	345	352	360	8	22	29	
314	355	341	314	306	311	293	306	29	323	339	51	324	326	318	76	80	99	66	69	329	329	329	329	327	327	328	328	327	328	329	330	331	332	332	333	334	334	335	335	335	335	336	338	341	341	342	343	344	345	347	350	354	359	5	12	15	
319	350	316	321	305	336	307	311	36	318	316	337	317	86	319	58	101	325	63	47	329	330	329	327	326	327	329	329	328	329	330	330	331	332	333	333	334	335	336	336	336	337	338	340	341	342	343	345	346	348	350	353	356	359	2	5	6	
321	357	323	337	323	299	331	335	44	53	71	67	3	358	56	87	85	320	113	88	66	331	329	327	326	327	328	329	329	330	331	331	332	332	333	334	335	336	337	337	337	338	340	341	342	343	345	346	348	350	352	354	356	358	0	1	2	
312	24	314	327	322	314	281	7	60	73	69	62	53	63	22	360	315	26	54	322	328	330	329	327	328	327	327	328	329	330	331	332	332	333	333	334	336	337	338	338	338	340	341	342	343	344	346	347	349	351	353	354	356	357	358	359	360	
303	296	11	315	324	321	298	341	35	30	41	60	72	65	21	49	64	58	36	31	16	13	329	329	329	326	325	328	330	330	331	333	334	334	334	335	337	338	339	339	340	341	342	343	344	345	347	348	350	352	353	354	355	356	357	358	359	
314	295	352	16	330	331	317	320	24	42	63	61	48	32	35	42	42	25	28	34	32	30	328	332	332	326	326	329	331	331	331	333	334	335	335	336	338	339	340	340	341	342	343	345	346	347	348	349	351	352	353	354	355	356	357	357	358	
351	316	357	30	336	326	310	310	139	75	49	25	22	15	15	355	19	31	45	37	31	24	32	334	334	0	327	331	332	332	332	333	334	335	336	337	339	340	341	341	342	343	344	346	348	348	349	350	352	353	353	354	354	355	356	357	358	
334	310	12	20	351	313	128	317	248	156	86	28	27	19	24	23	30	36	37	31	34	33	29	333	334	15	328	331	334	334	333	333	334	335	336	337	339	341	342	342	343	344	345	347	349	349	349	351	352	353	353	354	354	355	356	357	358	
314	286	329	14	353	321	90	101	315	315	321	210	145	93	81	59	38	27	39	32	334	333	331	27	334	332	57	334	336	335	334	334	335	336	336	337	339	341	342	343	344	345	346	348	349	350	350	352	353	354	354	354	355	355	355	356	358	
306	302	286	324	10	55	84	71	308	116	300	309	318	167	134	116	98	95	92	88	44	333	51	70	332	331	331	334	337	335	335	335	336	336	337	338	339	341	342	344	344	346	347	348	350	351	351	352	353	354	354	354	355	355	356	356	357	
300	297	295	304	163	311	80	295	43	298	297	301	312	317	133	336	158	61	74	48	24	34	44	331	34	46	53	332	334	335	335	335	336	337	338	339	339	341	342	344	345	346	347	348	350	351	352	353	354	355	354	355	355	355	356	356	357	
325	309	294	84	138	155	89	9	297	297	352	33	336	312	145	320	268	104	110	57	56	48	43	31	331	327	328	331	334	335	335	335	336	337	338	339	340	341	343	344	345	347	348	348	349	351	352	353	355	355	355	355	356	355	356	356	357	
298	293	71	79	292	301	309	263	344	347	23	42	318	48	306	24	83	316	324	328	93	337	337	336	348	10	19	24	336	337	337	336	335	337	338	338	340	342	344	345	346	347	348	348	350	351	352	353	355	355	355	355	356	356	356	356	356	
288	282	95	327	282	347	308	322	281	264	28	30	24	327	340	41	322	350	18	324	327	332	337	338	350	13	29	45	337	336	337	337	337	339	339	338	341	343	344	346	347	348	348	349	351	351	352	354	355	355	355	356	357	356	356	356	356	
288	293	347	22	34	63	37	317	321	268	206	97	67	55	65	330	29	62	43	35	329	1	348	337	342	37	50	39	359	9	336	338	339	341	339	340	341	343	345	346	347	348	349	350	351	352	353	354	354	355	356	357	357	356	356	356	356	
290	238	211	162	139	128	92	68	316	315	235	177	136	116	93	54	48	39	45	16	333	6	21	333	334	336	342	342	356	22	23	337	340	340	337	338	341	343	346	347	348	348	349	350	351	352	353	354	354	356	357	357	358	358	356	353	352	
278	283	290	252	217	195	166	304	150	309	310	305	113	98	41	77	46	34	27	35	24	335	332	330	330	335	342	339	11	22	11	12	338	354	337	337	340	344	348	348	348	349	349	349	351	352	353	354	355	357	358	359	0	0	357	348	343	
270	276	80	284	281	278	277	283	296	128	314	311	147	319	48	328	85	35	43	51	330	333	42	331	331	335	338	334	4	357	359	1	357	358	9	26	346	349	352	349	347	348	348	349	350	351	353	354	356	358	1	2	1	359	358	349	341	
279	274	319	282	283	285	285	354	287	297	310	314	182	325	329	325	82	74	50	45	51	42	332	335	336	336	337	337	4	354	352	19	56	64	349	93	354	357	355	351	348	347	348	349	349	350	352	354	355	358	0	0	358	358	359	353	347	
319	355	38	41	44	54	307	301	7	20	305	338	285	314	329	324	20	2	321	355	17	5	333	338	338	347	346	342	35	343	269	64	343	349	352	356	0	1	357	352	346	344	348	351	350	349	351	353	355	356	356	356	357	359	360	357	353	
255	279	76	85	95	126	307	314	240	91	68	341	295	251	331	306	335	330	345	24	31	30	8	354	338	344	1	21	46	105	187	94	349	355	357	357	358	359	359	345	359	18	349	353	353	351	351	353	354	354	354	354	357	359	359	359	360	
258	218	122	103	78	283	290	304	304	185	145	117	87	313	322	285	292	271	298	142	88	18	5	346	328	228	113	90	62	83	341	348	355	360	358	355	355	355	338	340	10	29	20	358	17	26	354	354	355	355	355	355	356	357	359	1	2	
249	234	85	41	357	6	16	290	63	289	295	296	296	304	311	311	250	319	274	253	240	274	148	172	263	245	200	139	106	93	347	352	354	355	355	357	353	344	324	310	37	39	33	39	71	357	357	356	356	356	356	355	355	357	358	1	4	
234	244	289	29	56	85	97	84	55	52	10	292	329	351	307	303	300	304	309	318	325	234	235	218	149	175	331	337	342	346	352	354	350	347	351	356	336	1	315	349	48	81	66	72	356	358	359	358	357	357	356	355	355	356	357	2	6	
236	251	223	145	113	97	89	123	144	125	67	321	9	356	360	346	343	307	310	317	320	317	319	321	324	328	332	337	342	345	347	350	349	346	347	351	315	352	345	346	345	73	57	357	28	359	357	357	357	357	356	356	356	356	358	2	5	
162	186	218	203	82	55	75	97	204	226	189	290	144	109	15	271	62	69	75	71	320	311	312	316	318	323	331	340	346	345	343	347	350	360	346	346	351	310	358	345	28	33	354	22	359	359	22	357	358	356	356	356	356	357	359	1	1	
149	169	226	244	137	108	118	110	68	287	302	259	256	221	313	316	242	183	318	321	320	313	312	316	321	325	333	342	345	344	5	346	330	349	346	347	321	358	334	349	27	22	25	26	16	16	48	1	358	355	356	356	357	357	358	0	3	
148	172	230	263	208	123	116	115	109	103	136	294	291	288	294	300	300	302	310	321	323	338	353	1	328	8	337	345	346	343	360	11	350	341	4	355	343	325	333	330	37	36	41	33	39	1	49	9	29	355	356	355	356	356	356	360	5	
171	221	229	251	215	146	119	122	180	276	277	62	283	286	295	302	303	305	316	325	325	326	351	31	38	340	342	346	348	339	8	18	351	342	3	359	341	332	324	314	59	64	50	0	2	7	9	2	35	358	355	352	354	355	356	359	2	
231	225	249	231	213	178	146	208	259	268	273	276	282	326	5	28	308	344	321	329	315	328	64	62	340	344	342	344	346	347	20	13	351	345	5	355	341	327	328	5	30	359	6	46	34	7	7	8	32	18	353	351	353	355	356	357	358	
250	258	270	257	255	196	182	132	259	174	275	279	308	352	28	304	336	17	324	333	316	4	42	331	340	340	20	353	335	344	348	0	347	336	354	346	342	329	342	53	42	4	36	9	23	2	7	359	14	11	22	352	355	355	355	355	355	
255	254	264	268	266	265	236	212	260	265	277	288	290	44	345	331	20	25	10	331	315	34	37	27	337	5	343	347	342	345	328	348	5	352	360	339	342	327	45	70	41	41	3	6	5	16	7	352	9	35	49	39	358	356	355	354	352	
72	233	237	254	264	273	277	212	264	269	285	276	240	293	323	12	2	323	345	328	316	44	36	355	354	16	6	349	351	344	328	331	5	357	325	335	340	348	7	3	43	6	13	32	11	4	347	329	58	56	59	48	3	0	357	352	348	
134	222	227	258	271	310	277	277	204	280	264	260	266	254	259	69	8	11	344	324	331	50	25	346	8	22	2	333	355	356	340	331	347	346	335	310	347	140	55	21	3	11	31	24	356	3	10	353	50	53	57	61	12	6	359	347	340	
145	216	217	232	49	85	86	267	277	249	251	271	257	312	280	306	6	3	339	320	1	45	25	351	27	344	355	336	2	13	337	337	347	355	342	340	341	351	171	289	42	15	4	9	358	3	34	52	51	60	16	42	21	10	7	343	333	
200	188	225	225	160	139	152	262	278	285	296	282	261	275	283	313	325	354	338	323	29	50	16	7	7	14	352	337	359	3	334	333	347	340	351	82	39	348	353	353	148	35	9	347	305	205	62	50	52	37	15	12	7	3	8	3	350	
223	189	250	215	220	251	250	256	278	293	303	268	313	301	297	268	275	306	320	321	54	58	1	20	3	17	5	341	344	338	340	336	13	70	90	16	353	351	347	349	1	10	9	323	342	1	8	60	48	22	4	14	29	12	24	14	346	
195	231	259	266	251	242	38	245	277	297	324	307	317	301	323	328	336	341	342	333	336	343	349	32	356	8	354	359	350	357	333	345	50	347	350	353	357	38	51	349	359	10	8	305	359	12	16	35	6	6	7	7	5	6	9	7	350	
