autotest/output/original/cli_wxModelInitialization_diurnal_local_model/mackay_07-13-2013_2100_393m_ang.asc
ncols	57
nrows	71
xllcorner	279635.000000
yllcorner	4850745.000000
cellsize	393.466398
NODATA_value	-9999.000000
277	273	268	264	262	267	272	274	272	265	254	247	241	231	227	237	241	258	276	306	331	295	258	279	305	324	323	210	201	206	218	237	257	268	288	313	201	218	238	274	310	332	329	280	295	324	339	340	337	324	317	319	313	300	264	275	273	
281	276	271	269	271	273	275	276	275	269	263	259	255	245	241	242	250	262	278	287	313	319	274	279	287	294	253	192	198	203	215	248	257	265	272	268	235	236	253	274	295	324	339	299	289	304	313	320	299	282	288	310	305	289	281	276	273	
285	282	278	279	280	280	279	279	278	276	275	277	278	279	275	266	262	269	267	260	248	0	278	266	279	268	276	119	98	109	188	243	249	248	220	264	252	73	284	275	275	281	308	322	282	275	294	303	286	289	278	285	281	234	232	228	242	
287	285	283	283	281	280	279	278	278	278	279	282	286	290	289	281	269	293	290	275	267	254	297	284	279	275	142	171	288	91	73	247	245	245	264	278	315	99	310	278	263	268	283	330	294	270	278	302	278	279	283	264	216	211	219	257	258	
289	286	284	283	281	280	279	278	278	280	283	285	287	292	296	293	275	264	281	268	263	289	301	241	199	212	125	275	272	322	56	279	256	270	293	296	300	337	318	284	254	261	278	291	320	270	251	228	243	248	239	227	218	200	264	269	269	
288	286	284	282	281	280	279	278	279	282	284	285	286	289	291	291	273	241	289	227	236	246	256	263	273	290	219	325	107	284	67	312	280	284	297	313	300	296	296	289	248	254	257	262	271	231	200	233	248	267	256	242	259	198	276	283	283	
288	285	283	281	280	280	279	278	279	282	284	284	283	283	283	281	331	34	224	241	250	253	260	272	278	286	333	22	61	288	273	334	296	281	284	309	334	289	256	281	58	248	248	243	222	187	212	272	282	283	272	248	270	201	279	262	290	
288	285	282	281	280	280	278	278	279	281	282	284	282	280	279	281	287	54	265	256	252	252	260	267	269	274	302	171	319	298	307	330	307	282	269	281	289	341	358	173	126	239	246	237	276	299	289	280	280	275	258	296	310	294	277	262	247	
287	284	282	281	280	279	278	277	278	279	282	285	283	279	280	288	348	338	313	284	269	259	257	250	248	259	254	340	319	304	304	317	307	292	272	271	283	308	34	74	138	240	256	266	277	312	302	282	274	272	277	280	299	303	276	251	250	
287	285	282	281	279	278	277	277	277	279	283	286	283	328	283	292	342	332	321	298	283	272	269	260	257	256	260	291	313	299	299	308	313	302	281	268	243	280	38	98	136	247	268	270	280	288	298	300	280	291	318	273	277	290	347	270	264	
286	284	282	280	279	278	276	277	280	283	284	284	282	283	286	291	311	331	327	309	296	284	272	265	267	267	269	283	308	284	284	295	308	297	279	291	315	250	41	110	155	265	273	267	257	275	292	310	311	290	312	310	274	276	314	308	283	
285	283	281	281	282	279	278	281	286	286	281	276	279	331	285	347	305	328	327	313	303	291	284	274	271	271	274	280	284	287	273	262	297	283	281	268	288	29	92	117	199	276	266	251	256	275	270	267	257	241	257	296	344	272	304	343	337	
285	284	283	284	284	283	285	287	286	282	274	273	276	279	286	295	305	322	323	314	308	300	294	287	276	271	271	289	325	279	264	245	272	295	302	254	245	71	114	141	311	275	252	245	260	268	266	252	227	278	268	287	324	319	308	330	346	
286	287	286	285	286	288	289	286	280	273	272	275	276	281	290	297	302	314	317	313	309	304	300	295	286	275	274	299	305	304	287	278	254	273	320	300	249	59	107	35	318	304	272	258	265	262	257	253	268	281	269	272	224	234	257	262	247	
285	286	286	284	287	289	286	279	273	273	279	283	286	286	288	293	296	330	310	312	309	304	302	299	292	284	273	313	315	298	288	297	272	255	268	331	327	130	122	25	339	297	249	271	270	267	266	267	284	280	252	224	245	263	287	261	119	
282	284	285	285	286	286	283	279	329	280	284	290	294	287	282	285	290	295	301	310	309	301	299	297	292	282	316	327	316	316	320	321	274	259	240	243	131	163	274	231	164	240	259	265	271	273	293	281	261	212	243	252	280	273	273	252	226	
280	281	284	285	285	287	289	288	286	286	287	291	292	285	277	280	286	290	294	305	309	299	295	292	288	307	335	325	316	317	328	337	298	282	244	159	140	196	253	258	311	304	297	274	259	257	254	230	214	254	258	273	260	227	210	187	169	
279	279	280	283	285	289	294	295	291	289	288	287	286	283	279	280	285	288	289	299	305	298	292	288	286	286	284	277	324	321	322	338	334	306	279	152	150	228	273	293	309	312	300	248	244	244	244	252	264	270	266	257	238	225	221	229	145	
278	276	275	279	286	291	296	299	296	291	288	284	282	284	284	285	287	287	287	294	301	296	291	287	284	282	280	275	330	322	321	333	356	349	103	146	150	283	284	285	294	305	22	202	240	247	252	262	278	265	253	247	235	252	273	291	354	
274	272	272	278	286	292	294	301	302	294	287	282	282	286	287	287	289	288	286	291	298	294	288	285	282	278	274	333	336	323	324	345	350	31	79	68	277	277	276	276	272	192	47	89	250	265	267	260	265	268	249	245	237	245	257	233	176	
271	269	272	279	286	291	291	298	306	300	289	326	281	284	288	292	293	290	286	288	295	292	286	283	281	278	275	275	273	270	339	318	334	27	49	308	280	273	267	269	273	260	57	104	270	274	289	279	265	266	276	247	235	236	244	224	164	
275	271	273	284	287	291	288	290	301	304	244	255	278	279	288	298	300	294	288	288	292	290	285	282	280	279	278	275	335	274	279	282	331	350	25	316	291	273	265	279	247	298	100	115	280	269	265	285	291	272	273	227	232	235	240	247	138	
285	277	275	283	285	287	279	278	287	248	240	241	232	277	287	300	304	299	295	291	325	289	285	282	281	280	279	276	275	276	280	284	293	321	338	319	300	286	266	298	240	359	96	299	275	264	259	255	293	262	279	249	254	239	237	228	195	
293	282	275	275	273	270	267	268	272	245	287	236	268	275	283	295	299	301	303	300	341	295	289	284	281	280	279	279	279	278	279	282	290	306	345	318	304	293	276	306	278	35	0	313	298	293	285	255	238	123	247	265	269	241	232	233	232	
289	282	273	265	258	257	264	264	264	270	281	272	260	271	281	297	296	296	308	317	311	300	292	286	282	280	279	279	279	278	277	279	284	294	306	310	303	296	285	337	329	359	349	330	320	294	275	264	228	170	262	267	260	329	238	248	251	
277	272	266	260	257	263	270	268	266	272	272	207	252	272	283	269	300	294	303	268	266	312	300	290	285	281	279	278	278	277	276	277	281	285	292	297	297	295	5	346	350	331	347	338	337	308	282	266	124	247	265	256	250	300	7	271	265	
272	266	262	260	261	266	275	281	280	273	245	191	270	279	285	302	307	268	270	268	251	257	312	297	288	283	278	276	276	276	275	275	277	279	283	289	334	296	295	2	282	322	339	345	343	315	291	297	201	261	262	273	284	272	332	320	301	
276	265	260	259	260	263	274	287	291	264	213	274	291	285	284	296	288	295	262	245	271	274	323	301	291	283	278	276	276	275	274	274	275	277	280	285	291	294	296	295	284	330	326	343	344	331	302	346	27	267	258	275	301	278	269	310	310	
266	255	255	258	260	264	271	282	297	327	266	287	293	290	284	287	283	276	270	274	296	278	284	301	291	283	279	278	275	274	274	274	275	275	278	282	287	289	290	293	285	332	331	335	336	345	326	360	350	311	285	258	319	282	282	296	258	
110	232	252	262	261	270	275	280	302	7	327	288	288	285	288	284	287	292	282	276	281	280	276	323	289	286	282	278	275	273	273	274	273	274	275	278	282	284	283	285	285	354	328	319	319	330	342	351	344	338	301	281	307	267	294	303	313	
88	211	266	265	272	277	282	289	302	352	20	291	280	285	288	279	283	289	294	283	272	273	267	289	285	285	283	278	275	273	273	273	273	273	274	277	279	280	279	280	283	3	324	323	318	311	322	334	336	350	326	303	311	324	301	303	309	
65	359	280	272	269	276	279	283	295	336	260	306	280	277	276	265	248	277	251	285	292	283	278	283	280	281	281	279	277	275	273	272	272	272	273	274	275	277	277	278	280	15	334	324	315	310	310	311	318	332	338	319	326	330	311	307	310	
358	337	303	280	274	270	269	271	284	277	336	319	291	274	251	261	250	254	266	270	274	274	265	267	276	276	278	279	278	276	274	272	272	271	270	322	272	274	275	275	277	354	333	322	324	325	312	307	307	309	315	327	331	316	312	312	307	
303	317	322	286	277	278	271	273	275	299	304	308	301	279	264	269	274	269	274	277	271	258	262	269	289	277	277	277	277	277	275	273	272	272	271	271	272	272	272	273	274	340	338	331	342	327	313	307	306	304	303	308	319	312	321	304	303	
287	300	331	301	269	275	271	277	272	286	262	294	289	292	303	284	287	265	264	263	257	259	249	230	230	247	279	276	276	276	275	274	273	272	272	271	271	270	270	271	272	314	349	342	336	330	314	309	305	303	302	303	318	313	301	263	300	
279	298	334	116	263	259	272	278	275	283	286	281	255	254	264	277	276	277	278	275	268	248	224	228	245	250	255	278	275	274	274	273	326	271	319	269	269	268	268	269	270	307	344	343	336	326	317	308	302	301	303	306	315	262	262	261	260	
270	272	309	174	318	259	258	265	274	272	270	265	262	266	256	240	245	252	267	267	252	228	230	246	252	249	251	273	278	273	273	272	272	271	270	269	268	267	267	267	269	270	318	341	336	325	316	309	301	295	304	308	263	262	261	260	287	
262	261	276	352	178	293	259	261	265	254	259	264	267	261	252	258	268	262	257	248	232	237	251	256	241	235	241	290	261	279	273	272	271	270	269	268	267	266	266	267	268	269	269	319	327	325	314	307	300	292	298	306	262	260	260	259	290	
264	267	280	328	20	331	276	272	258	260	260	255	247	241	245	253	252	248	250	252	249	250	253	238	261	270	279	286	250	260	274	271	270	269	268	267	266	266	292	266	266	267	268	268	305	310	304	292	291	296	292	305	260	260	259	258	294	
270	280	282	311	186	321	296	281	258	246	238	238	233	251	237	252	256	262	257	256	248	243	250	227	264	269	272	257	282	237	248	267	270	268	283	283	266	265	265	265	278	265	265	265	293	282	265	263	285	294	285	287	303	259	258	258	291	
268	276	270	279	183	308	301	299	269	245	230	235	244	253	255	254	256	256	251	251	249	249	245	230	271	267	255	272	248	234	243	246	254	268	270	267	281	265	265	264	264	277	263	263	284	265	264	262	260	289	280	260	289	258	258	257	294	
265	262	258	262	305	301	295	293	313	307	256	250	250	268	266	254	252	260	257	253	256	254	254	253	271	266	263	260	252	240	246	249	248	245	258	264	271	264	264	264	263	279	275	263	281	263	262	260	269	279	260	259	258	291	258	257	299	
267	266	266	273	287	286	276	269	270	289	312	314	276	262	263	263	280	272	277	271	250	252	264	277	288	269	263	275	255	243	253	251	247	244	253	258	264	270	264	263	262	268	269	262	262	261	272	270	273	272	259	258	258	258	257	256	299	
270	273	279	288	283	262	255	250	247	231	238	264	288	291	293	284	265	281	270	241	256	262	254	243	255	263	263	255	249	248	240	240	242	246	248	251	254	259	265	266	261	259	258	261	276	260	258	258	259	259	269	257	272	256	281	294	293	
270	274	280	288	282	254	243	236	227	227	274	270	276	311	286	310	283	286	272	248	254	249	247	252	226	241	244	240	243	237	236	244	246	243	243	243	242	238	237	265	234	234	241	253	270	260	258	257	286	257	257	256	255	271	254	283	284	
270	271	272	268	261	270	260	234	231	251	257	261	261	264	261	266	281	276	288	295	251	281	257	217	258	264	249	250	243	261	239	229	237	237	240	240	240	236	265	234	235	236	238	251	254	254	267	258	289	256	256	255	255	254	255	255	255	
268	267	263	251	243	263	278	287	240	247	250	251	243	242	249	249	234	245	246	263	287	281	221	249	258	264	266	257	243	238	228	246	240	233	233	271	244	242	229	232	240	241	244	262	245	242	244	247	257	282	278	254	278	253	278	253	261	
263	265	255	250	259	266	270	299	3	259	250	247	245	250	258	254	245	261	260	247	231	222	212	258	259	259	253	243	221	231	231	238	253	236	268	256	248	244	229	239	240	263	262	249	247	246	246	249	257	256	255	285	280	281	276	265	253	
270	267	262	259	264	269	275	279	336	332	289	253	271	272	260	237	248	257	246	236	256	237	239	269	264	254	238	208	238	244	243	243	243	238	244	250	245	244	263	234	244	247	248	263	262	260	259	258	259	255	254	272	251	284	254	256	255	
275	280	292	278	265	273	284	297	316	340	329	260	258	266	272	245	244	245	242	245	250	256	257	277	264	250	202	250	242	240	234	237	229	263	265	269	271	246	258	241	240	236	242	248	264	262	260	257	255	243	253	245	252	252	256	258	254	
273	280	292	300	309	290	280	265	275	306	349	274	259	242	264	238	248	267	283	283	280	275	256	246	242	226	207	259	235	252	253	234	261	260	254	253	252	248	209	225	232	227	242	249	250	264	261	257	249	225	249	249	249	249	250	250	246	
270	275	286	262	243	236	255	258	273	265	294	299	300	246	265	239	251	251	257	256	249	248	241	234	229	224	219	263	260	255	255	258	258	254	247	242	234	250	200	226	235	236	244	249	246	246	244	243	257	211	246	245	243	242	245	245	244	
266	267	275	279	259	269	273	251	256	255	271	296	320	289	273	239	249	240	242	240	243	241	233	224	223	231	240	272	259	261	259	259	278	244	240	238	266	207	207	224	236	244	238	225	231	236	232	265	229	210	252	251	246	243	246	249	250	
261	263	265	272	289	307	313	282	263	261	264	272	307	312	262	245	249	237	236	243	245	238	244	243	223	256	263	271	272	267	260	252	265	271	262	202	206	192	208	228	248	254	242	263	231	234	232	226	225	223	261	258	252	249	250	253	254	
263	261	258	267	266	261	268	313	293	269	279	279	290	316	313	276	257	262	243	244	238	236	240	247	257	259	256	254	265	277	284	275	263	226	200	201	189	190	207	236	264	259	239	263	236	242	261	236	228	237	230	260	256	254	254	256	256	
257	256	253	248	251	266	246	253	272	294	291	280	261	255	313	316	286	292	277	253	243	243	246	256	266	264	277	270	264	266	271	275	264	177	215	196	194	199	252	257	260	256	256	256	256	252	255	248	234	238	236	230	260	256	256	256	256	
249	248	246	246	253	264	276	271	255	247	241	226	241	251	252	256	265	316	308	300	286	260	284	261	284	289	287	285	279	274	272	199	198	190	181	238	221	256	264	268	264	256	268	273	271	275	265	254	237	235	237	245	273	258	257	256	255	
251	243	241	243	247	266	274	294	254	227	238	232	250	247	243	251	262	257	265	283	304	287	295	288	285	291	288	281	284	221	216	192	202	216	193	249	250	251	214	271	270	264	261	242	238	233	237	241	232	235	245	252	261	259	257	255	254	
257	236	237	242	243	252	262	276	302	248	223	241	250	252	235	243	253	257	260	267	311	289	267	297	293	284	279	228	190	205	216	200	172	216	222	159	255	247	224	248	261	256	239	233	225	218	235	241	236	249	259	261	263	257	253	252	251	
252	320	53	244	250	259	271	267	257	258	292	268	259	256	269	256	260	270	266	265	204	214	234	244	242	240	232	189	203	249	250	222	191	210	223	193	206	204	231	251	259	252	240	237	224	254	254	242	237	256	267	271	258	277	251	251	250	
245	327	62	267	257	255	258	261	259	261	276	314	274	270	292	287	277	277	260	205	219	257	226	229	244	265	241	185	174	193	256	220	174	205	231	208	196	194	245	260	261	252	248	241	247	267	248	220	268	271	260	266	273	279	253	252	251	
240	348	27	279	261	246	248	256	283	291	275	249	214	235	244	254	243	239	224	194	226	259	231	255	257	251	242	189	245	207	228	247	173	210	220	212	190	224	260	268	264	254	257	259	262	249	200	235	264	247	244	253	258	265	282	250	247	
1	354	356	330	297	272	255	255	260	263	268	228	233	255	256	251	211	243	248	181	239	269	274	267	272	267	242	206	249	252	250	223	211	230	221	204	188	238	275	279	270	263	256	244	234	202	207	242	255	230	242	248	248	247	247	247	249	
285	303	353	324	306	295	279	257	264	209	238	213	249	254	251	235	248	253	246	196	250	251	276	271	244	198	231	198	185	175	191	213	193	251	205	203	196	250	274	274	265	257	229	222	229	205	210	234	233	237	238	243	241	229	229	221	206	
277	290	302	292	320	326	271	286	269	297	176	224	247	245	238	243	256	255	216	216	258	272	266	233	210	222	231	172	217	208	211	223	217	195	183	234	243	274	274	262	251	242	216	242	238	218	210	251	253	250	245	242	237	227	227	216	199	
264	262	264	262	268	258	343	318	287	186	203	246	246	239	242	256	258	247	213	227	267	271	257	202	218	234	214	178	229	223	169	230	223	205	222	256	254	267	265	257	243	226	230	231	215	224	221	256	255	257	253	245	242	235	227	214	194	
255	239	227	242	268	287	271	315	341	157	244	251	256	245	245	247	242	227	218	205	272	270	238	217	228	245	194	222	241	225	189	198	216	210	264	274	262	249	239	226	227	229	227	212	212	240	243	264	253	249	248	249	249	226	213	202	190	
250	228	218	248	258	260	259	256	44	314	296	263	270	271	254	244	232	235	201	264	271	252	221	212	249	244	187	170	251	227	183	205	257	267	289	285	284	258	229	224	229	225	221	190	216	242	244	254	261	238	254	234	219	211	212	196	178	
255	242	249	259	255	241	263	247	6	283	282	286	271	273	196	249	241	240	245	263	263	239	220	241	245	231	197	182	247	222	180	215	266	250	271	266	271	290	276	244	239	239	229	200	233	236	235	238	237	227	213	212	220	219	220	204	173	
260	266	283	272	250	266	243	260	37	244	288	307	316	77	285	281	269	261	257	253	239	214	217	230	225	215	217	225	243	196	196	264	258	241	234	242	252	268	304	290	278	270	279	283	275	265	239	227	211	208	213	216	212	214	219	215	207	
258	267	342	289	280	239	221	234	23	295	295	294	322	310	298	302	296	286	269	244	220	207	215	221	214	212	222	244	264	274	283	270	243	218	246	267	254	237	259	273	297	301	330	283	307	307	252	224	218	225	213	216	227	217	224	222	221	
