autotest/output/original/cli_wxModelInitialization_diurnal_local_model/mackay_07-14-2013_0000_393m_vel.asc
ncols	57
nrows	71
xllcorner	279635.000000
yllcorner	4850745.000000
cellsize	393.466398
NODATA_value	-9999.000000
[rows 0 to 51 of 71, columns 0 to 56 of 57]
4.08 3.10 4.51 4.51 4.06 5.21 4.71 4.92 5.95 4.50 4.83 5.30 5.50 5.39 5.11 6.04 4.50 5.87 7.40 9.55 10.16 4.93 6.84 8.34 9.71 10.78 8.28 5.47 4.31 0.97 2.74 4.70 4.35 3.72 5.55 5.58 3.89 3.38 1.48 6.79 9.95 12.41 9.04 7.13 10.08 13.06 15.32 14.57 12.73 11.58 8.38 12.27 7.55 10.98 8.65 5.58 5.30
4.32 4.44 4.53 4.27 4.81 4.91 5.60 5.84 5.97 5.98 5.97 6.24 6.34 6.57 8.00 6.42 7.40 7.32 7.99 8.52 9.56 9.83 7.81 8.19 7.69 8.36 8.18 2.39 4.24 1.27 0.68 4.61 5.12 3.56 4.99 7.86 4.82 3.47 5.21 8.56 9.17 10.61 7.15 7.62 9.98 10.44 13.05 12.20 10.56 9.91 11.32 12.35 5.52 5.94 4.68 5.08 4.96
4.54 4.56 4.65 4.76 5.34 5.49 5.61 5.75 5.74 5.61 6.44 6.49 6.91 8.94 8.92 8.76 8.64 9.03 9.00 8.59 8.33 9.32 6.51 7.83 5.95 5.32 4.06 5.78 5.64 4.76 2.72 5.60 5.71 3.05 3.56 7.63 5.70 3.71 6.36 10.03 7.27 8.67 10.64 10.05 8.44 11.85 10.15 9.18 9.29 5.73 10.71 10.57 10.05 8.37 7.64 7.74 10.92
4.72 4.31 4.57 5.17 5.33 5.42 5.49 5.52 5.40 5.25 6.00 7.20 6.62 8.43 8.62 8.52 8.39 8.86 9.20 8.37 7.14 6.21 5.44 4.62 3.75 3.95 5.42 4.95 4.69 5.72 3.24 4.00 4.92 5.52 2.82 7.83 6.38 1.68 8.43 9.81 5.65 4.94 9.38 8.22 6.67 6.65 7.10 7.11 2.32 4.36 9.60 2.27 5.78 3.99 4.49 5.33 7.14
4.99 5.04 5.30 5.62 5.86 5.37 5.41 5.37 5.17 6.44 7.21 6.51 7.10 7.40 9.46 9.87 8.74 9.03 8.42 5.97 4.70 3.46 3.70 1.73 5.40 7.28 5.98 3.39 2.08 4.27 5.06 3.08 1.32 6.98 10.72 11.21 8.94 9.11 10.65 8.08 4.72 11.70 5.97 9.86 8.98 4.94 5.91 11.26 8.76 8.98 8.15 5.65 4.54 2.98 4.62 6.81 8.02
5.26 5.25 5.65 6.06 6.11 6.29 6.57 5.23 4.98 7.71 7.55 7.02 7.16 7.33 9.16 9.33 9.32 7.71 6.82 8.56 5.78 4.65 5.00 5.36 4.64 5.17 3.85 2.44 4.24 2.56 3.53 3.65 5.68 11.86 12.92 9.87 8.50 8.73 13.00 4.87 3.25 5.18 4.46 3.48 7.43 9.03 9.16 6.52 6.83 6.28 6.53 6.15 3.99 1.16 6.68 7.60 7.20
5.77 5.50 6.10 6.31 6.22 6.43 6.79 7.05 6.63 7.58 8.52 7.40 7.38 7.50 9.83 9.37 9.21 8.04 6.16 4.35 4.91 4.75 4.26 0.81 1.94 4.43 3.81 4.62 4.59 2.39 0.74 3.90 5.08 12.45 9.27 9.96 10.22 6.38 5.59 9.21 6.46 3.97 3.75 3.87 6.68 1.86 0.96 10.60 11.68 10.51 9.92 6.74 4.96 2.23 8.96 8.84 5.90
5.84 5.68 6.26 6.25 6.29 6.67 7.08 7.16 6.70 7.81 7.28 7.60 7.25 7.19 7.12 9.18 8.17 8.64 7.16 6.18 6.27 6.34 6.93 7.01 4.35 5.52 3.18 1.57 3.68 2.39 4.11 1.35 7.34 12.55 8.96 9.36 12.54 12.03 9.89 4.32 7.15 2.58 4.15 5.71 6.93 7.52 10.90 13.16 11.21 10.83 8.04 6.61 8.21 10.62 9.84 6.24 4.71
6.63 6.28 6.48 6.50 6.75 7.14 7.35 7.23 6.90 7.57 7.21 7.76 7.46 8.77 8.19 7.98 8.62 5.93 7.81 7.56 6.93 7.26 7.51 5.63 6.09 6.10 5.00 1.89 1.20 0.99 3.02 10.88 14.92 13.40 10.93 9.65 11.00 10.48 7.69 8.56 6.60 2.90 7.53 9.58 10.98 9.22 10.88 11.14 9.57 9.21 11.09 11.98 9.66 9.90 7.15 5.29 4.82
7.29 6.73 6.87 6.99 7.23 7.46 7.52 7.32 8.40 6.69 6.62 7.97 9.20 8.17 7.48 7.88 8.96 5.76 7.42 7.43 6.97 7.18 7.33 6.78 6.93 5.27 5.49 6.52 6.35 4.72 9.05 15.83 14.37 15.80 10.45 12.96 9.38 7.37 6.51 9.96 6.60 1.65 9.20 9.29 8.88 11.67 11.09 10.92 8.23 11.75 10.27 6.06 6.65 5.75 10.83 4.96 5.34
7.64 7.10 7.21 7.31 7.43 7.53 7.53 7.98 4.50 5.34 5.41 4.31 8.22 7.37 7.66 7.65 9.01 8.79 7.23 7.26 8.20 7.98 7.74 7.30 6.57 6.84 7.13 9.27 10.82 10.93 14.79 15.30 11.31 9.90 13.15 9.33 8.06 5.63 6.61 9.99 4.99 4.93 10.23 7.69 3.92 7.43 9.91 8.92 9.18 8.81 9.04 3.75 5.36 5.32 10.19 5.48 5.91
7.88 7.28 7.71 7.80 7.41 7.56 7.89 4.57 5.31 5.88 5.02 7.90 7.65 7.83 8.11 7.51 7.54 9.31 7.57 7.09 7.38 8.36 8.56 8.51 8.50 9.33 9.39 9.73 9.68 13.85 13.42 13.59 11.65 12.48 10.44 9.32 6.38 4.67 12.76 9.43 3.22 9.46 9.49 5.24 5.50 9.37 12.77 9.13 10.12 11.32 10.21 12.87 10.24 4.77 11.48 11.04 10.06
7.92 7.48 6.07 6.39 7.82 7.25 4.93 5.44 5.98 5.38 3.92 8.69 7.91 5.25 4.26 7.35 8.51 9.74 7.44 7.36 7.95 8.49 8.83 9.36 9.22 8.94 10.31 10.19 12.10 12.13 13.08 10.27 10.81 10.65 10.42 8.72 5.73 5.03 10.47 4.05 6.07 9.28 5.04 4.25 8.59 9.20 6.10 7.09 5.00 7.26 11.69 8.01 9.73 8.35 10.02 9.29 10.68
8.34 8.37 8.05 7.14 8.46 6.52 8.64 9.22 5.18 3.97 9.96 8.17 3.79 4.47 5.22 4.97 7.32 10.14 7.65 8.27 8.80 8.29 8.68 9.61 9.77 10.29 11.76 12.49 11.93 12.20 11.76 9.97 10.37 10.18 9.82 8.55 4.41 6.48 9.13 5.08 7.37 7.28 2.99 6.20 9.91 7.20 6.54 8.73 8.14 8.29 4.22 6.09 8.36 8.28 10.73 5.94 7.44
8.38 9.12 8.95 8.40 8.68 8.59 8.59 9.59 4.00 9.56 8.10 6.80 4.45 5.41 5.52 9.69 7.81 10.54 7.58 9.31 8.40 8.49 8.71 10.01 10.80 11.66 11.74 11.17 11.70 11.94 10.29 11.29 10.11 8.84 7.35 5.54 6.04 12.70 7.12 4.29 3.36 2.71 2.17 8.27 10.74 8.00 7.16 7.29 10.93 8.86 10.46 7.48 5.04 10.06 5.42 10.02 4.35
6.61 6.39 8.49 8.80 8.77 8.74 9.38 9.42 7.85 7.96 8.39 8.65 5.08 5.49 5.04 11.97 6.71 9.55 7.53 10.96 9.08 8.97 9.57 10.30 10.93 11.10 10.52 10.46 11.72 10.97 10.04 10.93 7.03 9.89 5.49 3.11 13.95 7.74 2.95 4.46 3.88 2.52 2.44 5.32 11.20 8.97 10.83 6.62 7.54 8.74 6.16 10.05 10.50 4.39 9.82 8.45 9.37
6.38 6.15 5.71 8.44 8.84 9.35 8.76 7.96 7.24 8.47 8.42 9.55 11.76 4.35 4.02 11.02 10.42 9.21 4.94 12.68 8.99 9.28 9.60 10.28 10.73 10.41 10.23 10.61 11.51 10.86 10.45 10.85 6.45 9.34 5.02 6.09 10.24 4.31 2.10 1.01 5.55 13.70 14.08 11.39 8.82 6.44 8.63 9.73 5.30 6.44 13.20 9.65 9.55 7.36 5.46 2.71 5.08
5.51 5.78 5.32 4.83 4.48 6.83 8.01 7.88 7.56 9.06 9.03 10.57 8.43 11.45 8.60 3.98 10.44 4.48 8.38 4.65 9.87 9.27 9.76 9.99 9.58 10.35 10.35 10.81 10.81 10.36 9.47 10.37 6.89 9.49 8.15 11.30 8.07 5.44 6.45 8.61 16.37 17.00 11.76 6.56 4.40 4.07 3.27 4.80 9.15 11.20 13.26 9.86 7.22 4.45 5.20 7.77 7.05
6.85 5.31 5.72 6.18 6.58 5.61 6.56 7.77 8.36 8.83 10.23 10.78 9.47 3.76 7.56 8.82 10.07 4.50 7.88 10.44 10.96 9.53 9.45 9.40 9.66 9.56 10.34 10.19 8.96 9.08 9.11 9.61 9.82 7.24 10.26 9.76 9.27 9.79 12.37 14.44 15.48 11.83 10.08 5.02 3.75 6.49 10.01 12.85 15.23 11.22 10.71 8.98 6.95 6.43 8.75 5.80 5.08
5.09 4.78 4.40 4.41 6.30 5.95 6.69 8.22 7.80 9.87 10.60 10.63 10.36 8.90 7.79 8.38 9.62 7.98 5.17 5.03 11.48 9.39 9.49 9.56 9.28 8.81 9.46 8.60 10.11 8.82 8.52 9.30 7.56 6.13 10.97 11.46 12.92 13.53 11.77 12.35 11.03 10.00 10.79 8.96 6.08 10.07 13.11 12.38 13.43 10.67 9.17 9.11 7.46 7.64 10.47 6.12 3.44
4.43 4.82 3.00 3.59 5.35 5.65 5.86 7.57 7.96 6.66 3.95 4.30 7.87 5.82 8.17 8.90 9.51 5.03 6.39 5.28 4.76 9.54 9.57 9.39 9.50 8.74 9.47 9.04 8.87 10.05 6.91 5.15 6.14 6.96 10.13 11.03 11.86 11.00 11.10 11.26 12.70 9.90 11.79 8.46 5.54 12.29 17.25 14.13 13.63 13.30 12.65 8.67 5.49 4.85 5.17 5.37 0.81
3.82 1.43 2.02 3.35 5.33 5.08 5.68 7.33 7.38 7.18 8.42 6.72 3.65 4.06 6.05 9.36 9.16 8.73 5.79 5.23 4.34 9.58 8.66 8.91 8.92 7.33 7.06 7.69 6.87 5.89 5.21 6.62 6.67 9.55 11.13 11.66 10.67 11.93 10.88 13.84 11.57 9.22 12.19 7.92 12.33 13.25 12.45 15.77 13.30 11.47 9.82 3.50 5.11 6.45 6.24 7.13 4.88
0.79 1.13 1.16 6.05 6.42 5.77 5.82 5.50 6.45 6.30 8.75 6.09 4.78 4.32 7.82 4.57 9.49 8.98 9.25 12.69 12.41 8.23 7.15 6.89 6.25 8.03 7.68 7.93 7.14 5.82 6.44 7.52 10.78 10.39 12.11 10.68 12.85 12.93 10.83 13.15 11.90 11.43 10.40 12.48 16.19 14.26 15.19 10.83 10.45 5.96 7.00 3.30 6.29 6.53 4.90 3.71 3.60
3.93 4.39 5.91 7.58 6.95 5.63 5.50 5.13 4.14 8.23 8.17 8.66 5.92 2.96 5.66 7.78 7.45 9.64 13.42 13.48 9.64 8.12 7.58 8.28 8.28 7.98 8.26 7.35 8.25 9.92 7.68 10.47 12.07 11.65 9.03 11.75 11.75 11.92 11.23 11.25 11.09 11.72 11.32 14.68 13.41 10.52 15.12 10.35 6.15 9.93 3.00 7.77 8.06 6.92 6.00 5.22 4.94
4.14 4.49 5.91 6.54 4.93 4.04 4.55 4.45 3.86 6.18 8.24 5.88 5.17 3.20 8.21 7.45 5.61 7.94 12.39 10.66 9.33 8.50 7.97 8.22 9.71 7.25 7.65 8.23 9.32 8.40 10.06 11.20 11.90 11.63 11.28 11.69 10.93 11.21 10.17 9.53 10.25 11.51 12.62 13.32 12.79 10.37 16.07 9.77 8.04 6.87 8.61 9.79 7.46 12.86 7.23 7.02 6.43
2.85 3.90 4.39 4.57 3.80 3.69 4.32 8.29 7.68 7.69 5.78 4.52 5.10 4.25 8.05 8.35 5.51 7.52 10.66 10.42 10.59 9.86 9.28 8.47 8.27 8.17 8.12 9.33 10.71 11.10 11.33 10.98 11.63 11.66 11.57 10.16 9.92 10.01 8.92 9.64 9.13 11.33 13.75 13.60 12.69 11.28 14.24 8.59 11.66 5.85 10.71 7.84 5.62 10.76 10.52 6.06 7.26
3.41 4.51 2.35 4.91 4.02 5.11 6.71 6.59 5.07 4.58 2.08 3.02 0.91 8.77 8.91 7.77 7.94 10.07 9.08 10.17 11.47 11.70 10.43 10.02 10.04 10.53 10.28 10.97 9.77 10.82 8.88 11.61 11.75 9.50 12.13 9.09 8.94 7.68 8.20 10.04 8.91 11.65 15.40 13.02 11.59 10.60 13.58 11.45 6.00 9.23 10.65 11.28 10.61 9.11 11.83 9.97 10.79
4.87 3.00 3.99 4.10 4.18 3.37 5.58 5.23 4.56 2.43 6.55 4.95 6.43 9.82 10.32 9.97 9.91 9.07 8.34 11.65 7.35 8.18 11.41 11.18 11.47 11.31 9.33 9.73 10.72 11.32 12.35 9.52 9.74 10.29 10.25 9.86 10.31 9.82 10.99 12.48 12.49 12.55 14.11 12.60 12.41 10.61 14.21 12.55 9.69 10.18 8.75 10.46 11.74 11.87 6.38 13.26 12.01
4.40 3.26 4.22 0.66 1.13 4.11 9.68 7.63 7.18 7.41 5.15 3.27 5.78 7.23 11.00 9.83 9.63 8.74 5.98 7.24 7.78 11.19 8.52 11.00 11.72 9.85 8.41 9.51 10.80 11.48 10.94 10.20 10.51 10.48 10.67 10.65 10.47 10.95 12.60 12.96 12.70 10.41 11.68 12.00 13.65 11.88 12.70 12.39 11.28 12.75 11.89 8.24 15.00 11.57 13.07 12.45 8.71
3.37 4.86 4.94 6.07 6.43 7.74 9.04 8.33 8.36 6.37 4.54 7.12 10.22 10.38 12.35 9.70 7.14 9.33 6.73 8.50 7.84 8.03 7.79 10.00 10.63 9.30 8.82 10.97 10.83 11.76 10.00 10.52 11.06 10.81 11.00 11.51 11.17 11.58 11.78 12.23 12.41 9.47 9.06 11.16 11.95 12.65 13.17 12.81 13.36 10.74 9.94 11.78 13.14 7.18 13.86 13.89 14.10
3.40 3.45 5.98 5.31 3.80 4.31 5.43 7.85 8.82 7.94 3.59 8.08 11.10 12.36 10.93 9.57 7.91 8.38 6.42 7.80 6.51 7.42 11.31 5.21 9.50 11.54 11.69 12.40 11.26 10.90 9.63 12.32 11.05 11.35 11.30 12.03 11.78 11.94 11.93 12.19 12.31 10.32 8.09 12.25 12.55 12.21 12.56 13.05 13.16 10.60 9.04 11.24 9.72 10.30 12.12 13.23 13.97
3.57 4.21 6.29 5.06 2.35 6.29 3.70 7.67 9.81 9.01 6.17 5.49 11.86 10.66 9.00 7.53 10.91 5.15 12.77 14.50 12.86 10.91 11.09 4.85 5.32 10.45 11.50 10.96 10.58 10.97 10.55 12.74 11.24 10.68 11.39 12.26 12.28 12.22 12.24 12.34 12.42 11.97 9.34 13.44 11.41 11.12 12.04 12.02 12.43 10.55 10.94 9.95 10.24 10.09 11.24 12.32 13.97
1.78 3.43 6.67 4.79 3.05 5.82 6.97 9.42 9.58 9.41 7.08 10.89 12.96 9.03 11.59 5.88 6.10 7.00 11.48 13.50 11.59 11.05 10.83 8.72 4.90 5.05 10.07 10.23 11.47 11.69 10.32 11.14 11.42 10.59 11.14 13.51 12.79 12.74 12.85 12.59 12.80 11.42 10.90 12.47 12.28 11.79 11.42 12.14 11.95 11.94 10.15 11.05 10.53 8.43 8.78 10.96 12.78
6.23 3.06 4.85 3.98 1.95 1.81 6.49 9.78 9.30 9.29 10.05 16.09 10.71 8.95 6.70 9.08 13.44 6.76 13.66 12.24 11.82 11.10 7.23 10.92 7.63 9.10 7.76 9.02 10.56 9.88 10.43 10.19 10.57 10.70 11.09 13.33 11.76 13.80 13.28 13.04 12.62 13.29 12.34 11.48 10.66 9.39 11.76 12.15 12.11 11.90 11.74 9.67 8.36 8.64 9.96 8.66 11.39
5.82 2.95 3.97 5.48 2.38 6.57 3.20 10.93 10.42 10.48 11.53 14.13 12.79 12.69 8.93 8.21 8.82 5.36 6.11 4.75 11.47 6.56 10.00 8.61 9.34 9.04 7.92 5.74 8.60 10.70 9.85 9.85 10.40 10.95 11.85 13.38 13.25 13.26 13.30 13.86 12.68 11.87 10.45 8.24 9.72 11.68 12.20 12.49 12.54 12.01 11.39 9.03 9.35 8.94 7.10 4.03 11.42
5.58 5.73 5.65 4.78 5.62 7.15 4.76 9.64 11.39 12.27 13.59 12.25 10.53 9.10 12.54 12.70 11.64 9.36 8.74 11.78 11.48 10.04 5.84 7.93 8.75 10.12 9.40 5.84 5.74 5.67 10.52 9.70 10.37 11.24 11.77 12.70 12.87 13.02 13.37 13.20 13.12 12.11 10.59 9.94 10.68 11.47 12.09 11.77 12.17 12.05 11.25 9.14 8.17 4.14 4.47 4.86 5.09
4.91 4.89 4.58 4.32 5.29 6.21 8.35 11.46 10.34 12.30 12.26 11.56 10.79 10.80 10.54 7.52 9.57 11.95 13.48 12.33 10.47 7.63 5.70 9.99 10.42 9.45 10.26 10.82 5.70 5.60 10.34 10.40 10.22 10.47 12.21 12.36 11.40 11.49 13.07 10.95 5.58 5.64 10.46 10.64 10.95 11.09 11.57 11.37 11.97 13.05 11.34 8.02 4.77 4.92 5.07 5.24 8.82
2.98 4.96 4.20 4.46 2.52 4.39 7.08 11.11 11.14 10.27 11.24 11.24 11.04 10.87 9.60 10.85 9.95 11.69 8.56 8.43 7.48 6.43 9.07 9.94 6.85 6.91 11.10 6.03 10.73 9.35 5.78 9.69 9.97 10.15 11.59 12.52 12.06 11.10 11.06 5.78 5.91 5.83 5.79 9.75 10.72 11.23 10.92 11.65 12.38 11.03 10.63 7.60 5.26 5.29 5.38 5.43 9.44
7.79 2.95 4.80 6.78 3.57 2.70 6.65 13.07 11.14 10.14 10.96 9.30 8.64 8.16 9.65 10.47 11.29 10.58 10.55 10.68 10.01 9.44 9.69 8.72 4.73 6.29 6.85 6.24 10.40 7.39 5.85 5.87 9.83 10.81 5.94 5.88 5.77 10.27 9.37 5.93 5.92 5.86 5.85 9.60 10.11 10.09 10.73 10.62 10.84 11.19 10.02 8.59 5.51 5.54 5.60 5.62 10.23
7.85 2.60 8.41 6.02 2.76 4.79 15.44 16.14 12.35 10.01 6.48 3.93 6.08 5.08 7.80 6.09 6.75 7.54 10.61 10.18 9.56 8.46 8.07 5.13 5.98 7.36 7.07 12.14 5.58 6.51 9.29 8.30 10.36 5.96 10.20 10.53 5.82 8.70 9.05 6.05 10.34 5.95 5.88 10.18 8.85 9.22 10.13 5.79 11.45 9.14 9.43 9.13 8.79 5.75 5.82 5.79 9.85
5.06 6.16 7.72 4.68 2.10 12.61 16.85 14.85 10.51 6.81 6.95 7.86 8.43 8.97 8.69 8.00 7.80 7.99 10.18 10.16 11.55 8.72 8.92 5.03 6.80 7.32 12.20 6.05 12.01 6.11 7.39 8.04 8.63 8.45 7.93 5.90 9.69 9.01 9.20 6.14 6.11 10.76 5.91 5.98 8.66 6.19 6.18 5.93 5.68 7.92 8.58 5.95 10.06 5.87 5.91 5.89 10.24
6.05 5.71 6.43 6.41 7.87 14.75 15.52 10.72 11.02 8.61 5.65 7.55 9.15 15.23 15.01 9.11 8.49 9.19 9.21 11.93 10.19 10.70 7.45 6.77 6.54 7.03 6.69 5.66 9.24 6.53 7.67 7.89 8.10 8.84 8.60 9.53 8.68 6.05 9.95 6.18 6.08 11.66 10.65 6.09 9.51 6.26 6.21 5.96 10.95 7.94 6.20 6.14 6.08 9.92 6.08 6.03 11.25
4.48 3.85 6.68 9.80 12.80 13.05 10.37 10.56 11.23 11.13 9.79 9.79 6.49 6.46 7.86 8.75 16.97 12.82 15.23 12.62 9.31 7.43 10.46 13.13 13.70 6.34 5.56 14.37 9.57 10.04 8.46 8.53 7.89 9.33 8.66 8.92 9.88 9.15 6.20 6.11 6.02 9.10 9.56 6.21 9.42 6.39 10.73 11.15 11.31 7.76 6.32 6.22 6.20 6.23 6.24 6.13 11.63
1.78 1.09 9.41 12.37 11.15 8.78 7.29 6.86 10.29 8.73 9.94 12.77 15.07 6.60 13.08 9.17 7.81 15.03 11.78 8.60 5.38 5.79 7.10 10.74 7.45 9.43 12.30 11.95 7.56 8.15 9.09 10.36 9.83 9.41 10.20 10.06 9.98 8.63 8.67 9.84 8.15 7.85 8.41 9.04 10.17 10.15 6.15 6.07 6.23 6.39 9.21 6.28 11.22 6.20 10.20 10.52 10.64
4.01 5.20 12.48 11.60 9.43 7.23 5.11 3.64 3.92 4.79 9.45 12.45 12.12 14.13 6.86 12.31 6.91 11.01 6.81 5.37 6.34 5.39 10.21 4.01 5.69 6.60 7.10 7.03 6.77 10.17 9.72 10.10 7.86 10.02 9.14 8.97 7.67 5.95 6.01 6.16 6.33 7.59 7.11 9.42 9.97 11.15 11.81 10.97 9.65 6.39 6.38 6.31 6.28 11.04 6.21 10.60 10.45
6.19 8.66 11.61 8.51 7.03 11.00 9.79 6.77 6.79 8.40 10.69 11.01 10.51 10.89 12.68 11.78 11.55 9.22 13.89 8.58 4.99 13.93 9.87 6.79 5.35 6.43 7.19 7.45 7.20 5.49 6.93 8.73 10.02 9.81 7.47 8.01 7.33 5.23 6.28 5.70 6.00 6.35 6.88 8.32 11.04 9.59 10.92 6.26 9.00 6.44 6.41 6.34 6.33 6.32 6.38 6.55 6.68
4.92 7.34 8.94 6.81 6.38 10.91 12.89 7.94 9.09 10.13 9.99 8.87 8.42 8.88 9.00 9.39 4.30 4.98 9.93 12.53 13.50 6.88 7.10 4.79 6.66 7.32 6.95 8.32 10.70 9.11 6.81 5.62 10.63 6.31 6.73 6.64 9.97 6.07 6.30 6.88 6.37 6.93 7.75 6.43 8.33 7.24 7.93 8.41 9.70 9.46 10.33 6.22 10.92 10.92 11.05 6.57 7.88
5.09 8.79 10.45 9.72 10.94 11.14 12.76 14.44 10.65 8.90 10.41 10.73 10.36 10.39 11.83 9.83 5.72 8.94 7.05 8.71 7.99 4.27 2.52 6.80 8.28 8.29 6.28 10.14 5.03 8.48 8.01 8.90 8.00 7.17 6.81 10.73 10.44 6.97 6.32 6.29 7.61 6.43 6.41 9.22 8.31 8.25 7.81 8.61 10.02 6.40 6.20 12.67 10.51 10.51 8.70 7.83 6.80
10.36 11.67 12.36 11.74 11.44 10.75 13.70 12.72 13.74 10.08 10.23 7.67 12.91 13.23 10.72 6.20 9.70 11.26 5.75 5.11 6.02 5.69 6.64 7.61 8.03 6.45 3.89 2.49 4.77 8.47 8.50 10.69 9.03 7.44 8.92 9.88 8.43 7.07 6.08 7.69 7.16 8.66 10.46 6.51 6.62 6.64 6.63 6.49 11.21 6.18 5.95 10.99 5.40 11.33 5.65 6.66 7.23
11.32 13.07 10.33 9.59 8.08 7.35 8.53 9.70 14.08 12.14 9.56 6.86 7.78 10.80 11.00 6.57 5.98 6.07 6.20 7.05 8.09 11.60 8.95 13.49 5.37 3.27 2.76 4.84 6.46 7.46 6.36 6.35 4.70 6.57 7.44 7.55 6.88 7.90 5.57 6.86 7.74 6.21 7.50 9.93 6.65 6.59 6.53 6.43 6.16 7.54 5.56 7.26 4.57 4.71 5.86 7.53 8.49
7.18 10.44 9.70 12.99 9.99 9.56 11.04 12.35 12.52 15.31 10.95 8.36 8.45 5.30 9.42 4.47 6.00 12.44 13.89 13.81 14.56 13.47 7.37 7.63 6.87 4.73 1.41 6.17 6.22 6.37 7.10 6.14 9.47 10.69 10.39 9.02 7.08 10.89 5.42 4.98 6.45 5.92 7.55 9.51 9.15 6.53 6.50 6.42 8.39 5.32 5.45 5.26 5.56 6.55 7.81 8.86 9.53
5.00 8.99 13.01 11.54 10.25 8.50 4.78 5.57 6.48 10.46 16.98 9.12 14.15 5.28 8.96 4.11 5.37 4.64 11.99 6.52 9.66 5.90 6.11 4.29 4.20 3.37 3.04 8.51 9.09 9.27 10.63 12.33 12.55 10.98 8.63 6.54 4.50 10.00 2.41 4.05 7.05 7.18 8.16 8.60 9.48 9.27 8.63 8.70 6.32 3.15 6.52 7.66 8.63 8.93 8.86 8.86 9.08
