autotest/output/original/cli_wxModelInitialization_diurnal_local_model/mackay_07-12-2013_1200_393m_vel.asc
ncols	57
nrows	71
xllcorner	279635.000000
yllcorner	4850745.000000
cellsize	393.466398
NODATA_value	-9999.000000
[rows 0 to 46 of 71, columns 0 to 56 of 57]
16.00 17.15 18.30 18.36 18.94 19.62 20.55 20.50 20.87 20.16 21.25 23.45 26.27 27.28 30.79 35.00 32.79 34.07 33.91 26.97 21.80 25.62 29.38 30.02 22.77 17.37 17.97 22.18 26.50 29.04 28.24 26.41 16.98 14.81 14.19 8.93 8.80 16.78 21.93 23.92 16.90 15.17 19.34 22.88 25.22 13.71 9.00 7.41 7.94 10.98 9.93 11.46 12.53 13.45 14.09 15.58 16.34
14.86 16.04 17.57 17.85 18.04 19.81 20.41 20.63 23.26 23.40 23.07 23.81 25.46 26.53 28.17 31.46 32.37 31.42 32.65 29.16 23.75 27.64 26.11 29.17 26.22 21.93 19.29 18.68 19.86 24.40 25.87 25.86 18.61 13.86 13.71 12.43 8.07 12.32 17.85 22.54 17.13 14.28 14.87 19.52 24.50 18.09 14.16 12.09 11.16 12.50 9.55 11.43 12.50 12.90 12.68 13.57 14.43
13.57 14.49 16.02 16.82 18.38 18.96 19.72 21.96 21.72 21.66 21.41 21.20 21.36 20.73 20.06 21.11 24.13 25.00 25.47 28.53 23.35 20.68 21.34 20.91 22.86 21.72 17.85 13.30 9.92 13.92 19.89 27.58 20.85 15.79 17.42 13.67 7.51 7.61 10.80 17.73 15.95 13.65 9.14 9.07 19.63 20.65 17.25 16.39 15.83 13.28 12.01 11.84 11.55 11.89 11.38 10.75 11.13
13.48 14.20 15.22 15.89 18.05 18.55 18.90 20.82 18.53 20.52 20.23 20.06 19.51 18.44 17.37 16.80 18.39 21.42 22.59 24.50 21.23 13.30 13.74 15.48 17.18 15.46 14.85 15.28 10.22 8.02 11.47 20.90 30.09 21.27 17.73 16.35 12.09 10.24 12.07 18.92 19.86 14.85 11.15 6.60 13.21 17.97 14.05 12.10 12.70 14.93 14.03 11.55 11.64 12.37 13.00 11.92 12.02
13.25 13.99 14.95 17.10 17.64 18.21 18.43 18.51 19.78 19.84 19.57 19.83 19.25 18.15 17.12 15.97 15.68 19.28 19.26 18.44 18.69 15.32 13.41 13.09 15.19 12.64 10.32 16.70 13.75 9.58 6.55 14.35 25.00 23.71 19.19 19.17 21.79 18.78 16.06 23.00 24.62 19.17 14.80 7.57 9.23 15.15 15.07 11.68 8.97 8.97 11.08 13.07 13.47 13.90 14.93 14.37 14.33
12.92 13.62 14.62 15.03 17.39 17.93 18.13 18.08 17.99 17.81 19.23 19.18 18.61 17.47 16.41 12.48 14.41 17.64 20.44 18.18 19.76 20.74 16.82 12.67 14.70 11.75 6.67 8.42 15.69 12.67 8.02 12.10 21.67 25.36 20.55 19.36 28.20 25.98 18.81 15.58 24.14 25.00 17.38 10.44 9.37 11.61 15.55 14.76 9.43 8.98 10.73 12.45 13.05 15.67 12.91 11.10 11.23
12.75 13.41 14.34 14.72 17.12 17.59 17.78 17.70 17.74 17.57 17.42 18.53 18.22 15.44 14.40 15.12 13.89 12.41 19.61 24.30 26.98 29.59 27.22 20.05 18.36 15.13 8.87 5.20 8.40 15.53 11.04 9.32 13.57 22.70 13.18 9.91 14.80 22.84 25.23 20.43 19.22 30.30 21.91 14.41 11.76 12.26 18.12 19.71 17.27 16.55 15.96 15.98 14.32 18.46 14.44 16.19 15.19
12.71 13.34 14.22 14.61 17.03 17.45 17.57 17.57 17.61 17.56 17.21 16.62 16.51 15.81 13.67 12.78 14.88 13.20 15.31 24.23 29.63 34.34 37.29 32.88 31.36 25.66 14.94 9.08 6.35 9.90 12.36 8.63 12.03 22.94 19.51 12.93 10.13 16.04 21.87 25.89 23.67 28.44 27.96 17.32 15.75 17.47 22.41 22.18 23.32 20.81 18.55 16.26 16.93 20.78 22.14 19.74 14.54
12.76 13.35 14.26 14.65 17.10 17.42 17.42 17.34 17.38 17.51 17.20 16.13 16.33 16.52 14.23 15.60 14.87 13.43 11.80 11.80 16.61 21.41 28.00 34.19 38.32 39.51 28.10 17.58 11.33 10.65 10.44 9.69 15.04 20.22 28.52 23.96 20.49 15.07 13.86 19.48 21.07 28.11 31.51 22.66 21.90 20.92 16.42 22.65 21.91 21.38 22.59 22.62 23.41 21.61 22.76 24.25 19.82
12.74 13.22 14.05 14.53 17.01 17.19 17.16 17.08 17.08 17.13 17.24 14.29 16.35 16.67 16.60 15.91 14.83 13.80 10.14 12.21 10.39 13.98 19.13 23.37 25.98 35.49 41.91 28.97 21.50 21.51 15.90 12.52 17.77 19.42 22.22 22.82 23.34 18.38 12.83 12.95 18.46 20.36 25.00 21.49 17.06 14.40 13.73 16.06 20.37 19.93 19.48 21.10 19.81 13.38 13.30 20.90 24.70
12.80 13.20 13.83 14.16 14.51 16.95 16.99 17.09 14.75 16.76 16.50 14.65 16.63 16.82 16.74 14.28 15.00 14.20 11.23 12.14 10.81 10.92 15.06 18.25 22.09 25.77 33.73 38.90 34.44 32.76 24.71 22.12 20.73 19.80 16.94 13.99 16.20 16.76 13.65 12.92 17.55 20.63 21.29 18.59 14.73 12.72 9.61 6.32 9.68 11.06 8.15 10.33 18.31 15.47 12.38 15.16 21.69
12.86 13.25 13.81 13.97 14.16 14.57 14.79 14.92 15.00 17.46 15.61 15.20 16.93 16.67 16.33 13.98 15.23 14.50 11.78 11.36 11.84 11.66 13.43 15.38 19.72 22.47 23.86 29.87 31.99 29.55 32.82 26.05 21.62 21.49 20.01 14.51 13.21 13.84 14.29 13.77 16.51 23.07 30.04 23.52 16.73 15.43 8.14 5.23 7.44 9.48 7.44 6.92 11.22 17.62 13.99 14.96 18.32
13.02 13.40 14.15 14.38 14.35 14.59 14.90 16.63 17.76 16.89 16.66 17.21 17.19 16.78 14.11 13.68 14.97 14.54 11.91 11.82 13.48 14.59 14.22 14.06 15.81 19.00 20.49 22.83 23.37 23.60 27.64 26.91 19.88 16.73 21.37 21.07 16.90 14.19 15.16 16.47 18.45 22.26 22.02 30.81 22.58 17.04 14.17 10.53 12.04 11.79 12.09 10.19 6.50 8.45 10.15 11.42 13.82
13.13 13.23 13.87 14.43 14.51 14.66 14.79 17.25 16.96 14.92 14.79 17.05 17.11 15.37 14.90 15.74 15.03 14.82 12.12 13.89 13.67 13.26 14.20 11.55 13.74 16.16 19.40 21.05 21.02 22.35 24.92 29.19 24.49 15.46 15.33 20.42 20.11 14.16 12.84 15.51 18.65 15.36 18.81 24.05 23.26 18.74 14.64 13.25 13.66 16.95 14.33 10.77 8.38 8.00 8.64 10.08 11.25
13.47 13.06 12.94 13.45 13.64 13.67 13.73 13.97 14.49 14.49 14.34 14.49 15.05 17.69 15.67 16.48 16.58 15.49 14.71 14.08 11.64 13.62 14.77 14.47 14.36 14.80 16.51 18.11 18.74 19.66 21.92 25.60 30.42 21.52 12.75 12.94 15.98 14.02 9.78 11.27 12.00 16.76 15.22 18.83 24.85 16.15 16.12 18.03 15.38 13.25 9.10 10.86 9.81 11.72 13.56 13.80 14.24
14.14 13.66 12.94 12.74 12.65 12.53 12.67 13.24 13.88 14.15 13.99 13.82 16.11 17.50 17.50 16.93 16.93 16.35 15.27 14.07 11.47 13.68 13.47 14.30 13.69 13.78 14.34 15.75 16.79 16.38 17.59 19.82 26.25 27.12 19.65 14.44 15.54 17.52 14.45 8.56 10.50 13.18 12.91 16.77 19.63 14.15 12.94 14.03 13.05 13.02 11.70 10.15 12.72 12.28 10.25 9.30 10.53
14.75 14.23 13.37 12.87 12.55 12.24 12.13 12.58 13.21 13.59 13.66 13.26 12.53 13.03 14.30 14.42 16.18 14.00 15.81 13.84 13.44 13.59 13.42 12.94 12.06 13.42 14.17 15.12 15.69 15.44 15.40 15.91 19.59 26.61 23.17 18.08 17.48 21.47 20.20 12.86 11.59 17.43 21.55 28.48 31.08 17.91 7.58 9.79 11.68 13.59 11.96 13.11 11.43 9.41 11.74 10.15 12.11
15.53 14.63 13.41 12.79 12.31 11.95 11.50 11.49 12.15 12.83 13.13 13.15 12.50 12.22 12.85 13.33 13.18 13.23 15.62 13.89 11.37 13.59 13.54 13.27 12.84 12.24 13.49 14.01 14.51 14.59 14.30 14.09 15.63 21.47 22.19 21.77 19.90 22.04 25.62 20.21 18.87 27.89 27.25 27.98 31.77 29.39 21.03 13.64 15.39 15.47 14.65 13.47 13.42 16.53 14.54 15.51 16.94
16.72 15.48 14.15 13.42 12.26 11.66 11.07 10.47 10.82 11.59 12.24 12.67 12.60 12.38 12.61 12.94 12.79 12.78 13.02 12.27 11.36 11.22 13.57 13.62 13.53 13.18 12.63 12.52 12.97 14.49 14.03 13.54 14.30 16.92 19.67 24.02 24.57 25.45 29.83 31.83 26.55 18.24 21.31 20.05 28.12 33.19 29.63 23.51 22.56 24.12 21.81 18.49 15.82 13.58 15.89 13.49 13.04
17.61 16.47 15.45 15.12 13.67 12.11 11.23 9.93 9.46 10.35 11.23 11.74 11.88 11.85 12.11 12.50 12.48 12.65 13.06 12.43 11.46 11.31 11.38 13.61 13.77 13.97 13.87 13.65 13.72 13.82 11.81 13.71 13.67 14.07 14.94 20.40 24.27 25.66 26.75 27.78 23.30 18.20 21.63 18.36 23.02 27.42 32.72 30.39 23.90 21.98 27.00 24.37 19.22 14.89 13.55 11.67 8.64
17.63 17.04 16.19 16.17 15.36 13.56 12.58 10.89 9.11 9.52 10.68 11.32 11.51 11.37 11.17 11.41 11.71 12.13 12.88 12.70 11.81 11.51 11.51 11.37 11.25 13.65 13.98 14.17 14.08 14.08 14.42 14.61 14.58 14.00 13.13 14.92 17.13 19.73 22.15 26.28 24.12 20.35 22.31 15.54 19.39 23.47 23.27 25.06 27.54 24.46 25.28 28.78 23.53 17.71 14.83 15.44 14.98
17.04 17.17 17.25 16.25 14.69 13.29 12.86 11.06 10.34 9.39 10.09 10.85 11.30 11.46 10.78 10.03 10.47 11.18 12.04 12.47 12.03 11.71 11.67 11.60 11.57 11.65 14.12 14.57 14.91 14.74 14.38 14.74 14.99 14.02 12.74 13.08 14.09 16.49 19.48 24.26 22.10 18.52 18.21 19.27 23.31 29.11 23.49 18.79 22.01 26.13 21.41 21.07 28.95 22.28 19.88 16.59 14.68
16.28 16.98 18.57 18.42 16.02 14.88 14.87 13.46 12.68 10.62 10.17 10.45 10.86 11.66 11.12 9.20 8.69 9.41 10.46 11.43 11.66 11.81 12.01 12.18 12.35 12.49 12.58 15.06 15.31 15.52 15.59 15.62 15.20 13.86 10.54 11.73 13.53 14.63 16.49 21.50 20.79 21.34 18.24 22.68 24.56 26.82 29.43 19.36 16.04 18.15 20.21 17.07 22.55 27.67 23.18 16.95 13.91
15.32 16.19 18.61 20.84 16.39 16.80 15.36 16.08 13.51 12.93 11.54 11.19 11.54 12.37 11.56 9.12 7.93 7.48 7.91 9.49 10.80 11.63 12.19 12.47 12.66 12.87 12.90 12.97 15.41 15.88 16.25 15.93 15.29 14.26 13.11 11.52 10.78 11.89 12.87 18.44 20.33 20.08 19.10 20.81 21.37 23.04 28.06 23.30 18.48 17.99 20.23 18.58 16.66 23.96 26.81 19.74 14.93
14.14 14.21 15.48 19.54 18.31 17.58 18.11 16.78 15.01 12.73 13.22 12.24 12.59 14.11 12.75 10.04 9.72 8.73 7.26 7.81 9.60 11.02 12.02 12.51 12.71 13.08 13.31 13.20 15.39 15.65 15.85 15.79 15.42 14.76 13.16 11.66 10.23 9.20 8.79 12.96 17.09 17.74 16.76 17.85 19.45 21.83 24.29 21.96 20.14 20.11 23.01 21.25 19.58 21.08 20.03 27.97 27.25
13.99 13.25 13.06 14.72 15.31 14.83 15.35 14.39 14.76 13.80 14.78 13.49 13.38 15.24 12.03 9.04 9.60 10.03 10.41 8.56 8.83 10.15 11.48 12.56 13.04 13.39 13.77 13.79 13.53 15.75 15.77 15.71 15.46 14.99 13.72 12.71 11.44 10.18 9.57 10.48 11.82 14.83 15.18 16.43 17.39 19.67 21.88 19.50 24.28 21.10 25.76 21.10 20.13 15.92 12.01 22.46 29.72
14.77 14.50 14.80 15.85 16.38 15.90 15.14 12.91 13.89 14.77 14.95 13.84 14.77 17.28 13.13 11.62 10.91 11.81 11.70 10.59 8.91 9.38 10.80 12.13 13.03 13.42 13.67 13.93 13.84 13.68 16.06 15.96 15.64 15.31 14.67 13.91 13.11 11.92 11.63 11.99 13.84 15.16 14.16 13.88 14.96 17.68 20.02 21.17 22.57 25.30 24.30 22.53 24.23 16.32 14.96 19.73 25.06
15.14 15.00 15.33 17.53 18.02 17.22 15.45 11.70 12.89 14.11 13.58 11.77 12.43 18.53 15.02 13.54 12.55 13.26 13.50 13.61 10.68 10.07 10.69 11.55 12.28 12.88 13.16 13.45 13.71 13.67 13.63 13.69 15.89 15.68 15.38 14.87 14.38 13.63 13.35 12.90 13.02 15.26 13.64 10.99 12.25 14.89 17.89 18.18 18.93 24.45 24.74 21.48 25.00 22.68 17.04 17.73 20.60
15.53 14.79 14.18 14.91 16.26 15.79 15.37 10.14 8.90 10.93 13.66 13.04 8.16 11.71 16.61 14.81 13.96 14.52 14.79 14.74 12.30 11.90 11.47 11.67 11.90 12.51 13.09 13.41 13.65 13.71 13.64 13.66 13.70 13.59 13.40 15.31 14.89 14.31 13.80 12.81 12.25 13.23 13.45 12.19 10.51 10.72 14.38 14.15 16.17 19.68 25.39 22.41 22.47 26.64 23.69 21.25 25.69
14.84 13.61 14.61 15.69 16.20 16.13 15.29 12.78 8.49 7.40 13.47 17.47 13.23 9.61 9.95 15.50 15.59 15.05 16.22 16.96 15.58 13.59 12.34 12.30 12.26 12.43 12.99 13.49 13.67 13.77 13.79 13.77 13.77 13.71 13.51 13.17 12.70 12.27 14.27 13.42 12.94 13.31 14.18 13.53 11.91 11.01 11.19 11.65 12.55 12.21 19.69 22.50 20.03 22.88 23.71 22.33 25.60
17.34 15.44 15.07 17.13 18.93 19.11 16.98 14.90 11.34 9.07 9.43 14.01 19.51 14.32 14.98 14.66 13.20 12.17 11.58 15.86 16.32 14.99 13.20 12.76 12.66 12.35 12.36 12.79 13.28 13.59 13.74 13.77 13.70 13.69 13.55 13.28 12.89 12.55 12.33 11.96 11.36 11.35 14.43 14.68 14.06 12.80 11.63 10.47 9.48 9.31 11.81 16.51 15.17 17.65 21.80 22.37 25.26
16.88 15.31 13.74 16.33 19.90 22.05 20.89 17.87 13.84 11.26 9.46 8.83 13.95 14.02 12.85 11.29 12.73 12.29 10.83 10.57 13.23 14.08 13.34 12.77 12.74 12.52 12.27 12.29 12.69 13.19 13.54 13.64 13.59 13.60 13.55 13.35 13.03 12.69 12.47 12.29 11.85 11.79 14.74 15.27 15.35 14.67 13.15 11.61 10.56 7.61 8.00 12.53 13.74 15.38 17.86 21.25 24.09
16.79 14.65 11.14 12.53 16.87 20.13 23.12 19.81 15.51 15.33 13.30 11.51 12.38 14.85 14.99 14.22 14.10 13.99 12.05 11.82 12.25 12.60 12.80 12.63 12.73 12.76 12.66 12.48 12.36 12.54 12.98 13.34 13.44 13.52 13.55 13.43 13.18 12.87 12.56 12.38 11.98 11.76 12.08 12.35 12.38 12.53 14.44 13.36 11.04 10.07 9.49 10.15 11.24 12.34 14.13 17.76 20.32
20.64 14.93 10.44 11.96 14.35 13.96 16.86 20.80 15.49 14.86 12.83 10.44 12.61 14.91 17.77 16.04 15.69 16.34 14.06 12.69 12.97 12.81 12.63 12.28 12.20 12.49 12.74 12.75 12.59 12.48 12.65 13.00 13.23 13.39 13.50 13.46 13.30 13.09 12.79 12.50 12.01 11.33 11.32 11.79 12.13 12.46 12.70 12.57 12.25 11.91 11.57 11.36 11.79 12.78 14.10 16.45 18.05
21.96 16.55 11.48 12.16 17.66 15.06 13.06 17.99 13.44 16.00 14.72 11.53 9.59 9.26 11.30 14.28 14.11 14.56 13.38 12.79 13.43 13.10 12.68 12.11 11.82 12.11 12.59 12.88 12.92 12.83 12.77 12.88 13.04 13.16 13.29 13.32 13.24 13.11 12.88 12.57 12.18 11.68 11.48 11.88 12.38 12.68 12.85 12.87 12.75 12.67 12.66 12.76 13.15 13.80 14.69 16.02 16.82
22.79 16.84 12.49 10.30 14.79 21.53 17.28 15.29 13.18 13.58 13.84 12.24 11.51 10.14 7.32 8.97 9.25 11.32 14.14 14.29 13.05 13.25 13.03 12.90 12.44 12.09 12.21 12.62 12.86 12.94 12.93 12.93 12.97 13.03 13.12 13.19 13.17 13.11 13.00 12.80 12.55 12.28 12.07 12.09 12.31 12.62 12.88 13.03 13.06 13.07 13.14 13.28 13.62 14.21 15.03 15.98 16.44
21.15 16.39 15.09 5.78 9.38 14.86 23.88 15.31 11.61 10.87 10.55 10.98 11.82 11.30 11.58 10.92 11.71 8.94 9.71 11.75 12.60 13.24 13.53 13.66 13.24 12.34 11.77 12.01 12.60 12.94 13.04 13.06 13.07 13.11 13.17 13.24 13.27 13.27 13.25 13.19 13.06 12.78 12.44 12.27 12.34 12.59 12.88 13.13 13.29 13.33 13.41 13.64 14.04 14.53 15.13 15.83 16.18
18.35 20.63 15.40 11.01 8.87 9.01 16.59 18.37 12.49 10.21 10.80 11.06 11.03 9.92 11.45 9.98 11.00 10.24 10.50 10.23 10.44 11.06 13.55 13.55 13.39 12.64 11.57 11.44 12.19 12.83 13.08 13.18 13.25 13.32 13.38 13.43 13.48 13.51 13.53 13.53 13.47 13.30 13.03 12.77 12.63 12.73 12.95 13.18 13.41 13.61 13.71 13.90 14.25 14.63 15.08 15.65 15.96
16.69 18.86 15.34 11.24 10.98 9.84 13.53 20.54 17.96 14.88 13.22 10.61 8.53 8.62 7.48 7.56 8.01 9.77 10.53 11.33 11.36 11.36 13.43 13.79 14.24 14.06 13.12 12.25 12.15 12.61 12.97 13.18 13.35 13.44 13.50 13.55 13.62 13.68 13.74 13.76 13.74 13.65 13.50 13.35 13.23 13.18 13.27 13.43 13.64 13.87 14.00 14.07 14.30 14.65 15.06 15.54 15.80
18.01 18.37 14.39 12.56 11.44 11.29 13.47 19.53 26.92 22.78 17.59 13.60 11.89 10.58 10.13 11.90 8.85 9.18 10.07 11.31 11.28 11.38 11.76 14.10 15.06 13.11 14.50 13.20 12.53 12.57 12.83 13.00 13.22 13.40 13.52 13.61 13.70 13.79 13.86 13.90 13.90 13.87 13.79 13.72 13.67 13.67 13.69 13.77 13.89 14.04 14.16 14.21 14.32 14.59 14.98 15.44 15.68
18.42 20.84 17.16 13.66 9.16 10.86 13.78 10.24 17.07 25.56 24.66 21.34 18.91 17.20 15.94 14.63 13.02 11.11 10.17 11.69 12.36 12.59 12.40 14.09 14.71 13.36 15.39 14.08 13.34 13.07 13.02 12.97 13.07 13.26 13.46 13.60 13.70 13.80 13.90 13.98 14.01 13.99 13.95 13.92 13.92 13.95 13.98 14.03 14.10 14.21 14.33 14.37 14.38 14.49 14.81 15.29 15.54
14.74 19.30 22.08 17.86 12.30 12.22 10.93 8.49 8.22 12.23 17.14 24.08 26.82 24.18 22.40 19.49 17.17 15.88 15.20 15.57 15.04 14.18 14.51 12.51 14.20 15.15 15.03 15.36 14.17 13.53 13.38 13.26 13.15 13.18 13.36 13.54 13.67 13.75 13.83 13.93 13.99 14.01 14.01 14.01 14.04 14.11 14.17 14.23 14.28 14.34 14.42 14.49 14.51 14.51 14.66 15.06 15.34
11.66 13.28 19.04 20.47 18.07 15.40 12.17 10.20 9.14 7.12 7.88 8.68 13.11 19.77 20.52 21.20 21.24 21.14 19.49 16.74 13.73 14.18 12.57 13.36 13.34 13.41 14.22 14.60 14.07 13.52 13.31 13.25 13.23 13.21 13.24 13.38 13.52 13.64 13.74 13.83 13.93 13.96 13.98 14.01 14.07 14.17 14.27 14.30 14.34 14.42 14.50 14.55 14.60 14.64 14.70 14.96 15.17
13.28 11.65 12.26 14.84 20.42 19.67 15.23 13.78 9.36 10.54 9.17 6.72 6.68 11.32 16.27 16.63 20.06 17.46 16.84 13.45 13.94 13.72 12.18 13.08 10.79 10.65 10.78 12.97 13.36 13.23 13.14 13.14 13.15 13.15 13.10 13.16 13.33 13.46 13.56 13.66 13.78 13.86 13.88 13.91 13.99 14.11 14.25 14.34 14.40 14.48 14.56 14.59 14.63 14.69 14.76 14.92 15.05
17.31 15.48 13.60 9.62 12.79 16.98 17.43 17.57 16.14 14.33 11.34 8.79 8.29 8.73 12.12 10.37 13.89 15.51 16.79 14.97 14.98 14.87 13.62 11.95 13.55 13.17 12.75 12.91 13.29 13.37 13.14 12.99 12.86 12.95 13.06 13.05 13.12 13.31 13.46 13.55 13.64 13.72 13.79 13.80 13.84 13.95 14.12 14.27 14.34 14.41 14.52 14.59 14.64 14.71 14.76 14.87 14.95
17.26 18.02 15.02 12.41 10.83 10.10 14.17 22.82 22.83 19.02 14.28 11.31 9.56 4.58 7.92 7.67 8.76 10.65 11.07 13.28 16.27 16.33 16.11 15.13 12.60 11.86 11.59 11.54 13.93 13.94 13.55 13.15 12.80 12.76 12.80 12.88 13.12 13.43 13.66 13.74 13.77 13.78 13.81 13.80 13.76 13.77 13.84 13.98 14.16 14.34 14.52 14.56 14.53 14.64 14.75 14.82 14.88
12.67 15.03 15.36 14.86 14.30 12.01 11.19 14.71 23.38 29.66 22.32 18.48 14.71 13.33 12.52 11.00 13.04 11.89 10.47 11.16 11.49 12.87 14.48 15.83 13.99 12.69 12.59 12.72 13.74 13.48 13.69 13.91 13.67 13.30 13.17 13.00 13.17 13.41 13.66 13.83 13.90 13.90 13.88 13.88 13.84 13.79 13.83 13.94 14.11 14.25 14.37 14.48 14.47 14.54 14.61 14.71 14.83
