autotest/output/original/cli_wxModelInitialization_diurnal_local_model/mackay_07-12-2013_2100_393m_vel.asc
ncols	57
nrows	71
xllcorner	279635.000000
yllcorner	4850745.000000
cellsize	393.466398
NODATA_value	-9999.000000
[rows 0 to 50 of 71, columns 0 to 56 of 57]
6.80 7.69 8.61 8.73 9.16 9.40 9.20 9.20 9.55 10.33 11.67 13.31 15.33 18.31 21.37 23.16 21.01 20.28 18.30 12.76 8.95 12.94 16.49 14.38 10.92 6.91 6.62 12.40 18.42 22.36 21.92 17.89 10.44 7.90 8.54 5.81 7.90 10.64 14.89 12.43 8.71 4.69 6.30 11.12 11.45 9.02 8.87 8.81 7.46 7.16 7.31 6.13 5.76 6.22 12.75 7.62 8.37
5.95 6.87 8.03 8.28 8.55 8.89 8.90 8.85 9.01 9.46 10.27 11.24 12.53 14.32 17.45 19.41 19.51 18.15 15.39 14.37 10.00 10.41 12.64 13.10 12.33 9.52 7.56 9.18 12.11 15.44 17.70 19.73 12.55 7.20 9.84 12.30 4.16 5.49 10.36 13.36 10.26 4.31 3.57 7.31 12.53 11.05 12.24 9.12 12.25 13.74 13.42 6.07 5.04 5.92 5.91 6.49 7.18
4.97 5.74 6.90 7.41 7.68 7.96 8.09 7.98 7.77 7.74 7.86 7.73 7.50 7.48 7.87 9.50 13.02 12.21 12.88 15.30 10.09 0.79 8.63 10.73 11.55 10.60 6.17 7.25 7.18 4.74 7.46 18.33 17.50 9.81 9.75 9.34 5.04 8.23 5.20 13.91 11.52 10.67 6.50 2.84 12.61 14.01 12.83 8.16 12.57 7.86 14.16 12.37 13.29 14.02 12.58 11.94 13.66
4.83 5.45 6.29 6.76 7.18 7.35 7.40 7.29 6.87 6.58 6.60 6.19 5.20 4.38 4.12 5.05 8.85 6.86 8.75 12.66 11.92 5.87 8.71 10.93 10.84 9.36 4.98 7.66 1.02 8.01 3.35 11.01 19.47 14.27 10.88 10.99 2.23 6.35 2.72 12.29 12.71 9.45 9.84 5.89 9.16 13.89 12.94 10.55 6.49 7.97 13.43 6.04 11.30 10.30 11.08 5.96 5.73
4.65 5.25 6.07 6.42 6.84 7.02 7.01 6.89 6.48 6.09 6.10 5.80 4.87 3.83 3.22 3.27 5.83 9.32 10.38 12.07 13.70 12.46 9.74 6.43 4.93 6.90 5.91 4.05 3.72 0.42 4.66 0.14 16.31 17.40 11.38 11.14 10.47 5.23 3.46 9.01 14.24 14.51 9.15 10.30 11.30 12.23 14.04 15.70 11.66 12.07 13.02 12.37 12.18 11.28 6.97 6.08 5.68
4.45 5.03 5.87 6.22 6.61 6.76 6.73 6.57 6.26 6.01 5.86 5.48 4.82 3.82 3.01 2.41 3.76 8.52 9.81 13.34 14.33 14.34 11.18 7.93 8.39 6.77 4.54 0.86 2.51 3.34 2.62 2.06 12.21 18.75 10.17 6.39 10.47 10.83 9.34 5.80 11.47 17.86 13.37 8.37 12.94 14.31 13.53 14.15 11.26 7.30 9.91 12.74 6.57 11.04 6.92 5.18 4.79
4.42 4.99 5.77 6.09 6.46 6.57 6.55 6.41 6.24 6.16 5.83 5.34 4.97 4.36 3.58 2.92 1.61 2.58 11.92 16.69 19.04 20.66 18.80 12.92 11.58 9.87 1.60 2.56 3.52 4.84 4.52 1.51 7.16 17.00 9.49 1.27 3.53 7.75 11.08 10.26 5.43 19.75 17.33 12.10 12.31 7.70 12.68 14.96 12.51 10.64 12.15 12.93 6.80 11.27 8.72 11.11 5.30
4.45 5.02 5.78 6.08 6.43 6.47 6.40 6.30 6.31 6.34 5.85 5.14 4.97 4.82 4.21 3.47 3.28 6.96 8.25 15.11 19.23 23.13 24.50 21.23 20.64 17.13 6.73 6.40 1.56 4.53 4.49 1.09 5.74 16.84 13.38 5.27 4.99 2.83 2.55 11.58 7.74 21.41 22.14 17.93 8.89 9.25 10.47 15.15 14.10 14.70 14.31 8.09 7.78 8.77 10.92 9.27 7.36
4.46 5.02 5.81 6.13 6.44 6.43 6.33 6.26 6.39 6.61 6.01 4.96 4.85 5.05 4.71 3.89 0.38 3.43 3.82 5.83 9.10 14.15 17.28 18.70 24.22 24.89 17.41 8.51 4.72 7.06 6.27 3.68 6.53 10.73 15.19 13.08 8.58 3.59 2.56 1.79 7.06 18.14 22.86 18.40 13.50 6.41 6.21 12.43 14.24 12.88 13.01 13.29 8.17 6.67 8.98 10.61 9.85
4.45 4.94 5.68 6.06 6.36 6.34 6.29 6.30 6.46 6.87 6.27 4.90 4.76 2.00 4.93 4.00 0.91 2.70 2.69 3.61 6.23 9.64 11.01 13.01 17.09 21.88 23.02 16.23 11.28 12.08 10.55 6.08 3.64 5.63 10.54 10.88 10.21 6.85 0.66 6.93 5.23 8.01 19.26 18.05 12.61 12.05 7.55 8.12 10.38 10.81 5.69 7.74 8.10 4.97 4.08 8.88 11.30
4.52 4.95 5.57 5.86 6.16 6.25 6.33 6.47 6.63 6.97 6.44 5.17 4.84 5.00 4.96 4.23 2.83 2.30 2.41 3.29 4.94 7.34 9.53 12.83 15.68 16.80 19.74 18.76 15.93 18.26 16.39 10.40 6.37 6.57 8.32 7.90 5.91 5.39 1.92 7.90 5.46 13.94 19.24 16.14 10.31 9.69 8.39 8.21 10.25 11.60 9.51 2.51 7.47 6.66 7.06 5.75 10.20
4.62 5.08 5.70 5.83 5.93 6.10 6.41 6.71 6.93 6.94 6.46 5.67 5.19 4.93 4.66 2.23 3.01 2.23 2.14 2.69 3.86 5.87 7.29 10.73 14.05 14.47 14.44 13.10 12.74 12.84 18.01 14.49 8.45 7.95 11.84 11.26 5.88 3.63 9.25 8.08 5.20 14.71 19.07 18.64 14.68 12.21 14.58 10.35 12.25 13.36 10.52 10.39 5.48 6.94 10.22 6.51 6.77
4.76 5.21 5.95 6.02 5.84 5.98 6.41 6.92 7.14 6.77 6.18 5.83 5.60 5.25 4.65 3.94 2.93 2.04 1.74 2.21 2.91 3.94 5.12 6.91 10.42 12.90 12.96 7.83 4.10 11.08 17.32 17.28 12.91 6.73 7.97 11.87 9.58 3.37 9.49 5.66 4.19 12.29 15.42 19.88 19.94 15.49 11.06 12.23 10.06 6.62 12.53 6.47 9.94 9.95 10.75 7.69 6.54
4.86 5.10 5.73 5.91 5.56 5.62 6.01 6.66 6.93 6.29 5.78 5.65 5.79 5.92 5.23 4.14 3.30 2.20 1.67 1.89 2.37 3.01 3.69 4.73 6.91 10.60 10.04 5.93 5.37 7.39 11.91 14.28 17.01 12.19 6.43 7.31 9.35 1.73 7.39 1.87 3.74 7.15 5.40 16.10 20.40 16.91 14.74 14.53 9.35 7.71 6.69 8.94 10.43 9.95 12.41 8.06 11.74
5.33 5.21 5.31 5.48 5.10 4.91 5.32 6.08 6.45 5.95 5.47 5.23 5.59 6.61 5.96 4.59 3.94 3.67 2.01 1.76 2.13 2.99 3.37 3.83 5.04 6.61 7.75 5.51 5.89 7.16 8.43 9.49 16.20 18.11 8.98 5.56 6.21 9.16 4.49 4.69 4.78 2.41 1.93 14.07 18.61 14.86 12.63 11.13 11.70 13.97 16.48 11.86 8.11 11.09 4.14 11.09 5.52
6.32 6.01 5.48 5.33 5.04 4.58 4.75 5.49 2.93 5.80 5.32 4.83 4.89 6.18 6.35 5.01 4.32 3.54 2.72 1.73 1.93 3.14 3.55 3.65 4.43 5.59 5.42 6.37 8.02 7.82 6.76 6.66 12.03 19.00 13.83 7.95 10.36 8.91 8.96 3.21 1.64 4.92 6.50 10.62 17.73 14.16 14.99 13.03 14.84 13.74 11.55 12.41 8.94 5.34 11.58 8.04 10.05
7.42 6.99 6.09 5.61 5.24 4.60 4.23 4.68 5.30 5.41 5.10 4.60 4.16 4.84 5.58 5.06 4.30 3.89 3.55 2.03 1.73 3.14 3.82 4.03 4.32 4.24 6.05 6.83 8.53 8.30 8.40 7.36 7.12 14.82 16.42 9.46 10.27 9.86 12.61 6.98 3.78 6.34 9.01 13.83 20.48 19.57 15.46 13.18 9.84 9.99 16.71 10.14 12.57 13.64 12.10 6.11 7.98
8.73 8.02 6.87 6.13 5.47 4.71 3.92 3.86 4.49 4.82 4.82 4.71 4.22 4.25 4.84 4.95 4.32 4.12 4.16 2.59 1.82 2.93 3.87 4.32 4.52 4.74 5.39 6.01 9.05 8.87 8.22 8.61 5.52 9.62 11.32 13.67 10.21 9.04 14.78 10.14 6.66 6.58 8.70 12.83 20.99 25.67 18.11 9.33 9.81 11.82 13.13 13.36 14.00 7.49 12.87 7.74 7.75
10.12 9.09 7.92 7.17 5.98 4.99 4.03 3.35 3.61 4.11 4.36 4.58 4.37 4.21 4.60 4.76 4.35 4.48 4.64 3.14 2.11 2.81 3.75 4.38 4.82 5.13 5.27 5.40 7.57 8.03 8.25 8.21 7.41 4.50 5.84 11.13 10.69 12.07 14.47 14.67 9.22 6.36 1.87 8.41 18.06 24.32 24.42 17.66 11.81 13.28 15.17 14.52 14.85 7.62 7.07 4.24 3.77
10.89 9.93 9.12 8.64 6.92 5.36 4.47 3.36 2.88 3.29 3.84 4.30 4.32 4.19 4.36 4.40 4.15 4.59 5.06 3.68 2.41 2.91 3.76 4.39 4.93 5.37 5.38 5.86 6.95 7.11 6.86 6.90 3.89 0.49 6.69 6.34 14.04 14.67 14.89 13.49 10.52 7.76 2.87 4.76 8.92 18.17 19.62 19.86 14.15 11.78 16.22 18.35 18.18 13.85 13.17 9.24 11.46
10.72 10.45 10.33 9.98 8.08 6.07 5.31 3.91 2.44 2.35 3.22 4.16 4.51 4.45 4.29 3.87 3.58 4.22 5.11 4.13 2.70 2.96 3.85 4.52 4.93 5.23 5.40 5.51 5.46 5.05 3.92 1.62 0.90 1.93 5.29 6.52 10.57 12.98 15.50 14.35 11.24 7.28 3.21 5.52 11.71 16.96 15.46 14.55 16.53 15.92 12.88 16.32 19.07 11.99 8.58 10.73 11.62
9.82 10.49 11.81 11.46 9.00 7.07 6.73 5.42 2.80 1.79 7.26 8.06 4.68 5.19 4.99 3.54 2.76 3.54 4.57 4.08 2.95 3.06 3.93 4.73 5.07 5.25 5.44 5.62 2.42 5.33 4.78 4.21 3.30 2.84 3.13 4.28 7.33 11.19 14.30 11.39 12.06 5.69 6.96 6.74 12.29 17.82 17.33 12.91 9.06 13.07 11.99 13.36 15.55 15.50 12.40 10.85 6.19
8.51 9.94 12.84 13.24 10.09 8.18 8.35 7.38 4.48 7.55 7.14 7.95 6.75 6.24 6.19 3.59 2.70 3.16 3.49 3.25 5.38 3.12 3.99 4.89 5.30 5.50 5.59 5.64 5.89 5.88 5.33 4.36 3.15 1.76 1.21 1.69 3.97 6.00 10.72 7.92 11.59 2.33 6.62 6.39 10.93 15.71 20.31 13.06 7.48 8.33 9.99 10.89 10.12 13.67 14.84 9.15 6.28
6.99 8.60 12.38 14.36 11.29 9.10 9.51 9.04 6.61 8.85 3.09 9.18 4.89 8.15 7.47 3.57 3.01 3.51 2.67 1.82 2.03 2.73 3.70 4.74 5.31 5.64 5.65 5.55 5.72 5.83 5.57 4.72 3.46 1.90 0.33 0.92 2.35 3.14 6.03 7.18 9.37 2.33 2.71 3.55 5.86 8.31 18.17 16.87 9.78 5.41 13.84 11.55 7.70 9.24 15.40 13.98 9.62
5.88 6.95 10.42 12.89 10.75 8.43 8.82 9.06 7.72 5.75 4.37 3.72 5.47 10.37 8.74 3.46 3.25 3.56 2.14 0.95 0.82 2.13 3.25 4.43 5.17 5.67 5.82 5.65 5.69 5.71 5.53 4.99 4.06 2.88 1.54 1.49 2.39 2.86 4.38 7.79 6.54 3.40 2.47 3.34 3.64 7.99 15.98 15.32 9.42 10.23 14.55 12.01 8.34 3.86 10.42 15.55 15.55
6.22 6.96 9.61 11.81 10.43 8.11 7.54 7.69 7.53 6.62 5.44 4.54 5.83 11.76 9.67 7.18 3.70 4.74 2.75 7.41 7.47 1.10 2.48 3.87 4.88 5.53 5.94 5.99 5.89 5.80 5.69 5.27 4.61 3.88 2.83 2.11 2.26 2.60 4.86 4.19 3.81 3.33 5.51 3.66 3.58 10.89 14.56 11.85 7.70 13.65 15.12 12.00 9.50 8.15 2.20 13.23 18.47
7.01 7.95 10.32 12.04 11.59 9.44 7.58 6.27 6.30 6.49 5.66 4.89 6.50 12.45 10.08 4.76 3.85 9.30 9.36 7.78 10.80 10.11 1.32 2.92 4.15 4.99 5.54 6.02 6.05 5.85 5.87 5.65 5.15 4.66 3.89 3.07 1.38 2.89 3.46 3.30 6.28 3.74 9.31 6.21 5.47 5.87 13.06 6.81 9.61 14.70 15.67 12.82 10.31 13.50 8.85 10.60 16.34
7.14 8.13 10.17 12.12 12.43 10.91 8.98 5.85 4.17 4.81 5.12 4.53 6.62 11.86 11.10 7.00 7.40 5.43 9.69 15.54 5.87 5.66 1.00 2.28 3.37 4.29 4.95 5.52 5.82 5.68 5.75 5.81 5.54 5.14 4.57 3.82 3.38 3.38 3.47 3.59 5.13 6.89 9.89 7.64 7.47 5.41 9.54 4.90 2.65 13.57 16.09 11.90 7.00 15.59 10.89 15.30 13.71
7.05 7.88 9.76 11.92 12.48 11.74 10.53 6.95 2.89 2.61 5.35 7.17 7.20 8.54 10.02 7.97 7.97 8.16 7.68 8.08 4.37 7.19 5.74 2.40 3.09 3.86 4.71 5.25 5.60 5.63 5.63 5.72 5.62 5.36 4.94 4.29 3.77 3.71 3.79 3.31 3.99 5.48 8.25 8.79 9.24 9.79 7.65 6.67 2.56 6.47 11.93 12.96 6.67 11.43 17.07 14.32 12.15
6.88 7.60 10.17 13.00 13.68 13.38 11.95 8.86 3.55 3.33 5.31 9.61 10.77 9.35 8.37 7.66 6.29 6.53 6.66 9.02 7.00 6.56 6.60 2.69 3.34 3.71 4.49 5.13 5.48 5.64 5.73 5.74 5.67 5.56 5.29 4.79 4.29 4.17 4.31 3.74 3.57 5.10 4.94 7.80 9.18 9.32 10.41 9.23 9.28 6.65 7.67 12.52 8.30 10.83 16.42 15.52 12.32
6.54 6.82 9.64 13.31 15.56 15.58 13.80 10.76 6.03 3.12 6.71 6.20 12.15 10.17 7.62 6.76 7.17 6.26 3.99 6.60 7.38 7.83 10.60 3.46 3.75 3.79 4.15 4.71 5.21 5.50 5.75 5.77 5.69 5.72 5.58 5.19 4.76 4.60 4.70 4.25 3.69 5.29 3.34 7.95 8.75 9.24 9.74 10.70 12.49 10.16 7.97 11.88 9.28 7.27 14.34 16.12 13.13
6.52 5.92 7.27 11.46 14.53 17.00 16.32 13.60 8.61 2.90 6.59 1.72 10.21 10.32 9.25 8.84 13.85 4.73 14.27 11.84 9.29 8.99 10.55 3.65 4.08 4.13 4.17 4.37 4.77 5.19 5.63 5.76 5.69 5.82 5.80 5.49 5.15 4.94 4.92 4.62 3.96 6.88 3.30 8.21 7.08 7.91 9.73 10.46 11.34 10.10 11.41 11.51 10.78 9.24 13.04 14.97 15.27
7.25 5.89 5.30 8.29 13.34 15.25 17.55 15.91 10.40 9.47 2.66 1.50 7.45 9.33 16.21 7.37 9.67 10.06 12.31 13.54 11.90 11.29 11.87 9.05 4.30 4.55 4.47 4.43 4.50 4.80 5.29 5.62 5.67 5.85 5.94 6.19 5.50 5.28 5.11 4.88 4.33 5.47 4.90 8.45 7.91 8.16 8.23 10.25 10.44 11.29 10.46 11.59 10.86 10.28 11.17 12.52 15.72
8.40 6.48 4.09 7.33 12.53 13.14 14.73 17.34 11.89 5.09 3.78 3.64 4.48 6.27 8.44 10.03 9.15 7.79 11.62 12.17 12.93 13.11 8.44 11.06 5.62 4.43 4.67 4.68 4.61 4.67 4.99 5.36 5.55 5.77 5.91 5.83 5.71 5.57 5.35 5.09 4.69 8.71 7.57 7.16 6.57 5.48 7.69 9.99 10.43 11.00 11.71 9.96 8.33 9.66 9.22 8.74 12.91
9.85 7.60 3.02 5.26 13.91 14.42 12.27 16.68 13.04 6.68 11.05 5.24 5.87 6.44 6.07 7.23 7.25 7.10 8.34 6.17 14.02 8.67 13.13 12.93 13.45 11.62 4.43 4.79 4.77 4.78 4.94 5.23 5.45 5.66 5.85 5.87 5.82 5.75 5.59 5.33 4.94 6.66 6.08 3.51 4.83 7.06 8.28 9.95 10.76 10.87 10.75 8.42 7.26 7.13 5.65 9.69 11.53
11.78 8.65 2.04 9.23 8.19 17.17 16.39 15.40 12.46 7.78 6.69 6.34 11.84 9.62 12.28 12.50 11.98 5.21 7.71 10.04 13.19 13.92 11.36 13.17 11.72 12.22 10.84 4.47 4.77 4.88 5.01 5.23 3.87 5.61 5.48 5.87 5.87 5.86 5.78 5.64 5.29 7.02 5.25 4.51 5.53 6.89 8.35 9.16 10.51 10.92 10.02 7.33 4.67 7.66 8.30 9.10 9.52
12.63 10.88 3.51 6.20 0.56 10.25 20.85 18.57 11.74 12.17 12.06 12.47 12.43 11.40 12.33 11.03 12.28 13.70 14.66 14.23 14.12 13.18 10.91 13.70 13.31 11.94 11.98 9.98 4.35 4.85 5.11 5.27 5.43 5.59 5.75 5.88 5.92 5.95 5.95 5.91 5.64 5.31 5.74 5.08 5.77 6.74 7.23 8.67 10.36 10.37 9.38 4.66 7.17 7.51 8.10 8.71 7.49
12.03 12.54 7.32 0.81 5.39 2.27 14.13 20.51 12.72 12.39 12.10 12.37 12.65 12.33 12.50 12.84 10.29 13.00 10.67 11.69 12.33 10.69 11.97 12.65 11.31 11.18 13.78 3.07 11.22 7.95 5.10 5.31 5.48 5.64 5.76 5.87 5.97 6.06 6.11 6.09 5.93 5.62 5.49 4.70 5.69 6.61 6.68 8.78 10.20 9.82 8.40 3.32 7.08 7.36 7.88 8.38 7.10
11.32 12.85 10.42 1.92 1.91 0.21 9.72 19.38 16.77 11.96 12.95 12.19 12.76 11.88 12.52 12.29 13.53 13.39 13.34 13.41 12.97 12.17 12.39 13.91 6.22 6.50 5.01 3.48 12.15 8.21 4.90 5.27 5.56 5.74 5.82 5.91 6.04 6.18 6.12 6.26 6.18 6.01 5.82 5.90 6.23 5.88 7.29 8.57 9.01 8.72 7.85 4.07 7.01 7.23 7.70 8.15 6.76
11.65 13.60 11.50 3.94 5.84 0.88 6.98 12.55 17.35 17.22 17.81 10.49 13.57 8.06 12.78 8.48 8.46 8.27 12.23 12.00 12.56 12.20 11.12 11.29 6.52 7.49 6.29 13.66 3.61 10.04 11.91 8.46 5.45 5.73 8.47 9.04 6.05 6.23 6.36 6.41 9.58 6.26 6.18 6.15 5.80 7.47 6.61 6.64 9.54 5.93 7.63 6.91 3.74 7.14 7.52 7.95 6.41
11.61 15.19 13.41 5.51 5.93 2.82 5.97 4.94 9.47 15.40 16.59 16.42 13.97 11.41 10.94 10.82 10.38 10.17 12.64 12.44 14.70 11.89 13.03 10.36 6.01 7.76 15.81 5.36 15.05 10.27 10.65 10.98 10.70 8.59 7.73 5.86 8.13 6.27 6.42 6.51 6.48 10.14 6.38 6.41 6.01 6.56 6.67 6.60 6.55 4.80 7.16 6.91 6.87 7.07 7.35 7.74 6.10
9.34 13.20 15.01 10.27 4.47 4.83 5.61 3.63 7.92 7.17 9.82 12.99 14.75 16.27 17.57 12.38 12.46 10.47 10.78 15.46 12.93 13.42 9.73 8.87 5.68 7.31 7.97 6.64 12.04 10.32 10.73 10.60 10.85 12.13 10.13 10.40 8.47 6.24 6.43 6.53 6.57 10.65 10.22 6.56 6.86 6.74 6.79 6.64 11.63 5.93 7.01 6.88 6.91 6.23 7.20 7.47 6.19
7.98 10.07 12.91 11.41 9.05 8.01 8.96 8.52 10.07 11.05 11.02 8.82 7.43 9.82 10.17 10.68 16.12 12.89 15.01 14.39 14.12 10.27 11.24 11.91 11.20 6.33 6.97 15.17 12.36 13.95 10.75 10.96 10.75 12.71 10.77 10.43 10.62 9.06 6.37 6.45 6.58 9.55 9.93 6.58 6.70 6.83 10.48 11.48 11.08 6.77 7.03 6.95 6.90 6.98 7.14 7.30 6.16
9.15 9.54 10.38 8.23 8.22 10.33 11.86 11.80 11.94 11.26 10.26 10.77 12.50 5.10 10.45 7.30 9.38 15.53 15.35 16.89 7.42 6.53 9.59 15.03 9.99 11.01 14.09 15.00 10.83 11.18 13.04 14.29 13.59 12.48 12.94 12.55 12.15 10.09 9.34 10.53 9.55 9.44 10.26 10.29 9.00 6.81 6.87 6.76 6.76 6.93 9.01 7.04 10.92 7.02 7.53 5.37 5.66
10.67 11.24 11.05 6.86 4.66 7.59 11.72 11.43 13.09 11.43 9.11 11.53 9.75 10.43 4.81 9.33 6.61 11.62 8.13 8.98 8.57 7.59 15.62 6.16 12.01 10.83 10.51 10.98 10.49 14.93 14.27 13.59 10.72 13.38 12.39 12.33 11.18 9.94 10.36 6.18 11.35 12.77 11.23 11.95 9.70 6.56 6.70 6.85 6.46 6.98 6.97 7.06 7.03 10.44 7.03 7.31 6.87
9.71 12.09 12.66 7.79 6.86 6.87 5.93 11.85 14.65 14.06 15.50 13.66 10.73 9.35 11.53 11.35 12.23 11.03 13.13 5.98 7.86 13.85 14.68 15.64 7.44 7.17 10.21 10.23 11.03 6.15 11.34 14.02 14.16 13.68 10.96 11.46 10.75 9.17 6.00 10.64 10.84 11.07 11.35 10.89 13.58 11.98 11.25 6.61 5.04 6.98 6.94 7.02 7.02 6.93 6.87 7.00 7.23
8.23 11.84 13.43 9.03 8.95 7.19 6.10 5.42 12.17 17.50 18.54 14.70 14.01 11.83 10.13 12.19 8.97 8.19 13.05 13.84 13.22 7.53 15.08 7.83 8.52 7.84 6.88 10.45 15.21 13.92 12.70 8.64 14.84 10.87 11.25 5.19 12.92 9.17 11.76 12.24 10.50 10.93 11.37 6.42 11.77 11.03 11.39 11.55 11.24 6.33 7.86 7.02 8.58 6.95 8.10 7.01 6.99
8.34 12.53 14.40 12.14 10.29 9.59 7.31 5.99 1.62 11.09 18.34 18.95 15.83 12.56 14.06 13.39 9.26 10.54 9.14 13.07 12.83 9.61 9.48 7.02 9.16 9.38 8.14 16.15 12.10 13.81 13.16 13.49 10.30 11.58 6.11 12.05 12.75 9.79 11.50 10.23 11.77 6.42 6.42 12.06 11.29 11.42 10.82 11.23 11.43 6.66 6.87 8.40 7.67 7.09 5.69 6.17 6.93
7.05 9.39 12.49 12.50 11.09 10.29 11.82 6.36 5.14 2.22 8.44 15.96 16.35 14.96 15.32 14.26 14.94 15.02 10.76 10.89 6.43 9.65 9.98 5.79 7.70 9.10 8.80 12.74 10.42 12.85 12.07 14.24 12.72 11.33 11.73 11.47 10.57 9.59 5.72 12.59 10.62 11.83 13.39 6.14 6.20 6.22 6.32 6.29 12.35 6.50 6.72 10.43 7.01 8.18 6.47 6.13 5.91
7.37 7.54 8.42 7.89 7.89 8.16 7.76 6.97 6.67 7.04 5.31 12.16 14.00 14.42 13.26 13.65 11.65 10.44 10.60 10.60 10.76 14.07 10.46 12.24 6.06 6.81 10.60 8.23 12.01 13.35 12.05 10.54 9.15 6.43 6.61 5.66 4.72 10.31 5.86 10.82 11.64 10.27 10.65 12.22 5.74 5.95 6.11 6.14 6.05 11.18 6.69 11.23 6.45 6.68 6.73 5.42 4.65
13.48 11.47 8.94 9.49 10.68 8.82 13.24 12.20 11.30 11.23 6.19 8.33 13.12 10.74 12.17 10.33 11.29 14.53 12.19 12.35 13.80 13.64 9.89 11.95 11.48 10.40 8.44 7.62 12.18 8.40 8.76 11.09 6.98 7.80 9.13 8.86 6.86 14.31 13.07 10.94 10.88 10.43 10.36 11.34 10.62 5.45 5.74 5.88 10.61 11.67 6.79 7.21 6.87 7.12 8.09 6.73 5.47
