autotest/output/original/cli_pointInitialization_diurnal/mackay_point_09-23-2011_1330_250m_ang.asc
ncols	89
nrows	111
xllcorner	279635.000000
yllcorner	4850745.000000
cellsize	250.000000
NODATA_value	-9999.000000
[rows 0 to 43 of 111, columns 0 to 88 of 89]
238 237 236 235 237 236 235 233 236 236 237 237 236 236 233 230 228 221 231 218 222 208 216 219 216 202 217 215 212 221 197 217 205 198 195 197 209 203 186 188 200 200 199 198 191 195 205 210 208 210 203 199 190 204 191 233 198 186 184 185 200 201 201 175 182 185 183 184 185 191 175 172 172 172 172 184 181 178 186 174 186 184 185 177 186 185 183 187 192
239 238 239 233 232 238 237 237 240 239 238 237 235 227 221 224 226 231 228 224 216 218 218 218 214 217 218 214 212 217 199 198 197 187 194 209 204 195 192 191 201 199 198 202 190 193 204 209 210 215 206 199 185 205 217 217 189 175 175 180 196 200 193 180 175 185 180 181 183 195 179 177 176 175 174 173 173 181 173 172 173 183 185 190 188 185 181 187 195
232 241 243 237 241 240 243 243 241 240 236 233 228 224 216 219 227 232 229 224 218 216 221 218 214 216 220 214 208 220 214 198 193 188 202 212 204 204 204 201 203 195 204 209 203 195 196 209 212 220 217 206 182 196 225 208 182 164 161 168 193 202 188 180 176 180 164 166 180 195 189 181 179 183 181 180 190 195 186 166 167 183 189 196 193 186 179 183 191
241 242 243 243 242 242 243 242 242 242 235 231 226 222 216 224 237 239 237 231 225 222 227 221 219 222 225 215 211 226 221 205 196 187 211 213 207 209 219 215 223 222 223 220 206 189 186 209 207 214 228 210 193 188 207 215 192 173 162 159 174 200 191 192 191 190 165 155 164 193 197 180 176 180 184 193 198 193 181 175 175 192 194 194 192 188 183 167 159
241 242 243 244 244 243 244 243 243 243 232 230 227 238 235 231 239 238 235 228 232 222 226 222 221 225 229 217 214 226 218 210 201 197 216 223 220 224 223 236 230 225 225 222 212 193 199 190 211 210 218 219 214 199 204 224 190 174 162 154 165 176 187 181 190 181 160 165 159 176 202 183 178 192 196 200 195 191 186 195 199 197 191 187 188 189 183 160 147
242 243 245 245 246 245 244 243 243 236 231 231 228 238 223 234 239 236 232 237 220 232 233 220 218 225 235 221 216 223 223 221 213 223 244 254 253 254 253 250 234 212 222 221 208 202 178 172 208 216 226 237 236 213 196 204 197 182 161 154 159 168 187 184 191 167 181 172 163 169 197 192 205 217 233 227 204 208 219 215 202 191 187 185 187 187 179 154 148
243 245 246 247 247 245 244 244 244 236 233 232 241 239 229 239 240 237 232 239 219 220 224 221 217 223 237 222 209 226 244 245 247 250 264 269 263 256 254 251 237 199 212 219 225 218 194 214 188 223 238 235 219 206 180 182 191 187 175 163 160 167 182 197 206 188 177 166 151 165 195 203 227 236 246 248 236 249 218 187 179 178 181 182 186 179 173 163 155
244 245 247 248 245 244 245 245 245 237 236 232 241 239 236 244 240 236 242 225 238 236 222 236 212 219 235 225 235 243 252 254 252 252 257 263 260 248 255 255 252 200 180 208 210 230 212 183 173 203 209 213 214 206 166 173 187 191 181 176 167 165 178 190 203 188 180 167 186 175 210 241 238 228 234 211 182 171 165 165 166 173 185 187 191 179 159 164 163
245 246 248 250 245 245 246 245 245 244 235 243 241 240 241 243 237 244 229 225 239 238 237 236 235 214 227 239 233 234 242 243 239 250 253 257 246 250 257 258 243 218 176 193 205 226 234 202 189 169 196 204 209 187 164 163 178 186 191 186 189 170 171 182 201 211 193 189 176 197 220 241 234 216 207 184 169 163 160 169 179 176 192 194 191 177 158 162 162
246 248 250 251 245 246 247 246 246 246 244 243 242 243 243 241 236 231 249 227 240 239 238 237 216 235 234 230 227 221 234 232 230 236 238 239 238 243 250 249 246 218 196 184 188 203 221 220 184 166 179 216 226 177 178 144 161 168 179 192 187 186 173 177 200 213 212 200 201 195 205 205 209 196 184 170 164 160 168 179 184 180 192 192 188 179 165 165 160
247 249 251 252 246 247 248 248 248 247 245 244 242 246 247 241 236 252 250 228 241 240 239 237 237 216 238 226 215 213 223 221 220 222 227 230 226 224 226 240 238 218 205 195 211 190 202 219 202 216 177 198 212 180 176 164 133 145 162 176 193 190 184 185 204 231 229 232 230 198 179 176 187 186 182 168 169 173 185 184 185 179 182 184 182 182 177 176 172
248 250 252 247 246 249 249 248 247 246 245 245 243 247 248 240 235 253 229 229 228 241 240 218 231 210 236 228 224 226 221 213 212 213 214 216 218 216 223 233 231 225 210 204 205 211 256 237 250 221 177 192 198 182 185 178 154 138 138 159 182 195 197 201 207 224 217 208 190 172 163 166 166 174 180 175 176 177 185 183 182 179 176 172 173 181 189 189 184
250 251 253 253 253 250 249 248 247 247 245 254 245 248 248 247 255 245 245 242 230 242 248 239 235 243 204 234 231 229 229 221 221 222 221 216 212 210 214 223 229 222 213 206 217 224 226 246 231 196 176 171 182 191 182 172 169 165 159 153 171 195 212 212 208 209 212 203 181 171 176 170 162 167 184 181 176 173 183 183 184 179 176 168 170 186 193 200 204
251 252 254 254 254 249 249 248 247 247 245 255 246 249 249 252 257 257 256 242 242 242 242 242 235 245 230 237 235 231 233 230 227 225 224 220 219 218 214 215 219 229 219 211 214 222 221 214 197 180 161 157 165 181 183 177 184 182 172 167 175 199 217 219 211 204 206 204 179 172 173 178 163 161 180 186 173 169 175 179 180 182 171 166 164 185 203 205 209
252 253 254 255 250 249 249 248 248 247 247 255 255 255 253 256 259 258 255 243 244 244 243 243 242 234 232 240 238 235 235 234 231 229 225 220 217 215 216 217 216 220 229 213 199 202 214 210 178 167 166 162 157 173 175 170 181 188 184 183 189 201 216 224 227 235 232 210 180 192 189 178 162 141 164 185 179 175 174 184 188 190 178 175 176 169 188 209 215
253 254 255 256 257 249 249 249 249 248 247 256 250 255 257 262 253 258 253 245 247 246 245 244 250 240 230 242 240 236 241 235 233 232 225 222 219 220 222 221 219 217 217 219 196 202 193 208 177 162 161 162 153 166 167 168 176 187 187 189 198 204 216 225 231 230 216 183 186 174 189 172 162 143 157 170 190 183 178 181 180 190 193 184 182 173 179 212 224
254 255 256 257 257 258 258 252 250 248 257 250 258 261 262 260 255 256 252 248 248 247 246 245 252 251 247 244 241 238 236 237 235 233 230 229 229 230 227 221 218 216 213 208 193 193 201 204 177 168 169 177 171 162 157 155 162 181 188 203 204 208 217 222 216 205 200 179 176 197 188 161 136 130 129 140 191 229 217 148 147 167 193 188 177 170 185 213 226
255 256 257 258 258 258 259 253 250 249 250 257 262 263 259 254 260 254 247 249 248 248 247 255 255 253 250 232 242 239 238 238 236 233 233 230 226 223 218 218 218 213 213 209 192 195 202 202 185 175 165 170 181 183 174 164 159 166 188 207 211 214 220 218 200 190 188 194 204 197 184 173 160 147 144 151 194 223 188 150 142 151 170 189 179 179 189 206 218
255 257 258 258 258 260 261 260 258 258 258 260 261 263 255 263 257 244 250 250 248 247 254 258 258 256 253 248 244 242 240 238 234 231 228 226 223 219 217 220 218 214 212 203 192 199 205 200 188 184 172 159 168 187 192 181 173 167 190 207 211 219 211 201 187 177 179 201 210 198 178 166 183 184 170 168 192 182 166 157 157 158 159 176 197 189 191 205 217
257 258 258 258 259 262 262 260 258 259 262 262 261 257 253 259 244 251 252 250 250 256 257 259 257 256 256 251 246 245 243 237 234 230 228 225 224 222 223 220 219 217 207 201 196 199 202 196 188 192 184 166 151 170 188 194 187 183 192 202 206 205 199 189 182 173 196 216 216 206 172 182 199 211 209 197 178 170 158 166 170 164 172 201 276 225 201 193 194
259 260 260 260 261 262 262 261 263 256 263 256 255 254 261 245 250 253 253 251 256 259 265 260 254 254 256 252 248 247 241 237 236 234 231 228 226 220 219 219 215 210 201 200 198 194 199 195 187 197 197 178 158 151 173 193 198 196 202 202 198 198 190 183 178 191 212 209 213 209 176 176 213 213 180 172 163 163 171 189 196 210 203 181 175 175 171 166 163
260 261 262 263 263 262 261 263 266 266 265 255 265 252 260 259 254 255 252 258 260 266 252 261 243 255 255 251 250 250 241 244 237 234 232 229 225 221 220 216 209 208 200 199 197 187 194 198 188 196 202 188 176 156 158 186 204 222 220 211 206 197 189 181 198 212 218 208 204 203 171 178 190 184 170 158 162 177 212 228 227 204 177 169 170 173 170 173 173
260 261 263 265 266 264 263 266 266 265 266 265 265 263 261 262 257 254 259 262 266 255 253 261 246 259 257 251 250 252 250 245 241 236 234 229 224 221 218 213 211 207 198 202 197 183 191 198 190 193 199 198 189 176 162 190 219 237 241 237 220 226 182 218 247 254 236 205 199 186 165 179 182 183 176 176 195 235 255 242 198 167 154 164 172 182 175 184 186
261 261 263 265 266 266 266 267 266 265 266 266 265 264 264 265 264 263 264 267 257 253 252 258 255 260 259 252 251 255 236 247 243 239 235 230 221 217 211 209 209 205 204 209 199 183 187 193 188 192 196 204 200 187 178 197 220 231 234 234 251 199 282 262 242 213 180 167 197 195 174 149 155 175 192 218 233 235 213 177 159 150 159 174 180 186 184 175 171
261 262 263 264 266 266 267 267 267 267 267 266 266 266 267 267 266 267 263 261 254 253 253 258 250 252 258 243 254 257 254 248 246 243 234 229 220 216 211 209 210 212 213 206 197 187 183 186 186 191 196 205 207 195 190 208 219 219 218 217 216 194 186 208 198 184 177 175 184 192 180 174 141 188 254 246 222 192 174 161 156 159 165 165 186 184 180 152 138
262 263 264 264 265 266 267 267 267 269 269 268 268 268 268 267 268 271 273 271 268 266 253 246 261 251 256 252 257 248 253 250 248 240 235 230 227 218 215 214 215 213 207 199 193 189 187 184 187 187 194 202 207 204 208 210 213 214 207 210 223 208 197 185 174 172 180 180 182 187 200 196 190 166 241 227 187 164 145 155 163 160 159 173 184 180 178 155 138
262 263 264 265 266 266 267 267 268 269 270 271 271 270 268 268 270 271 270 270 269 267 264 264 259 251 257 257 255 246 254 252 242 247 235 231 227 222 217 214 211 207 203 199 192 191 191 190 186 184 189 196 208 205 212 211 207 210 210 209 220 212 188 168 166 163 168 179 189 198 213 214 221 210 192 177 168 161 156 153 156 160 164 172 180 169 168 163 159
263 263 263 264 266 268 268 268 268 270 271 273 273 271 270 271 271 270 269 269 269 267 266 267 267 264 260 260 257 246 242 235 251 248 235 232 228 224 221 217 209 206 203 201 197 196 194 191 189 184 187 190 206 202 212 208 201 207 209 203 200 191 180 169 157 162 175 189 202 209 214 211 211 194 170 161 168 167 175 169 162 173 181 181 175 164 166 171 180
263 263 262 262 263 267 270 269 269 271 273 274 274 274 274 273 271 270 270 269 268 268 268 268 267 265 263 262 257 262 259 236 252 250 237 233 230 225 222 218 217 210 206 205 204 201 192 192 185 185 189 190 198 202 203 203 192 200 197 190 186 184 184 167 159 164 180 190 198 203 206 207 197 186 170 157 163 180 179 177 174 180 178 173 169 163 160 173 182
263 263 262 262 260 262 267 270 269 270 274 276 276 276 275 274 272 271 270 269 269 270 270 269 268 266 265 265 255 260 259 257 253 242 238 234 230 226 220 222 221 207 206 208 205 199 195 196 188 188 193 194 180 186 187 192 192 191 187 181 178 184 189 175 167 171 180 188 198 202 209 200 190 182 178 178 168 164 181 188 184 180 175 168 164 164 176 170 162
263 262 261 262 262 260 263 269 270 268 270 276 280 278 275 274 273 272 271 270 270 271 271 270 269 268 267 267 254 261 259 258 254 252 248 235 231 227 221 223 219 209 209 207 202 198 199 198 197 197 201 196 183 178 174 177 188 184 179 180 193 207 195 171 172 179 182 200 204 212 209 195 170 173 188 182 180 154 165 188 193 187 184 173 173 169 176 163 153
263 261 259 260 261 262 272 272 268 267 268 275 282 281 278 275 274 272 271 270 271 272 272 272 271 270 269 268 266 264 261 258 255 253 249 244 240 229 223 224 220 213 213 207 203 201 198 199 200 198 194 194 181 175 172 185 182 179 181 192 201 197 189 164 174 185 192 202 210 211 201 190 158 161 178 183 185 175 173 179 196 199 186 181 183 172 168 163 153
262 260 257 265 267 271 273 272 276 267 275 278 278 281 280 277 275 273 272 270 270 271 272 274 274 272 270 268 267 266 263 259 255 253 250 245 241 238 227 227 225 221 216 210 207 204 202 203 201 196 192 192 180 174 170 169 169 178 185 190 188 184 182 172 178 188 200 207 203 196 185 186 169 159 159 172 190 188 181 181 191 200 199 198 189 168 171 171 169
260 259 256 255 264 269 272 273 275 279 274 275 280 275 277 279 278 275 272 270 268 267 271 277 278 274 273 271 268 266 264 259 255 253 250 246 243 238 233 229 229 223 217 211 210 210 209 206 201 196 191 186 180 174 177 168 169 180 184 183 182 185 184 176 183 199 206 204 194 184 178 182 187 169 151 155 181 192 199 200 203 199 192 191 195 179 174 177 182
260 258 256 255 263 277 283 274 288 277 274 273 275 271 274 277 277 276 273 270 266 265 271 279 282 277 276 274 270 267 265 260 256 254 250 246 242 238 233 228 229 224 217 213 215 213 209 204 200 195 188 185 176 175 170 167 179 168 178 179 183 190 185 175 193 199 197 187 182 178 178 186 195 180 163 158 171 197 220 224 214 186 171 181 194 199 195 178 170
259 259 257 260 263 278 284 285 285 272 283 281 273 280 280 272 272 274 274 269 264 267 272 276 280 279 278 276 273 270 266 261 258 255 251 247 243 239 234 229 226 221 215 214 213 209 206 201 195 190 185 184 181 176 174 172 167 174 175 176 179 187 186 184 191 195 191 185 178 178 182 190 196 188 172 170 179 211 229 224 195 176 167 168 190 209 203 178 158
260 260 260 262 263 273 264 262 276 287 285 274 269 274 273 267 269 272 272 266 262 268 273 273 274 279 281 280 278 273 268 265 261 256 252 248 244 240 235 230 226 221 217 215 211 208 204 198 192 190 187 184 182 175 170 166 169 171 171 172 175 181 188 178 191 187 183 180 179 181 184 193 193 180 178 190 201 214 217 200 179 168 176 177 179 197 205 188 172
262 263 266 266 266 262 263 260 262 264 263 261 265 266 270 276 279 280 269 261 257 271 278 272 271 276 281 281 281 279 274 269 264 259 254 249 244 240 236 231 227 223 224 219 213 209 203 198 194 192 189 185 183 179 171 174 170 166 165 171 173 177 185 188 189 192 182 177 180 181 188 194 188 174 182 198 210 211 205 193 165 174 177 179 175 187 202 204 199
263 266 269 272 267 261 260 261 263 264 264 263 264 263 271 276 280 278 264 250 254 269 277 284 282 281 275 277 282 286 282 274 267 262 256 250 245 240 236 231 226 222 226 218 210 207 202 199 196 193 190 186 184 181 178 173 171 170 170 169 168 170 184 190 195 184 175 177 180 181 186 189 187 174 184 210 218 210 194 188 166 177 183 177 172 183 199 209 213
263 265 267 269 270 265 262 264 266 265 266 265 279 267 287 275 277 269 253 239 260 277 289 286 283 281 284 282 287 286 287 280 272 265 259 252 246 240 236 231 226 221 220 209 209 209 201 199 198 194 191 188 185 183 181 175 173 175 177 178 176 176 189 195 194 181 168 175 178 180 183 186 192 177 190 196 209 205 193 169 175 179 189 179 173 182 197 217 224
263 264 262 268 264 264 263 265 267 266 266 268 266 285 289 271 268 258 242 241 261 280 289 284 285 300 290 283 278 275 280 282 277 268 261 254 247 241 236 231 226 222 215 211 213 209 197 200 201 194 192 189 188 185 183 179 177 179 182 172 178 177 180 179 186 178 162 170 175 180 184 188 196 181 188 190 200 196 192 169 184 192 197 194 186 179 188 219 226
262 263 262 261 266 266 266 266 262 263 267 294 299 272 269 265 260 249 246 267 269 278 283 292 299 285 281 275 276 274 281 275 278 273 263 255 248 242 236 232 226 223 221 215 214 205 197 202 202 194 193 191 189 187 184 181 180 182 184 181 178 176 177 182 180 176 166 167 173 179 182 185 191 179 191 193 187 188 190 177 187 183 194 189 193 183 186 212 234
261 263 265 266 261 262 260 257 262 264 271 272 275 275 265 260 249 249 265 279 275 265 285 291 303 304 307 288 280 262 268 267 272 275 265 255 249 244 238 234 228 225 221 216 212 206 199 200 202 197 195 192 190 189 186 184 181 182 183 181 177 173 172 171 177 175 173 170 170 173 175 181 186 177 194 193 189 185 187 187 182 179 195 195 189 193 191 209 220
262 263 264 267 266 264 264 261 259 264 284 270 272 274 268 253 246 264 279 283 284 275 270 283 284 279 284 273 263 263 269 276 280 269 261 252 248 244 240 235 229 225 222 217 213 210 199 202 200 199 196 193 192 190 187 185 182 182 183 181 177 173 171 171 173 176 182 178 169 170 168 175 182 175 185 190 181 177 189 198 182 173 194 202 190 189 198 204 210
